date,hour,type,北京,天津,石家庄,唐山,秦皇岛,邯郸,保定,张家口,承德,廊坊,沧州,衡水,邢台,太原,呼和浩特,沈阳,大连,长春,哈尔滨,上海,南京,苏州,南通,连云港,徐州,扬州,无锡,常州,镇江,泰州,淮安,盐城,宿迁,杭州,宁波,温州,绍兴,湖州,嘉兴,台州,舟山,金华,衢州,丽水,合肥,福州,厦门,南昌,济南,青岛,郑州,武汉,长沙,广州,深圳,珠海,佛山,中山,江门,东莞,惠州,肇庆,南宁,海口,重庆,成都,贵阳,昆明,拉萨,西安,兰州,西宁,银川,乌鲁木齐,湘潭,株洲,包头,鄂尔多斯,营口,盘锦,泉州,莱芜,临沂,德州,聊城,滨州,淄博,枣庄,烟台,潍坊,济宁,泰安,日照,威海,东营,韶关,汕头,湛江,茂名,梅州,汕尾,阳江,清远,潮州,云浮,玉溪,菏泽,大同,长治,临汾,阳泉,赤峰,鞍山,抚顺,本溪,锦州,吉林,齐齐哈尔,牡丹江,大庆,芜湖,马鞍山,九江,洛阳,安阳,开封,焦作,平顶山,三门峡,宜昌,荆州,岳阳,常德,张家界,桂林,北海,柳州,三亚,绵阳,宜宾,攀枝花,泸州,自贡,德阳,南充,遵义,曲靖,咸阳,铜川,延安,宝鸡,渭南,金昌,嘉峪关,石嘴山,克拉玛依,库尔勒,寿光,章丘,即墨,胶南,胶州,莱西,平度,蓬莱,招远,莱州,荣成,文登,乳山,吴江,昆山,常熟,张家港,太仓,句容,江阴,宜兴,金坛,溧阳,海门,临安,富阳,义乌,诸暨,瓦房店,信阳,周口,漳州,晋城,朔州,晋中,运城,忻州,吕梁,乌海,通辽,呼伦贝尔,巴彦淖尔,乌兰察布,兴安盟,锡林郭勒盟,阿拉善盟,阜新,铁岭,四平,辽源,通化,白山,松原,白城,延边州,鸡西,鹤岗,双鸭山,伊春,佳木斯,七台河,黑河,绥化,大兴安岭地区,蚌埠,淮南,淮北,铜陵,安庆,黄山,滁州,阜阳,宿州,六安,亳州,池州,宣城,莆田,三明,南平,龙岩,宁德,景德镇,萍乡,新余,鹰潭,赣州,吉安,宜春,抚州,上饶,鹤壁,新乡,濮阳,许昌,漯河,南阳,商丘,驻马店,黄石,十堰,鄂州,荆门,孝感,黄冈,咸宁,随州,恩施州,衡阳,邵阳,益阳,郴州,永州,怀化,娄底,湘西州,梧州,防城港,钦州,贵港,玉林,百色,贺州,河池,来宾,崇左,广元,遂宁,内江,乐山,眉山,广安,达州,雅安,巴中,资阳,阿坝州,甘孜州,凉山州,六盘水,安顺,铜仁地区,毕节,黔西南州,黔东南州,黔南州,保山,昭通,丽江,临沧,楚雄州,红河州,文山州,西双版纳州,大理州,德宏州,怒江州,迪庆州,昌都地区,山南地区,日喀则地区,那曲地区,阿里地区,林芝地区,汉中,榆林,安康,商洛,白银,天水,武威,张掖,平凉,酒泉,庆阳,定西,陇南,临夏州,甘南州,海东地区,海北州,黄南州,海南州,果洛州,玉树州,海西州,吴忠,中卫,固原,吐鲁番地区,哈密地区,昌吉州,博州,阿克苏地区,喀什地区,和田地区,伊犁哈萨克州,塔城地区,阿勒泰地区,石河子,五家渠,克州,普洱,襄阳,葫芦岛,河源,揭阳,辽阳,朝阳,丹东
20190317,0,AQI,49,80,86,86,83,88,81,61,38,40,77,67,97,62,55,48,64,109,83,83,79,98,135,61,110,103,111,103,126,121,108,125,91,100,65,85,100,104,93,82,47,62,52,56,83,72,85,73,122,89,85,71,85,59,53,43,64,42,49,57,57,92,22,36,64,65,55,56,56,94,58,66,68,185,86,71,64,44,51,47,90,,100,71,100,93,101,118,102,122,87,81,82,61,81,70,78,87,76,49,68,71,61,73,74,71,103,34,74,87,58,42,58,52,37,51,71,75,65,41,80,113,63,89,94,96,64,78,60,62,45,58,45,27,48,108,61,49,58,72,56,72,93,67,56,46,44,100,70,88,79,88,67,56,96,78,166,96,109,,,,,,117,89,47,53,73,70,116,74,93,111,94,138,125,80,156,116,68,70,75,97,63,70,68,86,66,89,119,59,88,54,72,79,55,41,56,38,71,34,49,47,66,120,67,36,40,94,61,35,82,42,53,35,35,46,44,37,63,99,121,89,80,81,69,76,110,94,93,82,66,88,89,38,50,54,54,70,62,74,54,58,72,54,70,54,77,78,61,89,97,58,213,74,74,60,64,57,66,58,63,51,48,63,55,71,82,61,65,70,52,63,58,80,50,75,33,59,25,49,59,45,49,69,58,58,60,75,49,69,63,46,22,52,33,70,59,28,27,38,39,57,34,47,69,61,67,36,193,51,82,47,48,,,,38,42,,62,59,66,52,67,57,66,74,65,51,52,56,50,68,71,75,76,66,76,34,39,48,98,38,106,122,88,130,60,179,183,116,138,47,34,150,246,172,113,56,34,44,68,58,40,78
20190317,0,PM2.5,10,53,44,63,46,43,53,26,19,19,49,47,50,18,25,25,36,81,61,61,50,73,102,31,75,71,83,76,95,91,80,94,67,75,34,57,57,77,69,32,28,29,26,36,50,42,42,36,70,57,62,39,62,28,23,13,35,21,17,29,19,68,15,10,42,46,37,39,10,50,28,32,35,139,63,51,30,17,26,19,32,,61,35,64,69,64,77,66,92,56,50,56,35,57,50,28,17,19,28,16,25,43,26,53,51,46,13,41,64,30,19,34,35,18,18,51,45,43,27,52,84,38,45,70,71,40,57,29,38,26,34,31,10,33,80,43,22,40,52,26,52,69,48,39,32,23,71,39,34,40,47,20,13,39,57,62,71,57,,,,,,88,61,22,24,34,44,87,52,69,83,70,105,94,58,118,87,48,30,54,62,39,43,41,63,40,29,44,21,50,20,34,40,35,25,38,23,51,8,20,17,39,90,48,25,28,70,39,22,60,19,31,13,20,26,17,24,42,74,91,61,58,59,49,55,82,70,63,46,47,65,36,26,35,23,37,44,37,53,37,40,52,33,50,22,40,39,39,66,72,33,162,53,47,39,40,33,47,34,44,21,22,44,38,51,60,43,41,35,24,44,40,58,35,54,23,41,17,34,41,26,34,49,40,40,33,50,34,49,44,19,13,23,23,50,31,19,10,26,27,31,15,9,49,38,48,25,145,20,60,26,21,,,,18,14,,35,28,33,26,16,33,46,53,33,20,15,23,21,32,25,49,30,41,35,20,12,19,73,23,55,33,29,98,42,105,124,39,61,23,14,115,195,62,84,27,11,28,19,33,18,57
20190317,0,PM2.5_24h,22,38,31,44,31,29,39,15,16,29,42,49,21,30,29,29,22,44,41,40,44,46,45,27,58,47,38,51,54,53,48,45,44,58,50,43,60,69,44,44,30,35,34,29,44,25,24,34,39,27,40,48,59,44,30,29,43,33,38,44,32,45,30,15,41,37,28,42,12,47,34,43,30,118,61,63,34,9,17,15,25,,45,40,40,47,40,49,32,50,43,44,35,20,40,38,24,26,27,21,25,30,36,30,33,54,33,18,31,44,28,17,26,29,29,25,36,26,35,29,47,53,38,35,31,41,34,53,24,36,31,32,24,12,40,53,40,15,46,58,35,40,54,46,38,16,38,53,29,24,36,36,14,18,31,43,68,44,35,,,,,,43,34,29,20,17,22,54,37,46,44,51,67,43,48,63,55,31,38,52,49,44,30,38,46,44,27,26,34,45,10,30,36,23,21,25,14,31,5,18,20,26,38,40,31,31,43,29,28,31,18,26,11,20,30,21,34,23,55,61,61,53,38,32,57,53,52,40,42,40,42,24,27,32,25,29,36,40,46,33,38,52,39,44,31,25,31,32,55,47,50,116,38,46,30,46,43,53,41,29,44,18,57,42,42,55,51,36,36,20,39,41,51,50,42,26,45,22,49,38,24,28,44,40,35,37,46,42,42,39,15,14,19,22,27,27,18,15,25,21,36,21,14,63,38,48,25,103,27,54,45,18,,,,28,9,,32,26,31,23,28,23,30,34,19,22,26,29,20,27,31,48,30,34,29,21,12,14,30,19,28,37,18,88,36,53,118,42,50,12,11,141,180,67,67,42,22,27,27,23,17,46
20190317,0,PM10,48,108,120,119,114,123,109,70,37,39,101,82,142,71,57,47,75,120,92,73,105,105,140,70,167,154,164,114,125,139,120,139,106,147,60,117,148,109,126,62,45,72,51,60,113,62,70,93,191,126,115,89,76,65,42,36,76,37,48,61,61,96,18,35,76,75,58,57,35,136,63,80,83,239,85,87,76,43,50,46,54,,149,90,147,109,150,184,152,176,121,110,112,69,110,67,48,39,44,48,48,44,52,55,77,70,153,28,95,110,64,41,63,51,36,50,70,98,77,40,107,127,74,125,112,113,76,93,68,71,44,63,41,26,39,97,49,40,61,63,59,80,89,68,58,43,43,148,87,124,105,123,81,59,139,92,279,128,165,,,,,,150,125,46,54,93,88,126,96,117,143,113,210,145,104,129,139,84,88,97,141,73,87,73,113,79,125,185,65,123,56,92,106,57,,60,34,73,33,27,46,79,147,64,35,38,,70,34,102,41,54,29,34,45,30,36,74,134,146,126,99,87,76,91,145,136,134,112,77,114,48,35,27,55,51,87,71,96,55,58,79,56,74,56,101,103,70,103,129,64,195,87,95,68,75,61,77,64,64,50,47,66,55,87,83,58,77,88,52,63,36,68,46,65,28,48,16,,,44,48,67,52,54,68,97,39,80,67,23,,46,31,67,66,27,26,36,,51,27,31,56,51,58,28,200,49,100,46,,,,,30,14,,71,66,79,52,50,62,79,91,78,50,51,59,38,83,52,97,62,67,53,28,30,41,94,37,160,191,124,187,66,306,314,180,224,46,33,149,307,291,105,59,33,43,52,63,35,83
20190317,0,PM10_24h,62,82,88,103,69,81,84,47,46,62,90,104,69,79,67,56,51,73,71,75,100,82,85,68,123,91,94,85,87,100,95,86,81,108,87,90,108,107,90,84,55,75,61,53,101,55,57,100,114,78,92,108,81,75,45,52,79,54,66,65,61,65,43,37,64,59,46,68,33,111,82,105,65,172,83,91,63,28,38,40,58,,120,104,103,99,119,134,90,120,91,97,102,58,99,55,53,40,47,45,50,50,48,57,54,80,111,39,69,80,52,46,52,61,53,60,50,56,59,44,86,91,89,84,63,82,70,93,75,66,61,64,41,29,53,69,53,30,62,70,76,54,75,67,57,29,70,103,62,79,76,102,47,57,85,73,305,123,126,,,,,,91,80,88,51,61,65,107,89,89,99,87,121,90,72,87,97,66,81,91,107,76,58,70,94,77,88,94,81,94,39,77,95,44,28,46,24,58,24,33,59,56,68,54,52,54,,47,43,48,36,43,27,29,45,44,50,52,117,122,104,102,73,56,111,126,109,89,79,71,75,47,46,43,56,55,73,79,87,53,70,104,73,79,68,62,70,69,83,92,106,146,86,98,63,100,71,105,86,72,86,44,81,58,65,82,66,61,71,35,56,55,69,70,58,43,61,33,66,51,42,40,61,50,55,58,78,53,69,54,19,23,35,35,36,53,25,26,37,22,63,43,39,80,61,62,37,148,56,100,100,29,,,,41,13,,64,66,80,53,62,47,68,70,56,57,56,74,40,59,62,81,58,65,55,37,29,33,49,42,84,104,68,132,57,219,302,172,130,34,25,185,264,298,98,79,50,42,63,53,55,64
20190317,0,SO2,2,24,16,24,30,20,26,8,7,3,26,14,21,14,14,14,13,12,28,8,16,12,19,10,16,16,12,15,29,16,28,16,12,11,10,12,9,42,9,8,5,24,15,8,8,5,10,36,20,8,11,8,8,9,5,5,14,6,9,10,8,17,6,5,8,4,11,16,2,8,8,80,33,10,13,12,12,14,15,21,10,,19,20,17,37,39,23,13,19,24,23,8,4,15,11,9,4,4,13,8,6,17,11,12,11,19,34,28,30,23,28,18,14,18,15,11,17,7,9,40,19,15,11,12,14,8,15,10,8,7,5,11,2,11,8,12,2,4,14,25,10,7,3,5,10,14,10,21,16,9,9,6,2,64,4,11,22,19,,,,,,14,14,15,10,5,12,14,10,18,15,13,11,19,17,17,12,11,7,2,16,6,23,7,12,9,28,41,22,20,21,25,70,6,2,13,23,9,9,13,52,15,18,14,5,12,9,11,6,17,8,7,4,5,8,10,5,39,34,12,17,19,8,8,12,10,13,9,9,6,8,6,3,4,16,7,17,8,26,9,6,18,9,16,11,8,17,14,12,11,5,10,10,12,12,6,6,5,3,5,11,5,8,9,6,9,7,5,11,7,7,4,8,7,7,11,6,6,6,3,11,9,6,10,4,6,7,6,5,7,7,20,12,13,29,4,6,1,72,5,5,6,7,13,11,15,5,7,4,9,8,7,,,,4,11,,8,24,12,4,202,13,7,12,13,19,14,6,5,10,22,20,25,8,12,15,9,6,23,15,17,5,4,5,8,11,19,26,18,4,5,7,15,6,7,12,17,6,12,18,26,19
20190317,0,SO2_24h,4,17,13,32,32,23,16,9,8,7,23,16,11,24,14,28,12,12,22,8,17,12,16,11,12,13,11,15,17,14,15,13,12,11,12,11,11,25,10,8,6,14,10,9,11,5,7,14,20,9,12,13,8,8,5,6,12,8,10,12,8,15,7,4,8,5,12,12,3,8,16,24,41,7,12,12,21,9,8,16,10,,21,16,15,29,31,26,10,21,16,22,12,3,16,14,11,6,5,10,10,11,13,14,11,11,11,21,16,35,25,17,18,18,19,36,11,19,6,22,15,17,12,15,13,15,14,16,12,9,14,9,9,3,10,8,14,2,5,10,43,12,9,4,5,11,15,10,14,12,10,13,13,11,61,4,6,21,26,,,,,,13,17,20,8,8,9,17,11,19,10,15,10,14,16,14,12,11,9,4,15,8,27,8,12,10,23,34,50,31,18,27,40,9,3,11,17,6,10,11,30,19,13,16,12,14,7,11,10,10,7,5,5,8,10,12,9,27,21,15,20,26,9,7,15,6,14,11,7,8,12,7,8,8,12,9,10,20,32,21,14,24,15,18,20,11,22,12,15,12,7,11,9,17,12,23,13,9,9,7,12,3,12,15,10,15,10,6,10,8,13,4,13,10,9,10,10,6,10,3,11,10,7,7,5,10,8,7,5,7,6,19,10,14,20,4,10,1,24,15,6,7,6,12,14,10,6,7,4,12,8,7,,,,5,20,,10,23,17,8,77,12,12,13,10,16,16,16,9,12,11,17,21,11,14,28,13,6,22,13,12,8,10,5,6,7,8,16,15,4,5,12,12,6,6,15,24,8,13,17,14,27
20190317,0,NO2,39,81,47,82,80,50,73,20,40,45,47,39,66,55,64,40,53,70,83,55,113,89,138,31,107,99,111,86,75,88,85,64,50,98,26,82,75,77,57,16,25,46,24,37,93,28,19,61,92,43,75,90,63,97,22,37,72,26,46,61,28,64,30,6,59,58,21,24,9,103,35,36,62,71,50,48,60,46,33,56,18,,40,32,94,60,80,67,72,92,97,44,26,36,65,30,14,10,18,42,12,13,34,14,53,21,69,35,71,55,64,52,37,42,27,22,37,29,37,20,123,86,49,88,89,39,27,35,62,46,39,38,37,18,20,23,22,8,32,36,29,49,20,42,31,16,23,100,67,77,63,82,34,13,67,31,61,59,53,,,,,,67,62,40,32,58,45,81,68,49,59,64,70,121,62,90,85,69,26,38,134,67,40,13,32,22,75,77,68,63,66,70,74,20,5,33,37,22,27,10,28,34,55,38,21,23,39,29,21,30,4,18,9,17,12,7,8,34,43,40,96,50,43,47,68,62,83,113,103,69,73,17,23,17,33,25,49,36,42,38,15,25,23,18,33,94,75,49,49,60,24,61,41,54,34,61,17,18,36,26,52,21,47,31,54,36,41,27,43,22,18,18,22,24,21,17,16,12,25,15,38,20,24,33,33,53,63,22,50,43,3,10,15,23,20,40,16,8,22,8,8,16,9,15,7,11,12,49,8,18,11,10,,,,6,21,,43,80,49,47,19,50,63,43,69,21,11,33,15,23,20,31,21,11,11,10,7,23,86,59,88,53,61,46,17,75,,67,52,14,31,50,63,28,36,21,27,38,16,38,23,32
20190317,0,NO2_24h,36,55,38,57,55,38,42,13,24,40,44,44,38,46,36,36,36,41,47,55,67,61,74,26,53,56,58,52,47,51,44,38,32,53,39,54,40,61,42,33,30,50,38,27,71,26,30,55,46,31,52,71,69,68,27,47,62,50,57,57,33,50,32,8,46,37,20,29,11,75,48,41,44,54,54,48,38,20,23,21,23,,45,40,44,50,42,46,38,43,40,36,31,23,38,30,25,13,16,31,16,19,37,21,36,24,48,21,45,43,34,28,30,30,33,32,26,22,26,28,75,59,45,55,42,42,33,48,47,38,40,38,30,14,26,17,26,6,28,32,38,31,19,32,25,19,24,66,47,52,43,57,16,20,44,22,33,37,32,,,,,,36,43,39,26,21,27,56,49,54,49,54,48,56,40,50,44,30,32,28,80,49,31,25,27,37,48,37,48,48,28,48,48,14,13,26,12,17,18,9,21,26,32,31,26,20,20,22,20,19,8,13,13,17,22,12,18,22,44,41,42,59,44,26,60,49,33,68,38,50,47,21,26,18,36,26,26,39,52,30,28,51,37,35,31,46,49,39,39,41,46,35,42,54,30,55,30,45,33,31,31,20,49,28,35,31,39,24,34,18,21,22,21,25,19,18,20,20,31,17,29,23,36,30,35,24,46,27,34,25,4,13,14,23,16,34,20,14,26,12,11,19,9,14,26,10,11,38,9,32,23,6,,,,9,28,,29,60,40,37,23,29,28,28,44,19,19,33,23,27,27,38,21,14,18,10,13,19,35,30,43,42,35,36,20,31,40,34,38,9,30,43,43,20,36,32,29,28,29,26,15,24
20190317,0,O3,37,16,49,15,15,41,16,57,29,40,51,56,23,32,19,33,35,15,18,81,13,39,18,73,7,20,32,30,47,43,38,48,48,17,104,30,44,48,47,130,86,47,60,62,29,94,136,12,16,53,40,11,3,18,101,72,30,78,54,48,95,38,25,74,15,19,44,86,101,9,76,94,44,22,6,12,16,38,46,25,138,,73,73,14,46,24,39,27,14,15,48,77,48,45,32,128,142,109,33,127,107,51,120,32,99,33,35,20,43,22,17,37,30,47,56,37,42,23,63,10,27,31,9,13,78,95,98,23,27,50,29,33,30,59,27,30,85,46,37,69,13,8,25,51,58,30,14,29,4,26,10,55,86,24,54,44,45,51,,,,,,24,24,61,71,11,28,54,68,96,87,73,23,19,50,42,32,27,51,15,9,26,43,99,89,118,25,8,12,35,18,3,8,48,79,34,42,36,28,93,43,34,10,16,34,56,32,49,38,23,80,62,69,59,65,88,62,18,66,76,7,61,61,28,56,60,38,33,2,45,55,138,36,59,44,53,10,23,22,22,60,47,49,41,39,8,36,51,59,48,77,37,65,32,51,30,79,76,34,37,41,47,17,26,26,9,28,15,23,9,41,32,34,33,30,29,44,34,35,32,37,45,44,54,39,15,4,41,11,24,63,42,73,27,47,3,57,33,50,16,96,72,81,76,113,75,49,35,102,57,69,80,,,,66,76,,21,6,26,37,136,30,25,58,22,78,98,84,82,71,115,70,122,113,132,53,74,87,16,24,14,48,28,31,66,16,10,16,34,42,26,13,4,62,71,76,55,30,119,29,55,36
20190317,0,O3_24h,87,94,102,91,96,112,103,107,98,91,94,103,108,95,95,86,84,88,89,161,122,140,127,138,146,107,147,107,138,146,135,141,124,151,140,141,134,121,150,184,119,157,126,146,121,144,155,80,110,93,122,109,66,196,115,117,156,125,211,160,125,101,58,84,72,87,71,112,120,104,116,125,103,42,63,57,101,99,84,91,158,,145,116,116,111,112,150,93,116,133,101,139,105,135,65,142,148,145,116,130,147,98,137,104,125,92,96,129,134,99,82,89,85,86,82,102,83,90,98,131,135,99,116,119,126,120,158,125,113,116,104,94,101,75,115,58,120,106,93,119,79,65,93,94,84,123,121,124,123,115,126,125,114,113,81,133,109,109,,,,,,110,130,112,108,113,104,147,156,155,149,169,155,143,155,154,165,107,114,58,164,190,102,165,149,143,134,103,108,133,105,79,98,84,95,83,104,81,85,114,89,91,81,77,69,94,82,97,100,78,88,93,86,90,101,104,69,94,149,143,141,108,124,124,128,140,137,94,139,126,125,154,94,117,102,112,124,78,68,102,88,55,66,49,122,117,126,113,150,154,130,135,147,118,107,110,115,117,124,113,143,108,43,97,84,46,68,72,85,86,60,60,57,56,95,62,52,60,68,56,85,102,82,98,80,71,92,99,93,74,104,60,124,85,64,63,79,69,74,65,129,92,103,139,119,123,69,166,114,122,115,108,,,,85,94,,111,92,98,118,138,125,129,124,123,122,121,123,120,138,127,88,143,124,136,82,91,105,113,116,128,102,103,56,66,175,114,79,102,88,51,33,26,103,155,137,87,87,140,85,94,92
20190317,0,O3_8h,62,35,70,44,48,61,54,74,65,65,63,69,59,64,63,53,39,38,43,101,56,75,42,99,68,42,62,58,76,71,83,74,83,75,116,83,77,70,91,137,93,66,75,106,56,125,140,37,59,68,82,59,8,100,102,85,86,83,96,82,97,72,24,70,30,45,48,92,105,43,90,107,65,29,14,21,54,70,61,53,146,,81,89,56,77,73,72,39,69,60,66,97,55,91,45,132,143,130,57,120,123,64,126,62,109,41,67,74,70,57,48,50,57,59,61,57,55,40,64,37,63,55,55,65,96,99,107,61,71,76,65,59,52,61,51,39,96,64,47,77,41,32,45,58,63,46,46,65,50,66,54,92,100,60,66,87,83,70,,,,,,43,67,62,86,64,72,96,92,104,87,102,69,70,97,101,89,56,55,25,44,72,62,120,107,115,84,50,52,69,65,29,50,60,81,57,74,43,47,97,71,61,36,41,42,71,47,65,50,38,72,63,69,64,70,86,57,42,91,94,61,73,81,60,69,69,89,48,59,89,81,145,61,70,30,59,50,27,18,48,75,26,41,27,68,62,82,67,88,90,91,59,79,60,66,64,88,89,69,53,100,71,15,58,50,22,41,30,42,41,40,30,35,45,57,34,45,39,36,40,60,62,58,56,52,46,34,49,46,43,90,42,101,31,52,21,53,33,50,31,107,67,92,113,112,90,57,75,100,79,88,94,,,,75,82,,58,29,57,60,119,72,81,92,61,100,101,102,99,94,124,80,130,117,129,66,77,95,69,66,74,73,69,40,49,101,81,56,69,66,26,17,15,81,105,97,62,52,120,53,79,63
20190317,0,O3_8h_24h,76,67,93,76,82,106,85,104,94,82,83,95,99,85,88,78,77,78,80,138,107,115,101,124,133,90,129,90,117,123,120,115,110,127,128,123,117,101,137,158,103,136,112,134,106,136,147,63,98,81,108,90,36,145,106,101,121,108,148,124,111,83,46,76,55,70,64,104,111,80,102,116,94,36,34,44,90,90,79,84,152,,124,101,97,100,100,135,84,105,119,92,117,94,119,53,135,143,133,102,120,135,82,129,91,117,80,89,118,101,92,79,82,78,80,73,97,76,83,91,116,116,83,97,110,112,110,140,98,91,99,94,80,86,64,88,48,114,92,74,101,63,52,82,80,73,102,90,109,104,100,103,117,109,98,72,107,101,97,,,,,,95,114,99,96,105,99,125,134,133,130,140,140,130,133,134,153,92,93,48,136,153,94,151,131,127,124,95,95,111,97,69,92,82,89,74,101,78,82,111,86,84,72,71,63,89,77,88,89,74,86,90,82,85,96,96,64,90,129,130,128,92,109,101,94,129,125,83,129,115,114,149,81,101,87,90,103,52,39,80,78,32,48,38,104,104,110,100,128,139,112,81,132,93,94,89,98,98,96,95,133,95,33,75,72,33,55,46,64,63,54,52,46,48,78,55,46,51,53,47,79,87,69,69,64,65,73,74,77,66,97,44,114,49,58,44,64,60,61,60,117,75,99,133,116,110,65,131,109,98,102,103,,,,77,86,,89,65,77,98,119,110,114,114,113,116,112,112,109,124,126,86,136,118,129,74,88,101,105,104,117,91,96,50,57,130,89,73,92,78,41,27,20,98,148,118,71,79,130,76,92,89
20190317,0,CO,0.308,1.444,0.675,1.117,1.22,0.7,1,0.78,0.66,0.475,0.7,0.6,0.6,0.6,1.188,0.5,0.77,1.3,1.346,0.72,1.067,0.675,0.74,0.72,1.157,0.783,0.888,0.933,0.95,0.9,0.76,1.18,0.9,1.036,0.713,0.9,0.867,0.934,0.933,0.533,0.533,0.833,0.467,0.633,0.74,0.683,0.45,0.711,0.955,0.9,0.722,0.86,1.02,0.71,0.525,0.5,0.738,0.375,0.575,0.68,0.5,0.833,0.875,0.54,0.814,0.811,0.47,0.85,0.45,1,0.433,1.05,0.829,3,1.157,0.857,0.967,0.84,0.575,0.767,0.45,,0.55,0.8,0.767,1.367,1.567,0.625,0.983,1.22,1.033,1.167,0.4,0.533,0.725,0.96,0.55,0.533,0.533,0.767,0.55,0.633,0.633,0.7,1.033,0.633,0.733,1.267,1.34,1.438,0.8,0.95,1.329,0.55,0.78,0.6,0.986,0.92,0.9,0.467,1.075,0.88,0.511,0.871,1,0.9,0.683,0.575,0.9,0.76,0.567,1.033,0.95,0.6,0.775,1.05,0.783,0.65,0.55,0.733,1.26,0.75,0.775,0.575,0.533,0.8,0.9,1.16,0.65,1.325,0.875,0.55,1,0.25,1.375,0.84,0.767,1.5,0.65,,,,,,1.8,1.2,1.2,1.35,1.2,1.45,1.033,1,0.6,0.5,0.7,1.3,0.833,0.85,1.05,1.5,0.6,0.9,0.9,1.1,0.8,0.7,0.45,0.85,0.567,1.15,1.02,0.775,1,0.6,0.833,1.333,0.5,0.3,0.767,0.7,1.033,0.15,0.6,0.4,0.55,1.85,1.2,1,0.95,0.8,0.35,0.6,1.4,0.45,0.425,0.367,0.48,0.467,0.5,0.35,0.95,1.283,0.533,1.1,1.15,0.72,0.633,0.825,0.733,0.667,0.7,0.55,0.7,0.833,0.52,0.525,0.525,0.6,0.833,0.52,0.76,0.9,0.425,1.1,0.675,0.557,0.825,0.425,0.633,0.925,0.85,0.867,0.55,0.68,1.271,0.433,1.167,0.85,0.7,0.64,0.8,0.8,0.55,0.7,0.65,1.067,0.82,1.32,1.08,0.52,0.8,0.5,0.733,0.825,0.9,0.867,0.7,0.933,0.85,0.45,0.667,1,0.8,0.525,0.525,0.575,0.66,0.625,0.84,0.74,0.45,0.575,0.58,0.533,0.2,0.6,0.58,0.55,0.7,0.5,0.1,0.55,0.3,0.55,0.7,0.7,0.8,0.75,1,0.95,1.45,0.55,1.1,0.85,0.7,,,,0.767,0.5,,0.9,1.029,0.7,0.5,1.1,0.8,0.9,0.65,0.8,0.55,0.467,0.5,0.55,0.85,0.4,0.5,0.5,1,0.6,1.2,0.4,0.4,1.333,0.767,1.133,0.85,1.4,1.633,0.25,1.1,2.4,1.85,1.167,2.6,0.6,1.95,3.2,0.3,0.85,0.5,0.525,1.1,0.675,0.75,0.775,1.525
20190317,0,CO_24h,0.483,0.983,0.612,1.65,1.32,1.125,0.583,0.72,0.5,0.75,0.8,0.633,0.575,0.733,0.95,0.791,0.6,0.86,1.008,0.69,0.911,0.513,0.6,0.68,0.671,0.783,0.725,0.9,0.725,0.925,0.62,0.8,0.74,0.827,0.763,0.725,0.803,0.971,0.8,0.567,0.567,0.6,0.533,0.567,0.67,0.467,0.4,0.733,0.682,0.7,0.611,0.97,1.02,0.78,0.631,0.675,0.85,0.625,0.8,0.8,0.68,0.725,0.85,0.64,0.736,0.6,0.43,0.85,0.45,0.738,0.917,1.625,1.143,2.286,1.071,0.786,0.867,0.52,0.375,0.633,0.425,,0.7,0.767,0.633,1.167,0.917,0.62,0.567,0.78,0.733,0.733,0.367,0.367,0.675,1,0.617,0.633,0.567,0.7,0.633,0.733,0.633,0.8,0.8,1,0.733,0.917,1.02,1.1,0.7,0.6,0.943,0.683,1.48,0.72,0.757,0.64,0.68,0.4,0.775,0.76,0.556,0.657,0.72,0.733,0.683,0.675,0.65,0.72,0.667,0.95,0.86,0.675,0.8,0.875,0.8,0.65,0.5,0.733,1.26,0.625,0.625,0.55,0.533,0.5,1.2,0.88,0.525,0.925,0.9,0.6,0.667,0.45,1.45,0.68,0.567,1.05,0.75,,,,,,1,0.9,1.2,0.9,0.75,0.9,0.867,0.95,0.55,0.45,0.65,1.15,0.7,0.75,0.9,1.25,0.55,0.9,0.8,0.75,0.8,0.6,0.525,0.775,0.7,1.517,0.68,1.225,2.1,0.467,0.867,1.233,0.433,0.4,0.667,0.25,0.433,0.1,0.467,0.48,0.575,0.733,0.9,0.8,0.9,0.7,0.35,0.567,0.725,0.575,0.625,0.333,0.44,0.6,0.567,0.45,0.65,0.783,0.567,0.733,1.033,0.72,0.533,0.825,0.5,0.533,0.6,0.45,0.633,0.667,0.5,0.575,0.65,0.675,0.933,0.44,1.16,0.917,0.4,1.1,0.8,0.729,0.96,0.5,0.5,0.925,0.825,0.8,0.5,0.88,0.843,0.467,1.2,0.825,0.733,0.68,1.05,0.8,0.5,0.733,0.55,1.083,0.98,1.04,1.04,0.6,0.8,0.6,0.733,0.9,0.9,1.233,0.75,0.833,0.75,0.6,0.667,1,0.8,0.475,0.525,0.6,0.68,0.6,0.783,0.66,0.5,0.5,0.56,0.533,0.1,0.68,0.62,0.525,0.75,0.5,0.1,0.5,0.2,0.65,0.65,0.667,0.9,0.85,0.833,1,1.2,0.6,1.05,0.9,0.5,,,,1.1,0.6,,1.025,0.986,0.7,0.45,0.6,0.667,0.65,0.5,0.65,0.6,0.633,0.75,0.55,1.15,0.6,0.6,0.6,0.4,0.7,1.2,0.5,0.3,0.733,0.633,0.733,1,1.4,1.5,0.35,0.5,1.1,0.75,1.233,1.8,0.4,1.6,2.7,0.1,0.8,0.55,0.725,0.933,0.775,0.825,0.775,1
20190317,1,AQI,52,83,90,84,90,87,86,59,33,44,77,63,95,63,60,51,57,113,78,85,84,100,124,64,121,100,99,108,119,126,110,122,92,96,58,84,105,99,97,68,46,55,42,58,88,61,81,77,124,86,90,74,86,59,50,40,62,39,44,57,55,83,23,38,63,65,59,59,54,100,60,66,61,170,87,72,63,37,54,55,81,,96,69,108,103,102,116,99,128,97,83,88,61,92,65,71,77,57,49,62,57,58,54,73,75,100,34,77,86,64,48,58,56,36,52,61,71,65,44,85,113,64,98,109,99,63,77,67,63,45,59,43,34,46,108,56,47,61,82,52,73,92,67,50,43,29,100,65,94,80,83,68,46,109,71,182,92,75,,,,,,99,86,61,51,85,72,126,68,104,113,94,130,143,81,168,124,67,67,71,77,64,58,58,86,63,102,112,58,82,60,77,96,51,40,56,33,63,23,48,54,72,141,80,45,40,98,62,32,72,50,49,33,33,38,49,34,60,103,99,92,79,75,58,77,111,98,82,81,62,77,79,43,35,45,55,66,54,71,55,58,67,53,60,53,82,77,60,88,87,54,214,72,76,58,64,57,59,60,56,58,47,65,55,78,83,63,64,64,46,59,56,81,54,75,28,48,26,48,46,44,49,63,58,56,54,71,38,65,66,30,28,42,33,70,57,35,20,45,36,52,36,39,69,60,78,32,170,54,80,49,40,,,,36,39,,60,65,65,54,66,56,68,87,59,52,59,57,36,54,65,68,73,62,81,28,38,55,108,42,116,80,87,178,56,156,350,126,112,54,32,158,235,170,100,55,37,41,70,54,35,76
20190317,1,PM2.5,15,56,61,61,52,47,61,26,18,23,56,44,53,21,31,25,29,84,57,62,52,75,93,34,77,71,74,80,89,95,82,92,68,71,36,55,64,74,72,36,27,29,19,36,52,43,38,42,71,54,64,41,63,26,24,14,36,21,17,29,21,61,16,10,42,46,41,41,11,56,28,32,36,128,64,52,33,13,30,14,30,,71,37,75,76,67,64,62,97,64,56,64,33,68,46,28,18,22,28,19,26,40,28,52,54,54,19,42,63,30,22,35,39,21,25,43,47,42,25,56,84,37,50,81,74,38,56,28,42,23,35,29,12,32,80,39,23,43,60,28,52,68,48,35,30,20,75,37,28,38,39,22,14,32,51,80,67,31,,,,,,74,61,43,18,37,40,95,48,77,84,70,98,109,56,127,93,47,29,50,47,36,40,28,63,43,35,46,20,57,26,29,41,31,21,38,22,44,10,21,12,43,107,58,31,21,73,42,20,52,20,26,11,18,26,10,21,42,76,74,61,53,54,37,56,83,73,58,53,41,40,34,25,24,21,35,43,32,51,38,40,48,30,42,20,44,41,41,65,64,26,163,52,50,30,39,35,41,33,36,28,21,46,37,57,61,44,38,35,21,41,39,59,37,54,19,33,18,33,32,25,31,44,40,39,27,50,26,46,47,17,12,21,20,50,30,16,7,26,25,27,11,10,49,42,57,22,128,21,58,25,18,,,,19,13,,33,30,31,26,15,32,38,64,28,19,15,29,20,25,26,46,24,39,38,17,11,21,80,22,54,30,32,134,37,95,183,42,56,20,11,120,184,65,75,30,10,27,23,28,18,55
20190317,1,PM2.5_24h,21,39,32,46,32,30,40,15,16,29,43,49,21,30,28,28,23,43,41,41,45,48,48,28,59,48,40,53,56,56,51,48,45,59,49,43,60,70,46,43,29,35,33,30,43,26,25,33,41,29,42,47,59,44,29,28,43,32,37,43,31,52,30,14,41,37,29,41,12,47,33,43,31,119,61,59,32,9,18,15,25,,47,41,41,49,41,51,34,53,45,45,37,20,43,39,24,25,26,21,24,30,36,29,34,54,35,18,31,45,28,17,26,29,28,25,35,28,35,29,48,54,38,35,34,43,34,53,25,36,30,32,26,11,41,54,40,16,45,58,34,41,55,45,38,17,37,55,29,25,36,36,15,17,31,44,69,46,36,,,,,,45,36,30,20,19,23,57,39,48,46,52,68,46,49,65,57,32,37,52,49,44,31,37,47,44,28,27,33,45,11,30,35,24,20,26,14,31,6,18,19,26,42,40,31,30,44,29,28,32,18,26,11,20,30,19,35,23,55,61,61,53,39,33,58,54,53,40,43,40,42,25,27,32,25,30,35,40,46,33,38,52,38,44,31,26,32,33,56,48,49,116,39,46,30,46,42,52,41,29,43,18,56,41,42,56,51,35,35,20,39,41,52,50,43,26,44,22,51,38,23,27,44,41,36,36,45,41,42,39,15,13,19,22,27,27,18,14,26,21,36,21,14,63,37,49,25,104,27,53,44,18,,,,28,9,,32,26,31,23,27,23,30,36,20,21,26,29,20,27,30,48,30,34,29,21,12,14,32,20,29,37,19,89,36,53,106,41,49,13,11,141,182,67,67,42,22,27,26,23,18,47
20190317,1,PM10,51,114,127,116,128,122,120,66,32,43,98,73,138,73,68,50,62,120,83,75,115,104,135,75,189,149,142,119,128,145,149,139,114,138,64,116,158,113,130,68,45,58,41,64,123,55,69,101,196,119,128,96,77,66,45,36,72,29,43,61,57,92,20,37,74,75,60,58,32,147,68,79,70,207,94,88,73,36,55,57,51,,127,86,164,110,151,179,145,181,141,114,123,69,117,71,49,47,49,48,44,38,53,55,94,66,147,33,101,111,75,47,63,59,35,52,60,90,78,43,117,128,75,143,130,120,73,83,81,73,44,66,42,33,40,105,55,46,59,73,52,94,89,66,41,38,26,144,77,136,108,114,84,45,166,90,311,132,98,,,,,,127,120,52,50,118,91,130,83,127,132,111,181,176,109,143,137,81,82,89,102,76,56,64,120,73,151,171,64,112,67,101,139,50,,59,32,69,22,34,56,91,163,75,35,39,,71,31,76,49,48,32,32,33,27,33,51,133,125,132,105,82,64,95,150,125,111,109,71,101,54,42,30,44,57,80,56,90,55,53,73,53,67,54,111,102,68,97,119,56,192,77,99,63,75,62,66,67,59,63,46,75,57,95,80,59,75,75,45,54,40,68,44,74,26,38,,37,,43,48,65,52,48,56,89,29,73,64,18,13,41,32,64,61,21,19,39,,52,24,34,53,59,61,20,181,38,93,48,,,,,35,14,,68,78,77,56,37,60,83,102,66,51,66,62,35,56,38,84,53,72,52,25,34,58,118,41,179,107,122,179,59,259,459,199,171,55,31,146,307,287,112,58,36,40,58,56,34,81
20190317,1,PM10_24h,61,85,89,106,71,82,86,47,45,61,91,104,69,79,66,54,52,71,71,76,100,83,88,69,126,93,97,87,89,102,99,90,82,109,84,91,108,108,93,82,53,74,61,55,99,55,57,98,117,82,94,106,79,75,44,51,79,53,65,65,60,71,42,38,64,59,46,66,32,112,81,104,65,175,83,87,62,29,39,41,58,,122,104,104,100,120,137,93,125,93,98,100,59,103,55,53,40,47,45,50,50,49,57,55,78,113,38,71,81,53,47,52,60,51,60,50,58,60,43,87,92,88,86,66,84,70,93,75,66,59,63,41,28,53,69,53,31,61,70,75,55,76,67,56,30,70,106,63,81,76,103,48,57,86,74,305,126,125,,,,,,94,83,89,50,64,65,109,89,92,101,89,123,94,74,89,98,67,81,92,108,76,59,70,96,77,90,98,79,95,41,78,96,44,28,46,24,57,24,32,58,57,70,54,51,53,,48,42,49,36,43,27,29,44,44,49,52,116,122,106,102,74,57,112,126,110,89,80,71,75,47,46,42,56,55,72,77,88,53,69,101,72,77,67,64,70,69,84,94,104,147,88,98,63,98,71,103,84,72,84,44,80,55,66,82,65,61,71,36,56,55,69,70,59,42,60,24,64,52,42,40,62,51,55,58,77,52,69,54,19,22,36,35,37,53,25,24,37,22,63,42,39,79,61,62,37,149,55,98,97,29,,,,40,13,,63,64,79,53,60,47,69,72,56,56,57,74,40,58,60,81,58,66,55,37,29,34,51,42,88,106,71,136,57,218,308,172,127,35,26,183,269,295,98,78,50,42,62,53,56,64
20190317,1,SO2,2,24,18,31,31,21,18,7,8,3,28,15,19,18,14,15,10,11,31,8,15,11,19,13,17,17,11,15,25,16,28,15,11,10,11,12,9,31,8,8,5,23,16,7,9,5,8,31,17,7,11,9,8,9,5,5,14,6,11,10,8,17,6,5,8,4,9,18,3,8,10,23,30,7,13,12,14,16,13,15,10,,28,29,22,35,49,20,13,16,26,32,7,4,20,13,10,4,6,12,9,8,18,10,11,12,17,42,30,24,23,26,18,15,17,21,9,15,8,9,41,21,14,10,13,14,9,14,10,7,7,5,12,2,11,11,13,2,4,13,16,12,8,3,6,9,14,9,19,14,9,9,5,2,64,4,11,20,20,,,,,,20,12,20,10,4,8,14,11,17,12,13,7,19,18,13,11,11,7,2,17,5,17,6,12,9,32,42,21,36,25,23,69,9,1,13,21,7,7,14,13,17,11,17,4,10,6,12,6,14,10,7,4,6,8,8,5,26,30,13,14,23,8,8,11,8,15,7,7,6,8,6,3,4,14,7,11,8,26,9,6,17,9,13,9,8,18,18,11,8,5,10,6,10,12,5,6,5,3,5,12,5,9,8,6,10,7,4,7,7,7,4,7,9,7,10,7,7,6,2,13,8,8,7,4,6,9,4,5,7,6,22,14,11,28,4,6,2,134,6,5,7,6,12,15,14,5,6,4,8,8,8,,,,4,8,,9,27,12,5,256,14,5,12,11,11,9,8,5,7,16,14,28,9,12,14,10,6,22,18,17,5,5,6,7,11,16,35,14,4,4,6,18,6,7,13,32,6,10,18,30,17
20190317,1,SO2_24h,3,17,13,33,33,23,16,9,8,7,23,16,12,24,14,26,12,12,23,8,17,12,16,11,12,13,11,15,17,15,16,13,12,11,12,11,11,26,10,8,6,14,11,9,11,5,7,15,20,9,12,13,8,8,5,6,12,8,10,12,8,15,7,4,8,5,12,12,3,8,16,24,41,7,12,12,20,9,8,17,10,,22,16,15,30,31,22,11,21,16,22,12,3,17,14,11,6,5,10,10,10,13,14,11,11,12,22,16,35,26,17,18,18,19,35,11,18,7,22,16,17,12,15,13,14,13,16,12,8,14,9,8,3,10,9,15,2,5,10,42,12,9,4,5,10,15,10,14,12,10,13,13,11,61,4,6,21,26,,,,,,13,17,20,8,8,10,18,11,19,11,15,10,15,17,14,13,11,9,4,15,7,27,8,12,10,24,34,48,31,19,27,42,9,3,11,17,6,10,11,28,18,13,16,11,14,7,11,10,11,7,5,5,8,10,12,9,27,21,14,20,27,9,7,15,6,14,11,7,8,13,7,8,8,13,9,11,20,32,20,14,24,15,19,20,11,22,12,15,12,7,11,9,17,12,22,13,9,9,7,12,3,12,14,9,15,10,6,10,8,13,4,13,10,9,10,10,7,10,3,11,10,7,7,5,10,8,7,5,7,6,20,11,14,20,4,10,1,28,15,6,7,6,12,13,10,6,7,4,12,8,7,,,,5,20,,9,22,17,8,86,12,12,13,10,16,15,16,9,12,11,17,21,11,14,28,13,6,22,13,12,8,10,5,6,7,8,17,14,4,5,12,13,6,6,15,25,8,13,18,15,27
20190317,1,NO2,48,80,47,85,79,40,72,14,32,54,44,32,76,63,67,45,40,68,83,57,108,86,132,38,107,97,96,76,78,100,89,61,49,92,27,85,81,87,59,19,25,41,27,36,95,26,16,54,93,37,98,88,61,86,22,36,65,25,40,63,33,69,29,5,54,57,22,27,8,100,50,29,55,73,50,46,61,46,39,55,18,,53,39,98,66,91,46,74,88,101,53,16,30,67,29,14,9,16,41,11,12,38,19,49,22,75,45,69,56,64,42,36,44,28,25,35,24,34,18,124,91,50,84,86,33,24,29,66,46,33,46,36,16,19,24,22,6,31,33,26,48,21,42,18,17,21,92,60,71,56,74,34,10,59,26,81,70,69,,,,,,58,49,85,25,47,41,86,,49,49,58,67,130,72,86,79,70,17,35,88,72,40,12,30,24,75,72,62,59,58,66,59,17,4,42,50,21,25,10,24,47,49,30,18,19,38,20,18,26,6,14,16,15,13,6,7,19,54,56,87,56,44,23,69,54,76,102,97,44,50,15,19,16,25,18,38,35,39,31,19,20,24,13,39,87,73,51,42,33,25,65,30,51,30,67,18,17,40,22,46,28,47,32,67,34,36,30,41,18,15,18,21,22,23,18,15,10,16,14,43,17,29,26,40,48,55,20,40,26,4,5,10,19,18,36,12,6,20,13,8,16,10,12,10,9,10,37,8,20,9,7,,,,8,18,,38,80,49,49,19,42,50,69,67,22,13,44,22,31,16,26,22,10,10,10,8,21,89,70,85,43,72,47,11,75,99,83,50,12,26,53,49,26,46,20,38,27,14,29,27,30
20190317,1,NO2_24h,36,56,38,59,56,37,44,13,24,40,45,44,39,46,36,35,36,40,47,55,67,62,78,27,54,58,60,53,49,54,46,39,33,54,37,54,40,61,44,31,30,49,36,27,70,25,28,53,49,32,54,70,68,69,24,46,62,48,56,56,32,56,32,8,46,37,20,28,11,76,46,40,44,55,54,47,38,21,24,23,22,,46,39,46,51,44,47,39,45,43,38,31,24,40,30,24,12,16,31,16,18,37,20,37,24,49,23,45,43,35,29,30,30,32,31,26,23,26,27,75,60,45,55,43,42,32,46,48,38,38,37,31,14,26,17,25,6,28,32,37,32,19,32,25,19,24,67,47,52,42,58,17,18,44,22,35,39,34,,,,,,37,44,42,26,22,27,58,51,55,49,55,49,60,42,50,44,32,31,28,80,49,32,24,27,35,48,39,48,48,29,48,47,14,13,26,13,17,17,9,20,26,32,30,25,19,21,21,19,19,8,13,13,16,21,12,18,22,44,41,44,59,44,26,60,47,34,67,41,48,47,20,25,18,36,26,26,39,51,30,27,49,36,33,31,48,49,40,39,40,44,36,42,53,31,54,30,44,31,30,30,19,49,27,35,31,39,24,34,18,21,22,22,25,19,18,20,17,24,17,29,22,35,31,36,25,46,26,34,25,4,14,14,23,16,34,20,14,25,11,11,19,9,14,23,10,11,38,9,32,22,6,,,,8,27,,29,59,40,37,23,29,29,30,44,18,19,32,22,27,26,36,21,14,17,10,13,19,38,31,45,42,35,37,19,33,42,35,36,9,30,44,43,20,36,31,29,28,28,26,16,24
20190317,1,O3,24,16,49,12,11,50,17,62,35,27,49,62,5,24,14,25,45,13,15,73,12,34,13,68,3,20,39,34,34,28,32,47,50,14,95,21,36,35,33,120,81,47,52,57,20,83,135,12,14,54,15,9,3,22,99,78,32,77,54,47,79,26,25,71,17,17,36,81,103,7,56,97,45,23,5,12,12,35,35,24,136,,59,64,8,42,13,59,13,15,6,40,78,54,38,31,123,131,107,28,113,107,44,102,29,93,29,20,20,39,20,20,35,23,40,51,37,47,22,60,7,17,31,10,9,82,97,94,16,20,49,19,33,32,56,30,28,87,48,37,68,7,8,27,64,55,27,18,31,4,28,15,51,89,25,56,21,33,20,,,,,,31,25,22,85,18,32,39,55,85,83,66,3,9,38,36,40,25,53,13,27,20,39,99,79,112,20,7,12,36,26,3,19,52,79,24,27,35,31,95,45,27,6,22,35,57,31,53,39,27,75,60,56,63,60,96,62,32,57,55,11,56,51,38,48,61,42,36,14,60,69,133,36,60,57,56,9,19,24,25,54,59,47,45,24,7,33,44,61,79,72,30,69,32,49,28,72,77,14,37,41,29,16,21,9,11,30,13,22,10,41,31,32,33,25,26,46,34,41,32,31,44,34,60,26,17,3,41,20,44,59,54,77,29,43,4,69,34,50,17,93,70,76,74,102,77,51,40,103,52,64,79,,,,58,77,,22,6,22,32,114,34,30,26,20,68,94,54,67,57,116,70,126,112,136,54,74,94,8,14,14,53,17,30,71,18,7,4,32,39,31,8,11,54,51,72,41,42,122,38,48,33
20190317,1,O3_24h,87,94,102,91,96,112,103,107,98,91,94,103,108,95,95,86,84,94,89,161,122,140,127,138,146,107,147,107,138,146,135,141,124,151,140,141,134,121,150,184,119,157,126,146,121,144,155,80,110,93,122,109,66,196,116,117,156,125,211,160,125,114,57,84,72,87,70,111,120,104,116,125,103,42,63,57,101,99,84,91,158,,145,116,116,111,112,146,93,116,133,101,139,105,135,65,142,148,145,116,130,147,98,137,104,125,92,96,129,134,99,82,89,85,86,82,102,83,90,98,131,135,99,116,119,126,120,158,125,113,116,104,94,101,74,115,58,120,106,93,119,79,65,93,94,84,123,121,124,123,115,126,125,114,113,81,133,109,109,,,,,,110,130,112,108,113,104,147,113,155,149,169,155,143,155,154,165,107,114,58,164,190,102,165,149,143,134,103,108,133,105,79,98,84,95,83,104,81,85,114,89,91,82,77,69,94,82,97,100,78,88,93,86,90,101,104,69,94,149,143,141,108,124,124,128,140,137,94,139,126,125,154,94,117,102,112,124,78,64,102,88,60,67,53,122,117,126,113,150,154,130,135,147,118,107,110,115,117,124,113,143,108,43,97,84,46,68,72,85,86,60,59,56,54,95,62,52,60,70,51,85,102,82,98,80,71,92,99,93,74,104,72,124,85,64,63,79,69,74,65,129,92,103,139,119,123,69,166,114,122,115,108,,,,85,94,,111,92,98,118,138,125,129,124,123,122,121,123,120,138,127,88,143,124,136,82,91,105,113,116,128,102,103,56,71,175,122,79,102,88,51,33,26,103,155,137,87,87,140,85,94,92
20190317,1,O3_8h,24,13,49,12,11,50,17,62,35,27,49,62,5,24,14,25,45,13,15,73,12,34,13,68,3,20,39,33,34,28,32,47,50,14,95,21,30,32,33,120,81,47,52,57,20,83,135,12,14,54,15,9,3,22,99,78,32,77,54,47,79,26,25,71,17,21,36,81,103,7,57,97,45,23,5,12,12,35,35,24,136,,59,64,8,42,13,59,13,15,6,40,78,54,38,31,123,131,107,28,113,107,44,102,29,93,29,20,20,28,20,20,35,23,40,51,37,47,22,60,7,17,41,10,9,82,97,94,16,20,49,19,33,32,56,30,28,87,48,37,68,7,8,27,64,55,27,18,31,4,28,15,51,89,25,56,21,33,20,,,,,,31,25,22,85,18,32,39,55,85,83,66,3,9,38,36,40,29,53,13,27,20,39,99,79,112,20,7,12,36,26,3,19,52,79,24,27,35,31,95,45,27,6,22,35,57,31,53,39,27,75,60,56,63,60,96,62,32,57,55,11,56,51,38,34,61,42,36,14,60,69,133,36,60,57,56,9,19,22,25,54,59,47,45,24,7,33,44,61,79,72,31,69,24,49,28,73,77,14,37,41,29,16,21,9,11,30,13,22,10,41,31,32,33,25,26,46,34,41,32,31,44,34,46,26,17,3,41,20,44,59,54,77,29,43,4,69,34,50,17,93,70,76,74,102,77,51,40,103,52,64,79,,,,56,77,,22,9,22,32,114,34,30,26,20,68,94,54,67,57,116,70,126,112,136,54,74,94,8,14,14,53,17,30,71,18,7,4,32,39,31,8,11,54,51,72,41,42,122,38,48,33
20190317,1,O3_8h_24h,24,13,49,12,11,50,17,62,35,27,49,62,5,24,14,25,45,13,15,73,12,34,13,71,3,20,39,33,34,28,32,47,50,14,95,21,33,37,33,120,81,47,52,57,20,83,135,12,14,54,15,9,3,22,99,78,32,77,54,47,79,26,25,71,18,21,36,82,103,7,58,97,45,23,5,12,12,35,35,24,136,,59,64,8,42,13,59,13,15,6,40,78,54,38,31,123,131,107,28,113,107,44,102,29,93,29,20,20,28,20,20,35,23,40,51,37,47,22,60,7,17,41,10,9,82,97,94,16,20,49,19,33,32,56,30,28,87,48,37,68,7,8,27,64,55,27,18,31,4,28,15,51,89,25,56,21,33,20,,,,,,31,25,22,85,18,32,39,60,85,83,66,3,9,38,36,40,39,53,13,27,20,39,99,79,112,20,7,12,36,26,3,19,52,79,24,27,35,31,95,45,27,6,22,35,57,31,53,39,27,75,60,56,63,60,96,62,32,57,55,11,56,51,38,34,61,42,36,14,60,69,133,36,60,57,56,9,19,24,25,54,59,50,45,24,7,33,44,61,79,72,35,69,27,49,28,74,77,14,37,41,29,16,21,9,11,30,13,22,10,41,31,32,33,25,26,46,34,41,32,31,44,34,46,26,17,3,41,20,44,59,54,77,29,43,4,69,34,50,17,93,70,76,74,102,77,51,40,103,52,64,79,,,,56,77,,22,13,22,32,114,34,30,26,20,68,94,54,67,57,116,70,126,112,136,54,74,94,8,14,14,53,17,30,71,18,7,4,32,39,31,8,11,54,51,72,41,42,122,38,48,33
20190317,1,CO,0.35,1.4,0.813,1.267,1.38,0.65,0.833,0.7,0.6,0.525,0.7,0.6,0.675,0.589,1.113,0.518,0.64,1.289,1.246,0.73,1.078,0.663,0.7,0.82,1.3,0.867,0.863,0.9,0.925,0.95,0.88,1,0.86,1.064,0.738,0.9,0.917,0.934,0.933,0.567,0.533,0.8,0.467,0.567,0.8,0.683,0.45,0.733,0.945,0.889,0.778,0.88,1.04,0.68,0.533,0.5,0.75,0.375,0.55,0.66,0.56,0.8,0.888,0.54,0.791,0.744,0.51,0.913,0.417,0.985,0.617,0.775,0.8,2.6,1.1,0.986,1.133,1.04,0.475,0.667,0.45,,0.625,0.867,0.867,1.333,1.95,0.6,1.083,1.42,1.133,1.833,0.35,0.5,0.9,0.9,0.533,0.533,0.5,0.733,0.6,0.633,0.667,0.733,0.933,0.633,0.767,1.383,1.4,1.413,0.7,0.85,1.3,0.617,0.8,0.62,0.871,0.82,0.84,0.42,1.3,0.86,0.489,0.829,1.06,0.9,0.65,0.575,0.85,0.74,0.567,1.033,0.875,0.55,0.775,1.05,0.733,0.65,0.475,0.717,0.8,0.775,0.725,0.55,0.467,0.517,1,1.06,0.575,1.175,0.825,0.425,0.9,0.3,1.425,0.84,0.8,1.35,0.7,,,,,,1.65,1.1,1.6,1.25,1.1,1.35,1.033,1.1,0.6,0.5,0.7,1.15,0.967,0.95,0.9,1.4,0.55,0.8,0.8,0.75,0.8,0.75,0.45,0.825,0.633,1.433,0.84,0.775,1.36,0.6,0.8,1.167,0.9,0.3,0.8,0.45,1.033,0.1,0.633,0.36,0.525,1.45,1.15,0.75,0.95,0.7,0.35,0.533,1.2,0.6,0.425,0.4,0.38,0.5,0.467,0.4,0.75,1.133,0.567,0.967,1.3,0.78,0.533,0.725,0.7,0.6,0.625,0.5,0.733,0.7,0.54,0.475,0.55,0.55,0.8,0.48,0.72,0.817,0.45,1.08,0.65,0.529,0.9,0.45,0.767,0.925,0.875,0.867,0.425,0.68,1.271,0.333,1.117,0.8,0.733,0.64,0.8,0.85,0.475,0.7,0.6,1.033,0.82,1.36,1.06,0.52,0.76,0.52,0.733,0.775,0.967,0.9,0.7,0.933,0.8,0.45,0.65,0.75,0.8,0.525,0.5,0.575,0.64,0.625,0.78,0.78,0.45,0.55,0.52,0.533,0.3,0.6,0.56,0.575,0.65,0.5,0.1,0.65,0.3,0.55,0.75,0.7,0.75,0.8,0.933,0.95,1.35,0.55,1,0.8,0.7,,,,0.8,0.5,,0.9,1.014,0.6,0.5,1.2,0.867,0.7,0.75,0.6,0.45,0.467,0.7,0.55,0.9,0.3,0.5,0.6,0.9,0.6,1.3,0.5,0.3,1.5,0.733,1.167,0.75,1.8,1.7,0.2,1.7,2.8,2.45,1.267,2.4,0.5,1.9,3.8,0.3,0.85,0.475,0.625,0.967,0.625,0.775,0.875,1.475
20190317,1,CO_24h,0.475,1.028,0.625,1.667,1.32,1.125,0.617,0.7,0.5,0.725,0.8,0.633,0.575,0.744,0.95,0.782,0.6,0.867,1,0.69,0.922,0.513,0.62,0.68,0.686,0.783,0.737,0.9,0.725,0.925,0.62,0.86,0.74,0.827,0.75,0.725,0.803,0.971,0.8,0.567,0.567,0.6,0.533,0.567,0.66,0.467,0.4,0.733,0.718,0.722,0.633,0.98,1.01,0.75,0.633,0.675,0.825,0.6,0.775,0.8,0.68,0.767,0.863,0.62,0.736,0.611,0.43,0.838,0.45,0.746,0.9,1.6,1.129,2.286,1.071,0.729,0.867,0.58,0.375,0.633,0.4,,0.7,0.767,0.633,1.167,0.983,0.625,0.567,0.78,0.767,0.767,0.35,0.4,0.7,0.98,0.617,0.633,0.567,0.7,0.633,0.733,0.633,0.767,0.8,1,0.733,1,1.02,1.1,0.7,0.625,0.943,0.683,1.4,0.72,0.743,0.66,0.68,0.4,0.775,0.76,0.556,0.657,0.74,0.767,0.7,0.675,0.675,0.72,0.667,0.95,0.925,0.65,0.8,0.9,0.8,0.65,0.475,0.733,1.26,0.625,0.65,0.55,0.533,0.5,1.2,0.88,0.55,0.925,0.888,0.6,0.7,0.45,1.425,0.66,0.567,1.05,0.75,,,,,,1,0.9,1.3,0.9,0.75,0.95,0.867,0.95,0.55,0.45,0.65,1.15,0.733,0.75,0.9,1.25,0.55,0.9,0.8,0.75,0.8,0.6,0.525,0.775,0.7,1.567,0.68,1.175,2.1,0.467,0.867,1.2,0.467,0.4,0.667,0.25,0.467,0.1,0.467,0.48,0.575,0.8,0.9,0.8,0.9,0.7,0.35,0.567,0.725,0.55,0.625,0.333,0.44,0.6,0.567,0.45,0.65,0.783,0.533,0.733,1.033,0.7,0.533,0.825,0.533,0.533,0.6,0.45,0.633,0.667,0.5,0.575,0.625,0.675,0.933,0.46,1.14,0.917,0.42,1.1,0.8,0.714,0.9,0.5,0.5,0.9,0.825,0.8,0.5,0.84,0.843,0.5,1.183,0.825,0.733,0.68,1.05,0.8,0.525,0.733,0.6,1.083,0.96,1.04,1.04,0.6,0.8,0.6,0.733,0.9,0.9,1.267,0.725,0.833,0.75,0.6,0.7,0.9,0.8,0.5,0.525,0.575,0.68,0.625,0.783,0.64,0.475,0.5,0.56,0.533,0.3,0.68,0.64,0.525,0.75,0.5,0.1,0.5,0.2,0.65,0.65,0.667,0.9,0.8,0.833,1,1.25,0.6,1.05,0.85,0.5,,,,1.1,0.6,,1.025,0.986,0.7,0.45,0.6,0.667,0.65,0.5,0.6,0.6,0.633,0.75,0.55,1.15,0.6,0.6,0.6,0.5,0.7,1.2,0.5,0.3,0.767,0.667,0.733,1,1.4,1.5,0.35,0.55,1.1,0.8,1.167,1.9,0.4,1.65,2.7,0.1,0.8,0.55,0.725,0.933,0.775,0.825,0.775,1.05
20190317,2,AQI,57,86,100,93,91,82,83,58,33,46,82,62,90,62,62,49,54,113,70,88,87,105,119,68,115,99,99,113,131,143,103,114,91,88,61,83,104,100,94,66,48,57,43,53,81,60,81,75,114,84,98,71,86,60,49,40,61,37,43,61,60,78,21,39,63,65,58,60,53,102,64,62,57,141,91,76,65,44,57,52,77,,104,79,117,96,122,123,100,124,119,96,89,59,89,64,70,75,56,46,60,56,58,57,78,76,103,50,75,76,66,52,58,60,46,53,59,71,60,39,85,115,59,98,120,91,68,78,69,59,46,59,45,30,43,105,53,48,60,96,59,78,85,71,44,40,41,110,60,96,72,68,68,50,61,75,333,94,100,,,,,,87,85,77,45,77,73,137,85,111,111,108,130,143,76,171,100,66,64,67,84,59,55,51,84,65,96,104,56,88,60,77,96,45,40,53,29,56,19,49,52,65,138,88,42,40,82,66,29,67,44,42,31,33,35,48,53,45,100,105,88,89,67,52,83,100,91,71,88,59,62,77,39,38,37,56,68,59,67,55,58,59,52,54,55,96,82,64,74,74,57,224,65,74,56,68,56,57,63,47,62,48,64,54,81,82,60,61,63,40,46,48,85,56,75,28,36,25,53,36,44,45,60,60,59,52,70,29,55,59,31,28,39,28,61,54,35,20,38,45,47,36,41,71,60,76,30,148,55,74,39,40,,,,35,35,,56,67,65,47,75,53,58,105,56,47,54,64,35,53,65,63,77,58,84,27,52,64,115,34,106,69,87,113,52,168,373,179,101,52,15,164,230,160,97,55,49,43,67,44,47,75
20190317,2,PM2.5,14,56,75,62,48,49,60,21,18,21,58,43,51,21,28,27,27,84,50,65,52,78,89,36,86,73,74,84,99,109,71,85,67,63,37,53,63,75,70,37,26,33,20,36,53,42,35,45,67,55,67,46,63,27,25,15,33,21,16,28,21,57,14,11,41,46,40,42,11,48,28,30,33,107,67,55,41,17,33,11,30,,77,50,84,71,84,63,65,93,66,64,63,35,66,45,30,17,23,26,20,27,40,29,57,55,60,21,40,55,32,24,33,42,26,23,41,51,42,21,58,86,34,53,90,67,38,57,29,40,23,35,29,11,30,78,36,20,42,71,30,57,62,51,30,28,20,82,35,24,38,40,21,14,22,54,91,69,42,,,,,,64,62,56,11,34,39,104,62,83,83,80,98,109,50,129,75,44,27,47,53,39,35,31,59,46,41,41,21,65,24,26,35,29,20,32,15,36,8,25,13,42,105,65,29,24,60,47,17,48,19,28,15,19,24,12,36,31,75,78,62,66,45,34,61,75,67,45,65,38,31,32,27,26,20,36,43,31,48,38,40,41,28,35,19,50,46,44,53,51,29,173,46,50,24,40,36,33,36,31,35,23,43,37,59,60,42,35,34,20,32,33,62,39,54,19,25,17,36,25,22,31,42,42,41,24,50,20,33,41,20,12,19,16,43,23,19,7,24,31,25,11,11,51,42,55,21,113,20,53,26,13,,,,19,11,,28,29,29,25,18,30,40,77,23,17,15,29,19,20,23,44,28,33,40,17,11,20,86,21,50,29,34,84,33,86,185,55,50,25,8,124,179,70,72,31,12,30,26,26,23,54
20190317,2,PM2.5_24h,21,40,33,48,33,30,41,16,16,28,44,49,22,30,27,26,23,44,41,43,45,50,51,29,60,50,42,55,59,58,53,50,46,60,47,44,61,70,48,42,27,35,33,30,43,27,25,33,43,31,43,47,59,43,28,27,42,31,37,42,30,52,29,14,41,37,30,41,12,48,32,42,31,119,60,59,32,10,19,15,25,,49,41,43,50,43,52,35,56,46,46,39,21,46,39,24,24,26,21,23,29,37,28,36,53,37,18,31,45,28,18,25,29,27,26,35,29,35,29,48,56,38,36,36,44,34,54,25,35,29,32,26,11,40,55,40,16,44,59,33,42,55,45,37,18,37,57,30,25,36,36,15,17,31,44,69,49,36,,,,,,47,37,32,19,19,24,60,41,50,49,55,70,50,50,69,57,33,37,52,49,44,32,37,49,43,28,28,32,47,12,30,36,23,20,25,14,31,6,18,18,27,44,40,30,29,44,30,28,33,18,26,11,19,29,19,35,23,56,60,61,53,39,33,58,55,54,40,44,40,42,25,27,32,25,30,36,39,46,34,38,51,37,44,30,27,32,34,57,48,48,117,40,46,30,45,41,52,40,30,41,18,56,40,43,56,50,35,35,20,38,41,53,50,44,26,44,22,51,38,23,27,44,41,36,35,44,41,41,39,15,13,19,22,27,27,18,13,26,22,35,21,14,62,36,49,26,105,26,53,43,18,,,,27,9,,31,26,31,23,26,23,31,37,20,21,26,28,20,26,29,47,30,34,29,21,12,14,35,20,30,36,19,89,36,55,106,42,48,13,11,140,184,66,67,41,22,28,26,22,18,47
20190317,2,PM10,61,119,141,134,129,112,114,64,32,45,111,72,128,71,72,48,56,135,78,72,121,105,136,83,177,146,126,124,122,153,154,135,106,124,69,113,155,113,130,68,47,61,42,52,110,54,59,98,176,115,143,90,75,68,46,39,69,36,42,69,67,88,20,38,73,72,56,58,25,152,75,72,61,172,100,89,77,43,61,51,51,,144,105,181,102,191,193,149,174,186,140,125,65,118,62,50,44,47,45,44,43,57,62,85,76,153,49,98,97,80,51,63,67,45,53,59,87,66,38,118,130,65,143,126,105,83,76,85,65,45,66,44,29,37,99,50,47,53,80,65,81,82,66,43,37,40,147,68,140,92,83,83,49,70,87,445,136,149,,,,,,106,114,100,37,101,94,136,102,134,122,107,177,170,100,147,139,80,76,82,115,66,58,50,116,74,140,155,60,124,67,101,139,44,,54,28,60,16,36,51,77,136,77,33,39,,73,28,76,43,41,30,29,22,23,48,33,130,137,123,103,81,51,102,135,123,89,98,66,72,49,34,34,36,59,84,66,82,55,53,64,52,56,57,140,112,75,89,95,61,199,68,96,60,83,59,62,74,46,71,47,76,51,95,83,57,70,73,39,45,45,81,59,74,26,30,20,38,,43,39,55,53,51,52,79,26,58,53,17,14,33,27,54,56,24,13,37,,41,28,33,49,57,59,26,170,36,80,38,,,,,34,12,,59,82,78,46,37,53,58,157,60,46,55,76,34,54,36,66,62,63,63,23,51,76,133,33,160,85,122,173,51,283,477,305,150,51,13,165,274,268,106,57,48,37,63,43,46,81
20190317,2,PM10_24h,60,87,91,110,73,83,88,48,45,60,92,103,71,79,65,53,53,72,70,76,100,85,91,71,129,95,98,90,91,105,102,94,84,110,81,92,109,109,97,81,50,74,60,56,97,55,57,96,119,86,97,105,77,75,43,50,79,52,65,65,60,73,40,38,64,60,47,65,32,113,80,103,65,176,83,86,60,30,40,41,57,,125,104,107,101,122,140,96,129,97,101,103,60,105,56,53,40,47,45,49,50,50,57,56,78,115,39,72,82,54,48,51,60,50,61,50,61,60,43,86,94,86,88,68,86,71,92,76,66,57,61,41,28,53,70,53,32,60,70,73,56,76,66,55,30,70,108,64,82,76,102,50,56,84,75,308,129,123,,,,,,97,86,92,50,66,67,111,91,95,103,91,126,98,76,91,99,69,81,92,110,76,59,69,98,76,92,102,78,96,43,80,98,44,27,46,24,58,23,32,57,58,74,55,50,52,,49,42,51,36,42,28,29,43,43,50,49,116,121,107,102,74,57,112,127,111,88,82,71,75,47,46,42,56,56,71,77,88,54,68,99,71,77,66,66,71,70,85,93,100,148,88,98,63,96,69,101,82,72,81,43,79,53,66,82,65,61,70,36,56,55,70,70,60,42,59,31,64,52,42,40,62,51,55,57,76,52,68,54,19,22,36,35,37,53,25,23,37,21,62,42,38,79,59,63,38,150,54,98,93,29,,,,39,14,,61,64,79,53,60,47,68,75,56,56,57,74,40,57,58,80,59,66,55,36,30,36,55,41,91,106,72,138,57,219,307,177,125,36,26,183,273,293,98,77,51,43,62,52,56,66
20190317,2,SO2,2,23,20,34,34,19,14,6,6,3,27,15,28,17,14,16,9,10,32,8,15,9,17,14,19,17,11,14,24,27,20,14,12,9,10,11,9,24,8,8,5,21,19,8,7,5,5,22,15,7,13,9,9,8,5,9,13,5,11,11,8,17,6,5,8,4,8,17,2,8,12,14,30,7,13,12,20,11,11,14,9,,23,30,21,26,63,24,12,15,34,34,7,5,19,12,9,4,6,11,12,8,18,14,15,13,20,29,35,22,25,21,20,13,16,69,9,14,6,8,52,24,18,14,14,14,10,13,8,7,6,5,8,2,9,10,11,2,4,11,9,11,15,3,6,8,12,10,15,11,9,10,5,3,26,4,10,21,19,,,,,,27,10,22,8,4,8,17,9,17,12,13,7,16,22,10,12,11,8,2,18,5,20,6,15,11,40,46,23,37,22,26,57,8,1,10,22,7,7,14,17,26,8,16,4,9,6,11,5,11,12,6,4,6,8,8,6,30,26,12,17,26,7,5,11,7,23,8,13,5,7,6,3,5,14,7,11,10,22,10,9,19,10,12,8,8,21,17,12,10,4,10,6,9,12,6,6,5,4,5,10,3,10,9,6,11,7,6,7,7,8,4,10,13,7,10,9,6,6,2,12,7,9,9,4,6,6,5,5,7,6,17,12,12,16,3,6,1,38,10,5,6,6,12,10,12,5,6,4,11,8,8,,,,4,13,,10,26,12,6,318,13,5,15,8,11,8,9,5,12,6,16,33,8,11,11,6,6,23,26,15,4,2,6,6,11,13,34,20,3,3,7,14,6,7,12,16,7,11,15,25,15
20190317,2,SO2_24h,3,17,14,34,34,22,16,9,8,7,23,16,12,24,14,25,12,12,23,9,17,12,17,12,12,13,11,15,18,15,17,13,12,11,12,11,11,26,10,8,6,14,11,9,11,5,7,16,21,9,12,13,8,8,5,6,12,7,10,12,8,16,7,4,8,5,12,12,3,8,16,24,40,7,12,12,20,9,8,17,10,,22,17,15,29,32,23,11,21,17,22,12,4,17,14,11,6,5,10,10,10,13,13,12,11,12,22,17,35,26,17,18,18,19,36,11,18,7,22,18,17,12,14,13,15,13,16,12,8,14,8,8,2,10,9,15,2,5,10,41,12,9,4,5,10,15,10,14,12,10,13,13,11,59,4,7,21,25,,,,,,14,17,21,8,8,10,18,11,19,11,15,10,15,17,14,13,11,9,4,15,7,27,8,12,11,25,35,46,31,19,27,43,9,3,11,17,6,10,11,26,19,13,16,11,14,7,11,10,11,8,5,5,8,10,12,9,28,20,14,19,28,9,7,15,6,14,11,6,8,13,7,8,7,13,9,10,19,33,20,13,25,15,20,20,11,22,13,15,11,7,11,9,16,12,21,13,9,8,7,12,3,12,14,9,15,10,6,10,8,12,4,13,10,9,10,10,6,10,3,11,10,8,8,5,10,8,7,5,7,7,20,11,14,20,4,10,2,28,15,6,7,6,12,13,10,6,7,4,12,8,7,,,,5,21,,9,22,17,8,98,12,12,13,9,16,15,16,9,13,11,17,22,11,14,28,13,6,22,14,12,8,10,6,6,7,9,18,14,4,5,11,13,6,6,15,25,8,12,17,16,27
20190317,2,NO2,52,82,45,88,82,47,77,10,35,56,65,33,73,62,67,48,31,67,73,62,104,90,136,33,109,98,85,74,75,108,52,38,35,86,29,74,75,95,51,19,22,43,29,32,91,22,14,53,91,41,103,80,59,87,25,42,58,29,36,58,32,67,25,4,54,50,18,26,9,98,55,29,55,68,46,43,67,40,48,51,20,,53,48,96,71,94,53,69,81,99,45,16,27,68,26,14,9,14,34,13,11,40,19,60,26,86,43,57,40,67,33,39,46,35,33,28,21,35,16,103,90,46,78,76,28,24,28,75,39,34,44,37,13,19,20,20,5,29,30,27,41,22,38,15,18,20,89,50,68,52,80,29,11,47,27,73,76,81,,,,,,53,53,87,19,44,36,93,71,48,74,56,62,125,107,87,67,69,14,32,90,60,36,11,30,30,75,67,57,66,56,58,61,11,3,34,54,20,15,8,25,50,47,33,19,19,47,23,14,23,7,14,22,11,11,4,5,23,58,60,67,58,47,18,74,41,83,107,49,39,43,17,18,16,20,21,39,35,35,34,22,19,23,14,40,79,90,55,39,20,25,77,26,56,24,62,16,15,55,19,44,30,43,28,57,31,35,33,28,16,11,17,20,17,24,17,14,11,15,11,28,19,25,25,40,38,50,18,22,20,3,5,8,16,13,33,12,5,18,11,7,16,7,10,12,8,9,39,5,20,15,8,,,,7,33,,41,78,43,46,20,40,59,61,59,19,14,56,26,27,15,31,18,12,9,7,2,21,80,67,77,41,84,47,15,69,86,80,62,5,28,41,53,19,53,22,47,26,14,26,37,30
20190317,2,NO2_24h,37,57,38,61,57,37,46,13,24,41,46,44,39,46,36,34,36,40,48,56,69,64,83,27,55,61,62,54,51,57,47,40,33,54,36,53,41,63,45,29,30,48,35,27,69,24,26,52,51,33,56,69,67,69,24,45,62,46,55,56,31,57,32,8,46,38,20,28,11,77,46,40,44,56,54,46,38,22,26,24,21,,47,39,49,52,45,48,41,47,47,38,30,25,42,30,23,12,16,31,16,17,37,20,38,24,52,23,45,43,36,29,29,30,31,31,26,23,27,26,75,61,44,56,44,42,31,44,49,38,36,37,31,14,26,17,25,6,28,32,36,33,19,33,25,19,24,67,48,53,42,58,18,17,43,22,36,41,36,,,,,,39,45,44,26,23,27,59,54,55,51,55,49,64,46,50,44,34,31,28,81,50,32,23,28,34,48,40,48,49,30,48,46,14,12,26,15,18,16,9,20,27,32,30,24,19,22,21,19,20,8,14,13,15,21,11,17,22,44,41,45,58,43,26,59,47,37,68,42,46,47,19,25,18,35,26,26,39,51,30,27,47,36,32,31,49,49,42,39,38,42,37,41,53,30,53,29,42,30,30,29,19,48,26,35,31,39,24,33,18,21,23,22,24,19,18,20,18,24,17,29,22,34,31,36,26,45,25,33,25,4,14,14,23,15,34,20,14,25,10,11,19,9,14,22,10,11,37,9,31,21,7,,,,8,28,,29,59,39,37,22,29,30,30,43,18,19,32,23,28,25,35,21,14,16,10,13,19,40,32,45,42,35,38,19,35,42,36,36,9,30,43,44,20,36,31,31,28,27,25,17,24
20190317,2,O3,23,13,50,10,6,33,9,66,29,19,27,57,6,22,13,21,53,10,19,61,14,21,8,75,3,20,39,30,30,19,59,65,54,10,89,23,38,27,35,117,81,39,49,59,17,84,135,11,16,48,6,11,3,16,95,70,34,65,56,51,78,21,28,77,15,22,41,83,101,5,49,95,44,22,5,11,6,39,24,24,126,,57,48,6,39,11,52,14,18,6,42,77,57,32,31,122,124,103,32,107,104,38,85,18,84,18,18,32,53,16,23,25,18,27,40,41,41,15,61,20,14,37,8,11,93,94,84,5,21,46,18,27,31,49,56,25,90,50,36,61,10,11,34,62,55,22,14,39,3,29,4,54,84,27,54,25,25,6,,,,,,31,13,13,93,23,41,21,34,72,48,60,2,6,10,23,46,24,58,16,21,18,42,100,72,104,14,7,14,29,16,3,15,57,76,27,17,35,40,97,41,19,6,15,35,51,17,42,40,29,73,60,52,66,60,94,63,31,47,49,24,49,48,41,45,66,38,37,63,64,72,129,34,53,60,52,6,15,28,17,49,60,42,38,24,5,15,35,58,85,67,13,71,28,49,27,72,73,2,38,37,23,17,24,10,11,29,13,22,9,42,32,31,39,19,26,44,36,40,40,48,42,37,60,18,20,3,45,47,51,63,55,78,30,47,5,69,42,55,24,91,71,84,72,91,76,52,31,105,44,49,76,,,,58,58,,22,6,25,32,93,34,17,24,25,68,93,28,61,54,115,67,136,103,142,52,99,91,7,15,15,51,7,30,63,17,14,3,19,36,27,18,7,62,39,66,26,38,116,37,33,27
20190317,2,O3_24h,87,94,102,91,96,112,103,107,98,91,94,103,108,95,95,86,84,94,89,161,122,140,127,138,146,107,147,107,138,146,135,141,124,151,140,141,134,121,150,184,119,157,126,146,121,144,155,80,110,93,122,109,66,196,116,117,156,125,211,160,125,114,57,84,72,87,69,111,120,104,116,125,103,42,63,57,101,99,84,91,158,,145,116,116,111,112,146,93,116,133,101,139,105,135,65,142,148,145,116,130,147,98,137,104,125,92,96,129,134,99,82,89,85,86,82,102,83,90,98,131,135,99,116,119,126,120,158,125,113,116,104,94,101,74,115,58,120,106,93,119,79,65,93,94,80,123,121,124,123,115,126,125,114,113,81,133,109,109,,,,,,110,130,112,108,113,104,147,156,155,149,169,155,143,155,154,165,107,114,58,164,190,102,165,149,143,134,103,108,133,105,79,98,84,95,83,104,81,85,114,89,91,82,77,69,94,82,97,100,78,88,93,86,90,101,104,69,94,149,143,141,108,124,124,128,140,137,94,139,126,125,154,94,117,102,112,124,78,64,102,88,66,67,53,122,117,126,113,150,154,130,135,147,118,107,110,115,117,124,113,143,108,43,97,84,46,68,72,85,86,60,56,50,54,95,62,52,60,70,48,85,102,82,98,80,71,92,99,93,74,104,72,124,85,64,63,79,66,74,65,129,92,103,139,119,123,69,166,114,122,115,108,,,,85,94,,111,92,98,118,138,125,129,124,123,122,121,123,120,138,127,88,143,124,142,82,99,105,113,116,128,102,103,56,71,175,122,79,102,88,51,33,26,103,155,137,87,87,140,85,94,92
20190317,2,O3_8h,20,12,49,11,9,41,13,64,32,23,38,59,5,23,14,23,49,12,17,67,13,27,11,72,3,20,39,30,32,24,46,56,52,12,92,22,31,28,34,118,81,43,51,58,18,84,135,12,15,51,12,10,3,19,97,74,33,71,55,49,79,23,26,74,16,23,38,83,102,6,53,96,45,23,5,12,9,37,29,24,131,,58,56,7,40,12,56,14,16,6,41,77,56,35,31,122,128,105,30,110,105,41,93,23,88,23,19,27,35,18,22,30,21,34,46,39,44,18,61,13,16,43,9,10,87,95,89,10,20,47,18,30,32,53,43,27,89,49,36,64,9,10,30,63,55,24,16,35,3,28,9,52,87,26,55,23,29,13,,,,,,31,19,18,89,21,37,30,41,79,66,63,2,7,24,30,43,29,56,14,24,19,40,99,76,108,17,7,13,32,21,3,17,54,78,25,22,35,36,96,43,23,6,19,35,55,24,48,39,27,74,60,54,64,60,95,63,32,52,52,17,52,49,39,32,64,40,36,39,62,70,131,35,56,58,54,8,15,25,21,51,59,44,41,21,6,24,39,59,82,70,22,70,22,49,27,72,75,8,38,39,26,17,22,10,11,30,13,25,9,42,32,31,36,22,26,45,35,40,36,40,43,36,45,22,19,4,43,33,47,61,54,77,29,45,5,69,38,53,20,92,71,80,73,97,77,52,36,104,48,57,78,,,,57,68,,22,9,23,32,103,34,23,25,22,68,94,41,64,56,116,68,131,108,139,53,86,92,7,15,15,52,12,30,67,17,10,4,26,38,29,13,9,58,45,69,34,40,119,38,41,30
20190317,2,O3_8h_24h,25,13,51,12,11,50,17,64,35,27,49,62,6,26,15,26,50,14,17,73,13,34,14,75,4,20,39,33,34,28,46,56,53,14,97,22,34,37,34,123,83,47,53,60,21,85,136,13,15,55,15,11,3,23,100,78,34,77,55,50,82,26,27,74,19,23,40,84,104,7,61,97,48,24,5,13,12,38,35,25,136,,60,64,8,43,14,60,15,16,7,42,79,56,39,32,124,131,107,31,113,107,44,102,29,93,29,21,27,35,20,22,35,23,40,52,40,47,22,61,13,17,44,10,10,87,97,94,16,21,50,19,33,33,57,43,29,89,49,37,69,9,10,30,66,56,27,18,35,4,29,15,54,89,29,56,23,33,20,,,,,,31,25,22,89,21,37,39,48,85,83,66,3,9,38,36,43,39,56,14,28,20,41,99,80,113,20,7,15,36,28,3,20,54,79,27,27,36,36,96,45,27,6,22,36,57,31,53,40,29,75,61,56,65,61,96,63,33,59,57,17,56,52,39,34,64,43,37,39,63,72,133,37,60,59,57,9,19,27,25,55,63,50,45,25,7,33,44,61,82,72,35,73,27,51,29,74,77,14,39,42,29,18,23,10,11,33,14,25,10,42,32,32,37,25,26,46,35,41,36,40,44,36,46,26,19,3,44,33,47,61,54,78,30,45,5,69,38,53,20,93,71,80,74,102,77,52,40,104,52,64,79,,,,58,77,,23,13,23,32,114,36,30,29,22,70,95,54,67,57,116,70,131,112,139,54,86,94,8,16,15,54,17,30,71,18,11,4,32,39,31,13,11,58,51,72,41,44,122,38,48,34
20190317,2,CO,0.433,1.683,0.95,1.317,1.48,0.75,0.85,0.64,0.56,0.525,0.8,0.567,0.75,0.622,1.275,0.518,0.62,1.356,1.169,0.77,1.089,0.712,0.74,0.8,1.486,0.85,0.912,0.922,0.975,1.15,0.52,0.8,0.76,1.036,0.738,0.875,0.917,0.934,0.933,0.567,0.533,0.8,0.5,0.567,0.77,0.667,0.45,0.744,0.909,0.878,0.778,0.96,1.07,0.68,0.55,0.5,0.713,0.375,0.5,0.62,0.56,0.8,0.863,0.54,0.782,0.689,0.48,0.963,0.433,0.892,0.617,0.725,0.886,2.2,1.043,1.057,1.333,0.82,0.5,0.6,0.45,,0.675,1.133,0.967,1.2,1.817,0.65,1.033,1.36,1.167,1.6,0.35,0.5,0.95,0.88,0.533,0.517,0.467,0.733,0.567,0.6,0.667,0.733,0.933,0.833,0.8,2,1.38,1.3,0.817,0.825,1.643,0.65,0.88,0.7,0.8,0.68,0.84,0.4,1.975,0.84,0.444,0.771,1.04,0.9,0.717,0.55,0.625,0.74,0.533,1,0.875,0.575,0.75,0.925,0.75,0.65,0.475,0.717,0.5,0.775,0.725,0.6,0.467,0.533,1,1.12,0.525,1.025,0.813,0.425,0.867,0.3,0.8,0.82,0.7,1.9,0.65,,,,,,1.6,1.1,2.1,0.8,1.15,1.2,1.1,1.15,0.7,0.55,0.85,1.15,1.033,0.95,1,1.4,0.55,0.8,0.8,0.95,0.8,0.8,0.425,0.775,0.667,1.633,0.8,0.75,2.58,0.567,0.833,1.067,0.6,0.3,0.733,0.65,1,0.1,0.567,0.36,0.525,1.1,1.15,0.45,0.95,0.7,0.45,0.5,1.075,0.7,0.375,0.3,0.34,0.567,0.433,0.4,0.65,0.967,0.567,0.833,1.667,0.72,0.533,0.725,0.733,0.633,0.625,0.5,0.733,0.633,0.54,0.525,0.575,0.55,0.767,0.46,0.74,0.8,0.375,1.04,0.625,0.529,0.9,0.425,0.9,1,0.9,0.767,0.425,0.68,1.329,0.333,1.3,0.75,0.7,0.64,0.8,0.85,0.45,0.733,0.65,1.017,0.84,1.36,1.04,0.5,0.74,0.56,0.7,0.75,0.933,1.033,0.675,0.9,0.8,0.5,0.633,0.75,0.8,0.525,0.525,0.575,0.64,0.675,0.7,0.74,0.4,0.425,0.48,0.5,0.3,0.58,0.56,0.525,0.65,0.5,0.1,0.55,0.3,0.55,0.65,0.6,0.75,0.85,0.967,0.95,1.25,0.55,1,0.8,0.6,,,,0.8,0.5,,0.875,1,0.533,0.5,1,0.733,0.8,1.05,0.55,0.5,0.433,0.8,0.6,0.9,0.2,0.5,0.6,1,0.7,1.2,0.3,0.3,1.7,0.733,1.133,0.8,1.9,1.667,0.25,1.55,2.3,2.5,1.7,1.8,0.55,1.85,3.6,0.2,0.8,0.475,0.6,0.933,0.6,0.725,1.05,1.425
20190317,2,CO_24h,0.475,1.05,0.638,1.717,1.34,1.1,0.633,0.7,0.5,0.7,0.8,0.633,0.575,0.722,0.925,0.773,0.6,0.867,1,0.7,0.944,0.513,0.64,0.68,0.729,0.783,0.737,0.9,0.75,0.95,0.62,0.88,0.74,0.845,0.738,0.725,0.803,0.971,0.8,0.567,0.567,0.6,0.533,0.567,0.65,0.5,0.375,0.722,0.727,0.722,0.644,0.97,1,0.76,0.633,0.675,0.813,0.6,0.75,0.8,0.62,0.767,0.863,0.62,0.732,0.611,0.44,0.825,0.45,0.754,0.883,1.575,1.114,2.286,1.071,0.729,0.833,0.58,0.4,0.633,0.4,,0.725,0.833,0.667,1.167,1.017,0.65,0.583,0.86,0.8,0.833,0.35,0.4,0.725,0.98,0.617,0.633,0.567,0.7,0.633,0.733,0.633,0.767,0.8,1,0.733,1.05,1.08,1.1,0.7,0.625,0.871,0.667,1.38,0.72,0.757,0.68,0.68,0.4,0.825,0.74,0.544,0.671,0.8,0.8,0.7,0.675,0.65,0.72,0.667,0.95,0.9,0.65,0.8,0.9,0.8,0.65,0.475,0.733,1.24,0.625,0.65,0.55,0.533,0.5,1.2,0.88,0.55,0.925,0.875,0.6,0.7,0.45,1.375,0.68,0.567,1.1,0.75,,,,,,1.05,0.9,1.3,0.9,0.8,0.95,0.867,0.95,0.55,0.45,0.65,1.15,0.733,0.75,0.9,1.3,0.55,0.9,0.8,0.75,0.8,0.65,0.525,0.775,0.7,1.567,0.7,1.125,2.1,0.467,0.867,1.2,0.467,0.4,0.667,0.35,0.467,0.1,0.467,0.48,0.575,0.85,0.9,0.8,0.9,0.7,0.35,0.567,0.75,0.55,0.6,0.367,0.42,0.567,0.567,0.45,0.65,0.75,0.533,0.733,1.067,0.74,0.533,0.825,0.533,0.533,0.625,0.45,0.633,0.667,0.52,0.575,0.625,0.675,0.933,0.46,1.14,0.917,0.4,1.1,0.775,0.7,0.9,0.5,0.5,0.925,0.825,0.8,0.475,0.82,0.857,0.5,1.183,0.825,0.733,0.68,1.05,0.8,0.525,0.7,0.6,1.067,0.94,1.06,1.04,0.6,0.8,0.6,0.733,0.9,0.9,1.267,0.725,0.833,0.75,0.6,0.667,0.9,0.8,0.5,0.5,0.575,0.68,0.625,0.8,0.64,0.475,0.5,0.56,0.533,0.3,0.68,0.64,0.525,0.7,0.5,0.1,0.5,0.2,0.65,0.65,0.667,0.9,0.8,0.833,1,1.25,0.6,1.05,0.85,0.5,,,,1.067,0.6,,1.025,0.986,0.7,0.5,0.65,0.667,0.65,0.55,0.6,0.55,0.633,0.7,0.55,1.15,0.6,0.6,0.6,0.5,0.7,1.2,0.5,0.3,0.8,0.667,0.733,0.95,1.4,1.5,0.35,0.6,1.1,0.85,1.133,1.9,0.4,1.65,2.8,0.1,0.8,0.55,0.725,0.933,0.775,0.8,0.775,1.05
20190317,3,AQI,59,84,106,91,89,90,77,48,39,54,97,65,103,60,65,52,51,110,69,89,88,109,121,64,136,103,97,113,138,147,93,104,81,82,64,83,98,88,98,60,49,55,47,55,82,63,81,76,112,83,100,71,82,61,49,42,61,35,41,56,58,77,23,49,61,67,53,60,53,98,60,63,61,128,91,77,67,35,55,51,73,,108,93,110,76,117,111,99,113,103,96,82,63,104,61,70,73,54,44,58,52,58,54,86,83,105,49,74,70,64,45,59,65,48,53,58,64,65,34,88,108,64,96,115,91,63,71,67,57,39,58,39,30,45,76,50,47,59,99,59,78,80,72,42,38,44,106,57,93,78,75,60,47,71,75,279,95,129,,,,,,85,77,86,46,70,71,141,83,114,117,114,138,143,72,167,106,64,63,66,89,60,59,52,81,67,95,112,54,94,60,77,91,42,39,47,31,48,20,49,56,71,121,91,26,42,80,71,33,76,57,36,31,34,32,47,56,28,106,108,89,103,63,47,81,93,103,70,96,54,55,77,43,38,38,51,73,66,65,50,55,60,53,52,57,90,78,70,67,67,53,223,63,73,54,74,55,56,67,43,63,51,64,50,81,82,58,62,62,37,42,36,65,55,74,28,42,23,60,35,43,40,56,50,54,46,64,28,53,50,32,29,39,20,48,51,34,21,35,40,48,36,42,74,61,82,26,153,55,70,49,40,,,,36,33,,52,65,61,45,45,54,58,154,53,47,54,73,36,50,65,60,78,59,82,28,54,83,92,40,93,71,96,106,51,170,285,201,95,38,27,165,216,156,94,54,60,46,62,45,48,86
20190317,3,PM2.5,15,60,79,59,43,61,56,18,18,25,72,44,57,21,26,28,24,82,49,66,57,81,91,36,89,76,72,84,105,112,69,77,59,58,41,52,57,65,73,35,26,34,23,36,52,44,33,42,67,51,72,49,60,28,25,16,33,20,16,27,22,56,16,14,41,48,36,42,10,47,27,26,33,97,67,56,43,12,29,15,29,,80,65,79,53,79,63,66,84,66,71,60,33,77,43,29,18,19,26,23,30,40,29,63,61,67,25,41,50,34,21,33,46,27,22,40,45,46,19,65,80,32,56,86,67,39,51,27,37,21,38,26,12,31,55,34,18,41,74,33,57,58,52,29,25,18,79,33,22,42,38,21,15,32,54,91,70,42,,,,,,62,56,53,21,34,37,107,61,85,88,85,105,109,47,126,79,38,27,46,56,38,39,32,59,48,46,42,20,70,23,31,36,29,16,30,14,33,5,24,14,51,91,67,18,29,58,51,23,55,20,25,19,18,21,12,39,19,79,80,66,66,42,32,59,69,76,41,71,34,32,30,30,26,20,34,45,34,43,35,37,42,28,33,21,50,46,50,47,48,29,172,43,49,25,44,37,33,39,30,42,20,45,35,59,60,40,36,34,20,29,22,46,38,53,19,29,16,42,24,24,26,39,35,37,26,45,19,32,35,15,10,19,13,33,22,19,6,23,28,27,9,8,53,43,60,17,116,16,50,29,10,,,,20,11,,28,26,30,24,17,27,34,117,23,15,15,27,17,19,22,41,28,38,39,17,10,23,49,21,45,28,34,79,29,99,151,61,52,26,9,125,165,73,70,32,19,32,30,25,20,63
20190317,3,PM2.5_24h,20,41,35,49,34,30,42,16,16,27,46,50,23,29,26,25,23,46,41,45,46,53,54,30,61,51,44,57,61,62,55,52,48,60,45,44,60,71,51,43,27,36,33,31,42,28,25,33,45,32,45,47,58,43,28,26,42,31,36,41,29,54,28,13,41,38,31,40,12,48,32,42,31,119,60,58,32,10,19,16,25,,51,42,45,51,45,53,37,58,48,48,41,22,48,39,24,24,26,22,23,28,38,27,37,53,39,18,32,45,28,18,24,29,26,26,36,30,35,28,48,58,38,37,38,46,34,54,26,35,28,32,25,11,41,55,40,17,43,59,33,42,56,45,36,18,37,58,30,25,36,37,16,17,31,45,69,51,37,,,,,,49,39,34,20,20,25,64,43,53,51,58,71,53,51,73,58,34,37,52,51,44,33,37,50,43,29,29,31,47,13,30,35,24,20,25,14,32,5,18,17,27,47,41,29,29,45,31,27,34,18,25,12,19,28,19,35,23,56,61,60,53,40,33,58,55,54,39,45,40,41,26,28,32,25,31,37,39,47,34,38,51,37,44,29,28,33,35,57,48,46,118,41,46,30,44,39,51,39,30,40,19,54,39,43,56,49,35,35,21,38,41,53,50,45,26,43,22,50,37,23,27,44,42,36,35,44,40,41,39,15,13,19,22,28,27,18,13,26,22,35,20,13,61,35,51,27,105,25,53,42,18,,,,27,10,,31,25,32,23,26,24,31,40,20,20,25,28,20,25,28,47,30,35,29,21,12,15,35,20,31,36,20,89,36,56,107,42,47,14,11,139,185,66,67,40,22,28,26,22,18,48
20190317,3,PM10,65,115,142,130,126,127,98,47,38,55,142,77,153,68,78,52,50,136,70,73,123,103,135,76,219,147,123,123,128,169,115,109,97,112,76,113,144,104,126,65,48,58,46,57,111,51,54,99,171,114,147,89,71,70,48,41,70,34,40,59,63,84,22,48,70,72,46,58,26,144,68,73,69,179,90,86,82,34,57,50,54,,147,133,168,99,181,170,145,156,153,139,110,73,138,64,54,42,46,43,49,38,57,55,85,86,158,48,95,88,76,44,65,68,47,53,58,65,67,33,102,129,75,140,133,97,73,75,81,62,38,64,38,29,35,73,49,39,50,83,66,66,83,70,40,37,43,150,62,133,104,97,67,46,89,91,404,138,206,,,,,,117,101,119,31,88,89,150,100,136,122,114,182,162,92,146,133,75,74,79,125,68,65,52,107,80,138,171,56,134,68,101,129,39,,46,30,44,11,38,59,81,120,76,24,37,,73,30,75,62,34,30,30,31,24,51,23,140,142,104,154,73,46,105,131,141,87,102,55,58,45,38,34,37,50,94,80,77,43,58,65,53,51,61,128,103,83,81,73,54,209,73,94,56,95,57,59,81,40,74,50,70,47,91,82,54,71,72,36,41,35,71,52,72,21,31,19,47,,42,39,60,43,53,45,67,27,53,44,17,13,33,19,42,50,26,13,34,,36,19,35,57,53,65,25,160,36,71,48,,,,,35,13,,52,78,70,44,37,55,63,107,53,46,55,94,35,49,38,68,65,66,53,20,55,113,131,39,134,90,139,160,50,288,408,350,137,33,26,177,277,259,106,55,68,41,62,44,47,98
20190317,3,PM10_24h,59,89,92,114,76,83,89,48,45,59,95,102,73,78,64,52,53,74,70,77,100,86,95,73,133,97,101,93,93,109,105,96,85,109,78,93,108,109,101,81,50,74,60,57,96,54,57,94,120,89,100,103,75,75,44,49,79,51,64,65,59,75,39,38,65,60,48,64,32,114,79,102,64,178,82,84,59,31,42,43,57,,128,105,109,101,124,142,100,132,101,104,106,62,108,56,53,40,48,46,49,48,51,56,58,77,117,39,73,82,54,48,50,59,49,60,50,62,60,43,85,95,85,89,71,86,71,91,77,65,55,60,40,28,53,70,53,33,59,71,72,57,77,66,54,30,70,110,64,84,76,102,51,57,84,76,306,132,123,,,,,,100,88,95,49,68,68,114,92,98,105,93,129,102,78,94,101,70,81,92,112,77,59,69,100,76,93,107,76,98,44,82,98,44,26,46,25,58,23,31,57,58,77,55,49,50,,50,42,52,36,39,27,29,42,43,50,46,117,121,107,103,73,57,111,127,112,87,83,70,74,47,46,42,56,57,72,78,88,54,68,97,70,77,66,68,73,71,85,92,96,150,89,97,63,95,68,99,81,71,78,43,78,51,66,83,64,61,70,36,56,55,71,69,61,42,58,28,63,51,41,40,63,52,55,57,74,50,67,54,19,21,36,35,37,53,26,22,37,20,62,41,38,78,58,64,39,150,53,97,91,29,,,,38,14,,60,63,78,53,59,47,68,74,56,57,58,75,40,56,57,79,59,67,56,36,32,40,59,41,93,106,76,140,57,222,306,183,124,36,26,183,277,290,98,75,51,43,62,51,57,67
20190317,3,SO2,2,21,20,37,31,20,13,6,5,4,24,19,26,18,13,16,10,9,29,8,15,9,19,13,20,21,14,14,24,34,15,13,11,8,10,12,9,18,9,6,5,16,20,7,7,4,5,17,15,7,16,8,9,8,5,10,12,6,9,10,9,20,6,5,8,4,8,16,2,8,9,14,34,6,12,12,24,9,14,17,9,,19,37,23,28,56,29,9,13,51,51,6,6,17,12,8,4,6,9,15,6,23,24,18,14,17,29,27,24,24,24,17,13,14,72,8,16,5,6,46,30,19,15,17,14,10,13,10,7,6,5,6,2,12,10,11,2,3,9,17,11,23,3,5,8,12,9,12,10,9,10,5,2,48,4,9,20,18,,,,,,14,10,22,7,4,8,16,9,15,10,13,7,16,18,8,11,14,7,2,14,5,29,7,10,9,43,52,30,38,27,21,74,6,2,7,21,6,6,13,14,30,8,10,3,13,6,10,6,12,11,6,5,6,15,19,6,22,30,12,16,33,7,6,11,6,13,10,12,5,5,5,5,4,14,7,9,10,19,10,11,22,12,9,9,8,21,19,12,9,4,10,7,11,13,6,9,5,5,5,11,3,12,8,6,11,6,5,9,7,7,4,11,7,8,8,7,6,5,2,10,8,9,6,5,6,8,5,4,7,6,21,12,11,22,3,6,1,11,7,5,5,6,13,11,15,5,6,4,6,8,8,,,,4,21,,12,24,12,5,32,12,5,15,7,10,8,9,6,14,5,24,40,9,11,9,6,6,20,54,14,5,3,5,6,9,11,32,13,3,3,7,19,6,5,12,18,7,12,15,19,29
20190317,3,SO2_24h,3,17,14,35,34,22,16,9,8,7,23,16,12,24,14,23,12,12,23,9,17,12,17,12,13,14,11,15,18,17,17,14,12,11,11,11,11,26,10,8,6,15,12,9,10,5,6,16,21,10,13,13,8,8,5,7,12,7,10,12,8,16,7,4,8,5,12,13,3,8,16,24,40,7,12,12,20,9,9,17,10,,22,18,16,27,34,27,11,21,19,23,12,4,17,14,11,6,5,10,10,9,14,13,12,11,13,22,18,35,26,18,17,17,19,37,10,17,7,22,20,17,13,14,14,15,13,16,12,8,13,8,8,2,10,9,14,2,4,10,41,12,9,4,5,11,15,10,14,12,10,13,13,11,59,4,7,22,25,,,,,,14,17,21,8,7,10,18,11,19,11,15,10,15,17,14,13,11,9,4,15,7,28,8,12,11,25,35,44,31,20,26,44,9,3,11,18,6,10,11,24,19,14,16,11,14,7,11,10,11,8,6,5,8,10,13,9,28,20,13,19,28,9,7,15,6,14,11,6,8,13,7,8,7,13,9,10,19,32,20,13,24,15,19,19,10,22,13,15,11,7,10,9,16,12,19,12,9,8,7,12,3,12,14,9,16,9,6,10,8,12,4,13,10,9,9,10,6,9,3,11,10,8,8,5,10,8,7,5,7,7,20,11,14,20,4,10,2,28,15,6,7,6,12,13,10,6,7,4,12,8,7,,,,5,22,,9,22,16,8,99,12,12,13,9,16,15,16,9,13,11,17,23,11,14,28,13,6,22,15,12,8,10,6,6,8,9,18,14,4,5,10,13,6,6,14,25,8,12,17,16,28
20190317,3,NO2,56,84,54,88,78,71,77,9,33,61,87,48,74,63,68,54,28,62,66,59,102,89,136,32,83,95,89,68,77,115,47,41,32,77,46,71,62,88,56,23,20,36,38,32,93,25,14,51,89,50,100,76,56,84,23,40,58,33,36,49,30,65,26,4,51,43,13,28,6,94,52,26,70,66,44,41,68,40,42,56,22,,51,63,96,85,97,47,64,85,99,56,12,30,73,27,14,8,14,32,13,12,44,20,57,38,84,42,58,54,64,28,40,43,38,35,23,25,31,14,91,88,40,74,76,30,22,29,47,31,40,45,36,14,17,21,21,4,24,19,38,24,20,26,11,18,20,84,45,63,56,78,22,10,54,24,66,61,79,,,,,,55,45,90,18,43,30,94,81,46,76,55,60,123,99,100,65,63,14,24,95,57,48,12,37,33,72,65,56,71,60,52,69,9,3,26,45,20,10,7,24,52,53,34,22,17,37,15,13,22,9,14,25,8,21,6,5,19,61,75,70,66,47,21,74,43,80,111,59,30,47,15,14,15,18,17,37,31,40,34,20,21,26,13,40,73,89,52,37,34,26,80,36,57,27,55,17,16,62,16,34,24,44,24,49,32,33,28,27,14,11,16,18,16,23,15,16,10,13,12,14,17,27,18,37,24,45,14,16,16,3,4,9,12,12,32,11,5,18,9,5,15,6,13,13,9,9,32,5,27,16,7,,,,11,65,,38,76,39,46,23,37,58,49,45,14,15,60,28,32,12,33,17,11,10,6,2,19,55,72,67,41,78,46,17,58,77,72,47,14,27,38,54,19,34,26,46,26,20,34,33,28
20190317,3,NO2_24h,36,59,38,64,58,37,48,13,24,41,48,43,39,46,37,34,36,40,48,57,71,66,86,28,56,63,64,55,52,61,47,40,33,56,36,54,42,63,47,27,30,48,35,27,69,23,24,51,54,34,58,68,66,70,25,45,61,45,53,56,31,57,31,8,46,38,20,27,11,77,45,39,45,57,53,46,38,23,27,26,20,,48,39,51,52,47,48,42,49,50,39,29,26,44,29,22,12,16,31,16,17,38,19,39,24,54,24,45,44,36,29,28,30,31,31,25,23,27,26,75,61,44,57,45,42,30,42,49,37,35,36,31,14,26,17,25,6,29,31,36,33,19,32,25,19,24,68,48,53,42,58,19,16,44,22,36,43,38,,,,,,41,45,47,26,25,27,61,56,56,53,56,49,67,49,52,45,36,30,28,82,50,33,22,28,33,48,41,47,49,32,48,46,14,12,26,17,18,16,9,19,27,34,30,25,19,23,20,19,20,8,14,13,15,21,11,17,22,45,42,46,58,42,26,59,47,38,69,44,44,47,18,24,18,34,26,26,40,51,31,26,46,36,31,32,49,51,43,39,37,40,39,41,52,30,52,28,40,32,29,29,19,49,26,34,31,39,24,33,18,20,23,22,23,20,18,20,17,23,16,28,22,34,30,37,26,44,24,32,25,4,12,14,23,15,35,20,14,25,10,11,19,9,14,21,10,11,37,9,31,20,7,,,,8,30,,29,59,39,37,22,29,31,30,42,18,19,33,23,28,24,33,20,15,16,10,13,19,41,33,46,42,36,39,20,37,42,37,35,9,31,43,44,20,37,30,32,28,26,24,18,24
20190317,3,O3,17,12,37,8,5,8,5,64,27,11,4,39,6,21,9,14,59,10,23,60,13,14,4,75,16,20,28,35,26,15,54,58,52,9,65,21,41,32,23,93,76,41,39,50,11,74,134,12,17,39,6,11,2,16,97,71,30,60,50,59,80,18,23,80,16,29,51,79,101,6,49,93,27,22,5,13,4,38,30,17,115,,56,28,4,21,8,55,17,10,7,37,86,53,24,33,121,121,99,25,103,94,33,69,17,63,18,16,21,41,11,26,20,18,20,36,43,37,18,59,23,14,36,7,7,87,94,80,22,23,35,16,22,34,49,47,26,98,52,46,47,25,19,49,61,52,19,13,44,4,22,4,61,83,17,56,23,38,9,,,,,,23,25,8,95,15,41,19,20,66,40,45,3,4,4,8,44,28,48,18,10,16,31,94,55,96,15,7,12,23,13,3,5,58,73,33,25,34,44,97,40,14,7,12,25,50,20,47,41,29,72,59,49,69,50,88,58,32,39,39,22,41,45,32,43,59,42,17,47,74,64,131,35,50,63,52,5,15,17,11,50,63,30,28,20,8,13,36,55,61,62,8,56,24,42,20,67,64,2,35,42,27,13,20,10,11,31,11,26,10,37,32,32,38,20,24,39,37,40,39,54,39,30,70,20,29,3,43,49,54,63,59,73,30,43,5,64,44,59,32,100,70,86,64,81,83,49,33,104,31,43,82,,,,45,28,,22,6,27,29,61,37,16,30,37,77,92,15,56,39,116,64,134,102,134,55,108,93,15,7,21,51,12,30,59,23,14,6,29,38,27,20,5,70,57,60,24,34,101,30,36,22
20190317,3,O3_24h,87,94,102,91,96,112,103,107,98,91,94,103,108,95,95,86,84,94,89,161,122,140,127,138,146,107,147,107,138,146,135,141,124,151,140,141,134,121,150,184,119,157,126,146,121,144,155,80,110,92,122,109,66,196,116,117,156,125,211,160,125,114,57,84,72,87,69,111,120,104,116,125,103,42,63,57,101,99,84,91,158,,145,116,116,111,112,150,93,116,133,101,139,105,135,65,142,148,145,116,130,147,98,137,104,125,92,96,129,134,99,82,89,85,86,82,102,83,90,98,131,135,99,116,119,126,120,158,125,113,116,104,94,101,72,115,57,120,106,93,119,79,65,93,94,79,123,121,124,123,115,126,125,114,113,81,133,109,109,,,,,,110,130,112,108,113,104,147,156,155,149,169,155,143,155,154,165,107,114,58,164,190,102,165,149,143,134,103,108,133,105,79,98,84,95,83,104,81,85,114,89,91,82,77,69,94,82,97,100,78,88,93,86,90,101,104,69,94,149,143,141,108,124,124,128,140,137,94,139,126,125,154,94,117,102,112,124,78,64,102,88,68,67,53,122,117,126,113,150,154,130,135,147,118,107,110,115,117,124,113,143,108,43,97,84,46,68,72,85,86,60,53,48,54,95,62,52,60,70,48,85,102,82,98,80,71,92,99,93,74,104,72,124,82,64,63,79,63,74,65,129,92,103,139,119,123,69,166,114,122,115,108,,,,85,94,,111,92,98,118,138,125,129,124,123,122,121,123,120,138,127,88,143,124,142,82,108,105,113,116,128,102,103,56,71,175,122,79,102,88,51,33,26,103,155,137,87,87,140,85,94,92
20190317,3,O3_8h,17,10,45,10,7,30,10,64,30,19,27,53,4,22,12,20,53,11,19,64,13,23,9,73,7,20,35,32,30,21,48,57,52,11,83,22,33,28,31,110,79,42,47,55,16,80,135,11,16,47,10,10,2,18,96,73,32,67,53,52,79,21,25,76,16,26,43,82,102,6,52,95,39,23,5,12,7,37,30,22,126,,57,47,6,34,11,57,15,14,6,40,80,55,31,32,122,126,103,29,108,101,38,85,21,80,22,18,25,33,16,23,27,20,29,42,40,42,18,60,17,15,40,8,9,87,95,86,14,21,44,18,27,33,51,44,27,92,50,40,58,14,13,36,62,54,22,15,38,4,26,8,55,85,23,55,23,32,12,,,,,,28,21,14,91,19,38,26,33,74,57,57,3,6,18,22,43,30,53,16,19,18,37,98,69,104,16,7,13,29,18,3,13,55,76,28,23,35,38,96,42,20,6,16,32,53,23,47,40,28,74,60,52,66,57,92,61,32,48,47,19,49,48,37,31,62,38,30,41,66,68,131,35,54,60,54,7,14,22,18,51,61,39,37,19,7,21,38,58,75,67,18,65,20,47,19,71,72,6,37,40,26,15,21,10,11,30,12,25,10,40,32,31,37,21,25,43,36,40,37,44,42,34,48,21,22,3,43,39,50,62,56,76,30,45,5,67,40,55,24,95,71,82,70,91,78,51,35,104,42,52,79,,,,52,54,,22,9,25,31,89,35,21,25,27,71,93,32,61,50,116,67,132,106,137,54,94,93,10,12,17,52,12,30,64,19,12,4,27,38,28,15,8,62,49,66,31,38,113,35,39,27
20190317,3,O3_8h_24h,25,14,51,12,11,50,17,64,35,27,49,62,6,27,15,26,53,14,19,74,13,34,14,76,7,20,40,33,35,29,50,57,54,14,97,24,36,39,34,123,85,47,53,60,21,86,136,14,16,55,15,12,3,24,99,78,34,77,55,53,84,26,27,77,19,26,43,84,104,7,61,97,48,24,5,13,12,38,35,25,136,,60,64,8,43,14,61,16,16,7,42,81,57,39,33,124,131,107,32,113,107,44,102,29,93,29,21,27,36,20,24,35,23,40,52,41,47,22,61,17,17,40,10,10,88,97,94,17,22,50,20,33,34,57,46,29,92,51,40,69,14,13,36,66,56,27,18,38,4,30,15,56,89,30,57,24,34,20,,,,,,31,26,22,91,21,38,39,48,85,83,66,3,9,38,36,45,40,56,16,28,20,41,99,80,114,20,8,15,36,29,3,20,55,79,30,28,36,38,97,45,28,6,22,36,57,31,53,40,29,76,61,57,67,62,96,63,34,59,57,19,56,52,39,34,64,43,37,42,67,74,134,37,60,60,57,9,19,27,25,55,63,50,45,25,7,34,44,61,82,72,35,73,27,51,21,74,77,14,39,43,29,18,24,11,12,34,14,26,10,42,32,32,38,25,26,46,36,41,37,46,44,36,48,26,22,3,46,39,50,62,56,78,31,46,5,69,40,55,24,96,72,82,74,102,78,52,40,104,52,64,79,,,,58,77,,23,13,25,32,114,37,30,29,27,72,95,54,67,57,116,70,132,112,139,54,94,94,10,16,17,54,17,30,71,19,12,5,34,39,31,15,11,62,51,72,42,44,122,39,49,34
20190317,3,CO,0.425,1.561,0.938,1.717,1.44,0.825,0.817,0.62,0.56,0.65,1,0.633,0.725,0.633,1.125,0.582,0.6,1.311,1.069,0.79,1.067,0.725,0.72,0.76,0.971,0.883,0.962,0.922,1,1.275,0.58,0.8,0.74,0.964,0.813,0.875,0.892,0.894,1,0.533,0.5,0.7,0.5,0.567,0.77,0.683,0.425,0.822,0.891,0.856,0.789,0.93,1.06,0.69,0.531,0.475,0.737,0.35,0.475,0.6,0.52,0.8,0.863,0.54,0.736,0.644,0.45,0.9,0.417,0.8,0.6,0.775,1.043,2.386,1.086,1.029,1.533,0.72,0.4,0.7,0.45,,0.75,1.167,1.067,1.3,1.7,0.74,1.017,1.4,1.1,1.833,0.35,0.533,1.075,0.86,0.517,0.517,0.467,0.7,0.567,0.567,0.733,0.667,0.9,0.967,0.833,2.28,1.34,1.213,0.8,0.7,1.243,0.7,0.92,0.74,0.786,0.64,0.78,0.42,1.775,0.78,0.4,0.686,1.2,0.9,0.683,0.55,0.625,0.7,0.533,1,0.925,0.6,0.75,0.925,0.733,0.6,0.475,0.7,0.7,0.625,0.65,0.475,0.467,0.55,1,1.14,0.5,0.875,0.838,0.425,0.833,0.3,1.15,0.82,0.667,1.65,0.6,,,,,,1.75,1,2,0.8,1.2,1.2,1.067,1.2,0.7,0.55,0.9,1.15,1.2,1.05,1.1,1.35,0.55,0.8,0.8,1.05,0.8,0.75,0.45,0.825,0.667,2.233,0.88,0.725,4.18,0.633,0.8,1.367,0.4,0.3,0.567,0.6,0.667,0.1,0.5,0.4,0.7,1.05,1.15,0.5,0.95,0.7,0.4,0.5,1.125,0.625,0.45,0.333,0.3,0.833,0.433,0.4,0.65,0.867,0.65,0.867,1.8,0.7,0.533,0.775,0.667,0.667,0.65,0.5,0.633,0.633,0.54,0.475,0.575,0.575,0.733,0.42,0.72,0.833,0.375,1.06,0.6,0.529,0.95,0.425,0.7,1.025,0.875,0.8,0.475,0.68,1.371,0.3,1.183,0.8,0.633,0.64,0.8,0.8,0.425,0.733,0.6,1.02,0.78,1.28,1.02,0.52,0.72,0.56,0.7,0.75,0.9,1.233,0.7,0.9,0.75,0.45,0.6,0.9,0.8,0.45,0.5,0.55,0.58,0.675,0.62,0.72,0.4,0.4,0.46,0.533,0.3,0.6,0.5,0.525,0.65,0.55,0.1,0.5,0.2,0.55,0.7,0.6,0.8,0.85,1.033,0.9,1.2,0.55,1,0.85,0.5,,,,0.833,0.6,,0.925,0.971,0.533,0.5,0.55,0.567,0.8,0.65,0.45,0.45,0.433,0.9,0.65,1.45,0.2,0.5,0.6,1,0.7,1.3,0.3,0.3,1.067,0.8,1.033,0.8,1.7,1.733,0.2,1.3,2.15,2.6,1.133,3.4,0.5,1.8,3.5,0.2,0.75,0.475,0.75,0.933,0.625,0.725,0.875,1.9
20190317,3,CO_24h,0.475,1.078,0.65,1.75,1.36,1.05,0.65,0.7,0.5,0.7,0.8,0.633,0.55,0.722,0.913,0.718,0.6,0.9,1,0.71,0.956,0.525,0.64,0.68,0.729,0.8,0.75,0.9,0.75,1.025,0.64,0.88,0.74,0.855,0.738,0.725,0.803,0.951,0.8,0.567,0.567,0.6,0.533,0.567,0.65,0.5,0.375,0.722,0.745,0.744,0.644,0.95,1,0.75,0.615,0.6,0.813,0.575,0.725,0.8,0.62,0.8,0.85,0.62,0.727,0.622,0.45,0.813,0.45,0.769,0.883,1.525,1.114,2.286,1.071,0.743,0.867,0.6,0.4,0.633,0.4,,0.725,0.833,0.667,1.167,1.033,0.66,0.617,0.88,0.833,0.867,0.35,0.4,0.725,0.98,0.6,0.617,0.567,0.7,0.633,0.667,0.633,0.733,0.8,0.933,0.767,1.067,1.08,1.113,0.7,0.625,0.843,0.65,1.3,0.72,0.757,0.72,0.68,0.4,0.85,0.76,0.544,0.671,0.8,0.8,0.683,0.675,0.65,0.72,0.667,0.95,0.9,0.65,0.8,0.9,0.8,0.65,0.475,0.733,1.24,0.65,0.65,0.525,0.533,0.517,1.2,0.88,0.55,0.925,0.888,0.6,0.7,0.45,1.375,0.68,0.567,1.15,0.75,,,,,,1.1,0.9,1.4,0.9,0.85,0.95,0.9,0.95,0.6,0.45,0.65,1.15,0.733,0.75,0.9,1.3,0.55,0.9,0.8,0.8,0.8,0.65,0.525,0.775,0.667,1.583,0.7,1.125,2.16,0.467,0.9,1.2,0.467,0.4,0.667,0.35,0.5,0.1,0.467,0.44,0.575,0.85,0.95,0.8,0.9,0.7,0.35,0.567,0.75,0.575,0.6,0.367,0.4,0.567,0.567,0.45,0.65,0.75,0.533,0.733,1.117,0.74,0.533,0.825,0.533,0.533,0.625,0.45,0.667,0.667,0.52,0.55,0.625,0.675,0.9,0.46,1.14,0.9,0.4,1.1,0.775,0.686,0.9,0.5,0.5,0.95,0.825,0.8,0.475,0.82,0.857,0.5,1.15,0.85,0.733,0.68,1.05,0.8,0.55,0.7,0.6,1.067,0.9,1.04,1.04,0.6,0.8,0.6,0.733,0.9,0.933,1.267,0.725,0.867,0.75,0.55,0.667,0.95,0.8,0.475,0.5,0.575,0.68,0.65,0.8,0.62,0.475,0.5,0.56,0.567,0.3,0.68,0.64,0.525,0.7,0.5,0.1,0.5,0.2,0.65,0.65,0.667,0.85,0.8,0.833,1,1.25,0.6,1.05,0.85,0.5,,,,1.033,0.6,,1,0.986,0.7,0.5,0.65,0.633,0.65,0.55,0.6,0.55,0.633,0.75,0.55,1.15,0.6,0.6,0.6,0.5,0.7,1.2,0.5,0.3,0.867,0.667,0.8,0.95,1.4,1.5,0.3,0.65,1.15,0.9,1.133,1.9,0.4,1.65,2.8,0.1,0.8,0.55,0.725,0.967,0.75,0.775,0.8,1.1
20190317,4,AQI,59,83,100,90,77,96,77,39,32,70,104,75,108,61,60,57,48,104,60,91,86,111,124,65,115,105,100,114,133,163,86,97,69,79,65,86,94,83,99,60,48,56,44,53,89,58,79,90,120,84,101,71,81,62,50,46,61,41,47,58,59,78,25,55,62,67,39,58,51,96,66,59,73,135,92,75,73,40,54,49,71,,114,97,109,92,114,103,95,121,98,101,69,64,121,58,69,71,53,45,56,50,56,56,93,92,98,57,81,67,67,39,60,76,48,52,58,54,61,34,92,108,63,92,110,92,64,71,63,54,41,58,39,24,45,82,53,47,55,93,65,72,81,72,49,39,45,106,56,81,74,85,55,50,64,75,384,91,123,,,,,,88,69,85,47,77,70,148,98,115,125,120,136,148,74,163,108,67,62,70,94,55,61,56,80,67,103,106,55,99,61,76,109,40,35,40,39,48,21,49,40,115,104,92,26,39,77,70,31,55,65,57,28,34,45,46,55,21,103,106,99,92,59,50,83,93,114,80,88,54,53,76,40,38,37,52,71,60,64,59,55,63,53,49,57,106,81,80,58,77,53,229,69,75,53,71,64,56,69,42,70,51,78,48,72,80,56,60,56,34,49,31,50,48,76,23,45,20,60,33,39,39,61,48,55,41,61,25,52,46,32,30,38,15,39,46,33,20,39,31,50,36,42,76,58,94,26,137,56,67,47,46,,,,36,26,,52,61,58,42,43,59,56,78,48,43,53,68,39,49,65,54,77,55,81,28,48,124,67,45,80,66,105,105,51,140,328,194,89,42,19,165,215,148,86,53,56,48,59,52,41,83
20190317,4,PM2.5,19,61,75,58,42,70,54,17,20,50,77,49,65,22,22,38,23,77,42,67,56,83,93,35,83,76,75,85,101,123,63,72,49,55,43,56,53,61,74,35,26,36,24,35,54,40,31,49,62,52,75,49,59,29,25,18,33,21,22,28,22,57,17,15,41,48,27,40,8,49,29,24,41,102,68,54,44,14,27,16,29,,85,72,76,64,77,56,63,91,68,74,45,42,91,40,29,18,22,29,25,33,39,30,69,68,71,25,52,44,34,19,35,55,27,25,40,37,43,18,68,80,33,56,82,68,40,51,27,36,22,38,26,12,31,60,36,18,38,69,35,52,59,52,34,27,22,79,32,19,38,37,18,17,27,54,92,63,41,,,,,,62,49,46,20,35,39,113,73,86,94,90,103,113,49,123,80,44,28,50,57,35,37,32,57,48,53,45,20,74,21,32,38,24,10,24,19,33,3,22,18,86,77,68,18,27,56,50,16,37,21,28,16,16,30,10,38,13,76,79,74,68,39,30,61,69,85,53,65,36,31,27,28,26,21,35,44,31,43,41,38,44,29,34,21,56,50,58,37,56,33,178,45,50,26,45,45,38,40,29,50,21,57,33,52,58,39,35,35,20,34,20,35,33,55,16,31,14,42,23,26,27,43,33,38,27,43,17,31,32,18,5,19,7,27,24,17,6,25,19,24,11,10,55,40,70,17,104,19,48,32,11,,,,20,9,,28,25,31,23,14,25,36,57,17,15,18,27,18,24,21,37,31,33,34,15,5,24,29,25,39,29,35,76,28,79,162,65,40,29,9,125,164,72,63,35,19,33,36,31,21,61
20190317,4,PM2.5_24h,20,42,36,50,34,31,42,16,16,28,48,50,25,28,25,25,24,47,41,47,46,55,57,31,62,53,45,60,64,66,57,54,49,59,44,45,59,71,53,42,27,36,33,32,42,29,26,33,46,34,47,47,57,42,27,24,42,30,36,40,28,55,27,14,41,38,31,39,12,48,32,40,31,119,60,57,32,11,20,16,26,,54,44,47,52,47,54,39,60,50,50,43,24,51,40,23,23,25,22,22,27,39,26,39,52,40,19,32,46,28,18,24,29,26,26,36,31,36,28,49,59,38,38,41,47,34,54,26,35,28,32,25,11,40,55,39,18,43,59,33,43,56,45,35,19,37,59,30,25,36,37,16,17,31,46,69,53,37,,,,,,51,40,36,20,21,26,68,46,56,55,60,73,57,52,77,60,35,36,53,51,44,34,37,52,42,30,29,29,48,13,31,35,24,18,25,14,32,5,18,17,29,47,42,29,28,45,32,27,34,18,25,12,18,28,19,36,23,58,61,60,54,40,34,57,55,55,39,47,40,40,26,28,32,25,32,37,39,47,34,38,51,37,44,29,29,34,36,57,49,45,118,41,46,30,44,38,50,39,30,39,19,53,38,43,57,49,35,35,21,38,41,53,49,45,26,43,22,50,37,22,27,44,42,36,34,42,38,40,39,15,13,19,22,28,27,18,12,26,22,35,20,13,61,35,53,27,105,24,53,41,23,,,,26,10,,31,25,32,23,26,24,31,39,20,20,25,28,20,25,27,46,30,35,30,21,12,15,35,20,32,36,21,89,36,57,108,43,46,14,11,139,185,66,67,39,22,29,26,22,19,49
20190317,4,PM10,66,107,142,127,101,140,102,38,31,88,136,98,164,69,68,61,47,132,65,72,119,101,125,77,178,158,123,124,137,178,112,109,86,105,78,120,136,88,129,67,47,60,43,54,125,44,54,127,187,115,150,90,71,72,48,45,69,40,46,64,66,80,20,57,71,72,35,57,25,140,80,65,94,152,89,83,94,39,55,48,52,,147,139,166,132,175,153,138,165,144,150,85,76,142,58,52,44,46,44,53,39,55,59,90,100,143,62,109,82,81,38,68,81,47,51,59,49,66,33,97,120,74,131,145,89,76,65,73,56,40,64,38,23,35,76,47,32,46,86,77,62,86,62,41,36,44,149,59,109,96,117,58,49,76,89,486,130,193,,,,,,123,84,117,43,101,88,140,113,136,123,121,182,163,96,150,134,81,72,82,136,57,70,60,107,82,154,160,57,135,70,100,165,39,15,39,38,43,9,35,39,77,118,76,25,38,,73,30,58,78,62,27,31,44,23,49,20,141,145,116,129,65,49,99,127,152,107,106,56,53,38,32,35,36,51,90,67,75,49,57,65,54,48,61,160,109,90,64,79,54,209,86,98,54,90,69,60,85,40,79,50,78,45,80,82,56,68,59,33,42,30,48,42,70,19,36,15,47,,38,37,59,41,56,40,59,22,52,42,17,12,31,13,35,45,23,13,38,30,37,21,31,53,53,76,20,145,40,70,46,13,,,,35,14,,51,70,64,41,39,65,60,69,47,42,53,84,38,48,35,52,58,56,45,20,37,196,82,44,108,79,158,158,50,227,441,336,126,,18,189,262,244,88,54,59,45,66,51,40,92
20190317,4,PM10_24h,59,90,93,116,77,85,89,46,45,60,97,102,77,77,63,51,53,77,70,78,101,87,97,74,135,100,102,96,95,114,107,98,86,109,76,94,107,110,104,80,50,74,60,58,96,55,57,93,123,93,103,101,73,75,43,48,79,50,63,64,59,77,37,40,65,61,48,63,32,115,78,99,65,179,83,83,60,32,43,43,57,,131,106,112,103,125,143,103,135,103,107,107,63,111,57,52,41,48,46,50,47,52,56,60,78,119,39,75,83,55,48,50,59,47,60,50,63,61,42,84,96,84,91,75,87,72,89,77,65,54,60,39,28,52,71,53,34,58,71,71,58,77,65,54,31,70,112,65,84,76,103,53,57,85,77,308,134,123,,,,,,103,90,97,49,69,69,116,95,102,107,96,132,105,80,98,103,71,81,92,115,76,60,69,102,76,96,110,75,100,46,84,99,44,27,45,26,58,22,31,55,59,80,56,48,49,,52,41,53,36,39,27,28,41,43,51,43,119,121,106,104,73,58,110,127,114,87,85,69,73,47,46,42,56,57,73,78,88,54,67,96,70,76,65,72,74,71,84,92,93,151,90,96,64,93,67,97,80,71,76,43,78,50,66,83,63,61,69,36,56,55,71,67,61,41,58,26,63,52,41,39,62,52,55,57,72,50,66,54,19,21,36,35,38,52,26,22,37,22,61,41,37,77,57,66,39,152,53,97,89,32,,,,38,14,,60,63,78,53,58,47,68,73,55,57,58,75,39,55,56,79,59,67,56,35,33,46,60,40,95,106,80,142,57,224,308,191,124,35,26,184,278,287,99,74,52,43,62,50,56,69
20190317,4,SO2,2,20,19,35,28,24,12,6,6,8,24,21,20,23,12,16,11,8,23,8,16,8,18,10,13,22,13,15,19,33,11,10,13,8,11,12,9,18,7,5,5,12,16,7,8,5,5,14,14,7,15,7,9,9,5,10,13,6,10,12,12,21,6,4,8,5,8,15,3,8,12,16,32,6,13,12,21,10,10,14,9,,26,35,30,46,51,20,8,12,37,54,6,6,26,14,8,4,7,10,14,7,25,19,18,13,15,44,27,35,26,18,16,14,13,24,10,15,4,5,31,31,32,16,19,13,12,13,13,6,8,6,7,2,8,9,12,2,3,10,13,12,17,3,5,8,14,9,11,9,13,10,5,2,29,3,8,16,18,,,,,,8,10,24,8,5,7,15,9,17,10,13,7,17,17,9,12,14,7,3,15,5,36,10,10,8,51,58,28,44,42,26,102,6,2,8,22,5,5,12,47,23,10,8,3,12,5,11,6,11,9,7,4,6,17,11,7,24,32,13,17,50,9,8,13,6,14,9,11,5,6,5,4,4,12,7,8,13,19,15,10,15,10,7,13,14,19,19,10,8,4,10,7,8,12,10,26,4,3,5,10,2,10,8,5,11,8,5,13,6,8,4,12,7,8,6,8,6,6,2,11,7,7,5,5,6,12,6,4,6,7,21,13,12,18,4,5,1,9,9,5,7,6,13,15,15,5,6,4,8,7,6,,,,4,14,,16,22,15,4,13,12,5,18,6,17,9,10,7,8,2,29,30,8,11,8,6,6,16,92,14,5,3,6,5,7,9,18,12,4,3,7,14,6,5,13,16,7,11,18,17,24
20190317,4,SO2_24h,3,17,14,35,34,22,16,9,8,7,23,16,13,24,14,21,12,12,23,9,17,12,18,12,13,14,12,15,18,17,17,14,12,11,12,11,11,26,10,8,6,15,12,9,10,5,6,16,21,10,13,13,7,9,5,7,12,7,11,12,8,17,7,4,8,5,12,13,3,8,16,24,39,7,12,12,19,9,9,17,10,,22,18,16,28,34,26,11,21,19,24,12,4,18,14,10,6,5,10,10,9,14,13,13,11,13,23,18,35,25,17,16,17,19,35,11,16,7,22,20,18,14,14,14,15,12,16,12,8,12,8,8,2,10,9,14,2,4,10,40,12,10,4,5,11,15,10,14,12,10,13,12,11,59,4,7,22,24,,,,,,14,17,22,8,7,9,18,11,19,11,15,10,15,17,14,13,12,9,4,15,7,29,8,12,11,27,36,43,31,21,26,47,8,3,11,18,6,10,11,24,18,13,16,11,14,7,11,10,11,8,6,5,8,10,12,9,28,21,13,18,30,9,7,15,6,13,11,7,8,12,7,8,7,13,9,10,20,32,20,13,24,15,18,18,10,21,14,15,11,7,10,9,15,12,19,13,9,8,7,12,3,12,13,9,16,9,6,10,8,12,4,13,10,9,9,10,6,9,3,11,10,8,8,5,10,7,7,5,7,6,20,11,14,20,4,9,1,27,15,6,7,6,12,13,11,6,7,4,12,8,6,,,,5,22,,9,22,16,8,99,12,12,13,9,15,15,16,9,13,11,18,23,11,14,28,12,6,22,18,12,8,10,6,6,8,9,19,14,4,5,10,13,6,6,14,25,8,12,17,16,28
20190317,4,NO2,61,82,65,86,76,69,75,8,30,70,85,71,72,66,70,54,28,61,51,64,96,81,125,55,46,97,92,66,79,118,35,31,31,69,49,83,54,82,73,22,21,34,37,28,91,19,14,49,86,54,98,74,53,88,19,35,63,33,42,51,32,65,28,4,45,38,12,29,9,91,55,22,68,65,42,40,60,45,40,57,18,,64,64,96,100,91,47,63,88,86,57,10,29,65,26,15,7,13,39,12,15,42,24,65,34,87,42,59,49,63,29,45,43,35,45,25,23,28,14,91,86,38,70,75,32,26,25,41,30,47,43,29,13,18,24,21,4,22,17,44,19,19,25,10,20,20,81,46,60,50,76,22,13,40,23,55,52,81,,,,,,58,47,87,17,42,35,89,77,44,73,61,55,121,94,92,57,69,14,21,91,51,51,15,37,35,70,58,56,81,61,53,70,12,4,25,61,18,8,6,30,53,50,31,25,19,25,22,13,21,10,10,11,9,21,4,6,25,71,70,79,76,43,22,65,37,113,101,60,28,37,16,11,15,17,24,35,31,34,39,18,19,23,15,35,79,82,59,35,62,31,80,41,58,27,59,36,15,55,17,33,17,46,15,46,33,31,28,27,14,10,16,18,13,21,15,13,10,16,12,15,13,26,15,45,13,44,13,18,17,3,5,9,12,11,30,12,5,24,8,5,13,4,11,15,9,8,25,4,22,11,5,,,,11,51,,36,75,38,49,12,37,59,31,37,23,15,54,26,22,11,90,17,10,13,7,1,19,46,66,70,43,46,47,15,54,73,48,41,9,27,42,58,17,29,26,45,33,24,36,24,27
20190317,4,NO2_24h,36,60,38,66,58,38,49,13,24,42,50,44,40,46,38,34,36,41,47,57,72,67,90,29,56,65,65,55,53,65,47,41,33,57,36,54,43,64,49,26,30,47,35,27,68,23,22,50,56,36,59,67,65,71,24,43,61,44,52,55,30,58,31,8,46,38,20,26,11,78,45,37,46,58,53,45,39,24,27,29,19,,49,39,53,53,49,48,44,51,52,40,28,26,46,29,22,12,15,31,16,17,38,19,40,24,56,25,46,44,37,29,28,30,30,32,25,24,27,25,75,62,43,57,46,41,30,40,49,37,34,35,30,14,26,18,24,6,29,31,36,33,20,32,25,20,24,68,48,54,43,59,19,16,44,22,37,44,40,,,,,,42,45,50,25,26,27,62,59,56,54,55,49,71,52,54,46,38,30,28,83,50,34,21,29,33,49,42,47,50,34,47,46,14,11,26,19,19,15,9,19,28,34,30,24,18,23,19,19,21,8,14,13,14,21,11,17,22,46,42,47,59,42,26,58,47,41,70,45,42,47,18,24,17,34,26,26,40,51,31,26,45,36,29,31,50,51,43,39,37,39,40,41,52,30,51,28,38,33,29,28,18,49,25,35,31,39,25,33,18,20,23,22,22,20,17,19,16,23,16,27,21,34,30,36,26,44,23,31,25,4,12,14,23,15,35,20,14,25,10,10,19,9,13,19,10,11,37,9,31,20,7,,,,8,30,,29,59,39,37,22,29,32,30,41,18,19,33,23,28,23,35,20,15,15,10,13,19,41,34,47,41,35,39,20,38,43,37,35,9,31,43,44,20,36,30,33,28,26,24,18,25
20190317,4,O3,20,10,24,9,5,10,5,64,27,5,4,15,4,17,6,13,61,11,33,49,13,12,6,43,42,20,22,32,20,11,67,64,54,11,56,8,42,37,7,83,69,36,37,51,8,83,129,11,17,34,5,7,3,12,105,79,27,65,43,50,72,15,18,79,19,36,54,77,95,5,42,97,27,22,5,11,12,30,28,10,115,,41,25,4,5,7,52,13,6,14,38,92,55,25,46,118,120,100,17,97,86,34,57,9,54,7,13,20,44,11,21,13,17,21,23,39,39,19,55,16,13,38,8,5,80,87,83,27,20,27,22,20,31,51,38,27,98,55,48,33,31,22,46,61,48,15,13,43,3,25,4,54,80,25,56,31,37,3,,,,,,17,15,8,95,16,31,16,15,63,36,32,2,4,4,11,45,20,45,22,7,19,28,88,50,89,15,8,9,10,10,3,6,55,67,32,12,35,45,95,31,12,10,12,18,46,35,40,37,30,71,64,54,70,51,89,51,26,29,44,13,30,46,28,48,64,6,12,39,72,77,124,38,45,58,41,4,11,17,8,50,60,30,24,16,7,17,24,52,27,51,6,47,24,39,9,44,63,4,29,37,35,5,25,6,11,35,11,19,11,38,32,31,36,18,21,42,36,34,35,44,44,27,74,13,35,7,39,42,46,62,63,71,27,42,4,59,39,51,36,106,72,84,59,69,83,49,37,107,39,47,95,,,,42,34,,18,6,24,21,69,34,12,38,45,63,91,38,55,41,118,32,128,97,131,58,96,92,26,14,18,47,38,30,57,28,13,26,34,38,28,16,3,80,57,58,25,23,82,22,42,20
20190317,4,O3_24h,87,94,102,91,96,112,103,107,98,91,94,103,108,95,95,86,84,94,88,161,122,140,127,138,146,107,147,107,138,146,135,141,124,151,140,141,134,121,150,184,119,157,126,146,121,144,155,80,110,92,122,109,66,196,117,117,156,125,211,160,125,114,57,84,72,87,68,111,120,104,116,125,103,42,63,57,101,99,84,91,158,,145,116,116,111,112,150,93,116,133,101,139,105,135,66,142,148,145,116,130,147,98,137,104,125,92,96,129,134,99,82,89,85,86,82,102,83,90,98,131,135,99,116,119,126,120,158,125,113,116,104,94,101,72,115,56,120,106,93,119,79,65,93,94,79,123,121,124,123,115,126,125,114,113,81,133,109,109,,,,,,110,130,112,108,113,104,147,156,155,149,169,155,143,155,154,165,107,114,58,164,190,102,165,149,143,134,103,108,133,105,79,98,84,92,83,104,81,85,112,89,91,81,77,69,94,82,97,100,78,88,93,86,90,101,104,69,94,149,143,141,108,124,124,128,140,137,94,139,126,125,154,94,117,102,112,124,78,64,102,88,68,67,53,122,117,126,113,150,154,130,135,147,118,107,110,115,117,124,113,143,108,43,97,84,46,68,64,85,86,60,52,46,54,95,62,52,60,70,48,85,102,82,98,80,71,92,99,93,74,104,70,124,82,64,63,79,62,72,65,129,92,103,139,119,123,69,166,114,122,115,109,,,,85,94,,111,92,98,118,138,125,129,124,123,122,121,123,120,138,127,88,143,124,142,82,108,105,113,116,128,102,103,56,71,175,122,79,102,88,51,33,26,103,155,137,87,87,140,85,94,92
20190317,4,O3_8h,17,9,40,10,7,25,9,64,30,15,21,43,4,21,10,18,54,11,23,61,13,20,8,65,16,20,32,32,28,18,53,58,52,11,76,18,33,30,25,103,77,41,44,54,14,81,133,11,16,44,8,9,3,17,98,75,31,67,51,51,77,20,23,77,16,30,46,81,100,6,50,96,36,22,5,12,8,35,29,19,123,,53,41,5,26,10,55,14,12,8,40,83,55,29,35,121,124,102,26,105,98,37,78,18,74,18,17,24,33,15,22,23,19,27,38,40,41,18,59,16,15,42,8,8,85,93,85,17,21,39,19,25,32,51,43,27,93,51,42,52,18,15,39,62,53,21,14,39,3,26,7,55,84,23,55,25,33,10,,,,,,25,20,13,92,18,36,24,28,71,52,51,2,6,14,20,44,29,51,17,17,18,35,95,64,100,16,7,12,24,17,3,11,55,69,29,20,35,40,96,39,18,10,15,28,51,26,46,39,29,73,61,52,67,55,91,59,30,43,45,17,44,48,34,32,62,29,26,41,67,70,129,36,52,60,50,6,13,20,15,51,61,37,34,17,7,20,34,56,63,63,15,61,19,45,16,64,69,6,35,39,29,12,22,9,11,31,12,20,10,40,32,32,36,20,24,43,36,39,36,44,42,32,52,19,26,4,42,39,49,62,58,75,29,44,5,65,39,54,27,98,71,83,67,85,80,50,35,105,42,51,90,,,,49,49,,21,9,24,29,84,35,19,29,32,69,92,34,60,48,116,58,131,104,136,55,94,92,14,12,17,52,18,30,62,21,12,10,28,38,28,15,6,66,51,64,29,34,105,32,40,25
20190317,4,O3_8h_24h,26,14,51,12,11,50,17,65,35,27,49,62,6,27,15,26,55,14,23,74,13,34,15,76,16,20,40,34,35,29,53,58,54,14,97,24,36,41,34,123,85,47,53,61,21,86,136,15,17,55,14,12,3,25,101,78,34,77,55,53,84,26,27,77,19,30,46,85,104,7,61,99,48,24,6,13,14,38,35,26,136,,60,64,8,43,14,61,16,16,9,42,83,58,39,35,125,131,107,33,113,107,44,102,29,93,29,21,27,36,20,24,35,23,40,52,42,47,22,61,17,18,42,11,10,88,97,94,19,22,50,21,33,34,57,47,29,93,53,42,69,18,15,39,66,57,27,18,39,4,30,15,57,89,31,58,26,34,20,,,,,,31,26,22,92,21,38,39,48,85,83,66,3,9,38,36,45,40,56,17,28,20,41,99,80,115,20,8,15,36,29,3,20,56,72,31,28,36,40,97,45,28,11,22,36,57,31,53,40,30,76,62,57,68,62,96,63,34,59,57,19,56,52,39,34,64,43,37,44,68,77,134,38,60,60,57,9,19,28,25,56,64,50,45,25,8,35,44,61,82,72,35,73,27,51,21,74,77,14,39,43,30,18,25,11,12,35,14,21,10,42,32,33,38,25,26,46,36,41,37,47,45,36,52,26,25,4,46,40,50,62,58,78,31,46,5,69,40,55,27,99,72,83,74,102,80,52,40,105,52,64,90,,,,58,77,,23,13,25,32,114,38,30,31,32,72,95,54,67,57,116,70,132,112,139,55,94,94,14,16,17,54,18,30,71,21,13,10,36,39,31,15,11,66,51,72,42,44,122,39,49,34
20190317,4,CO,0.458,1.578,0.925,1.733,1.34,0.825,0.833,0.6,0.56,0.9,1.033,0.7,0.725,0.822,1.162,0.609,0.57,1.222,0.95,0.85,1.089,0.75,0.72,0.78,0.614,0.867,1.1,0.933,0.95,1.3,0.52,0.76,0.78,0.955,0.813,0.95,0.867,0.874,1,0.533,0.5,0.6,0.533,0.567,0.85,0.65,0.425,0.856,0.827,0.856,0.8,0.91,1.06,0.68,0.523,0.475,0.738,0.35,0.55,0.62,0.56,0.767,0.863,0.54,0.714,0.633,0.42,0.8,0.433,0.785,0.65,0.75,1.043,2.714,1.1,1.014,1.417,0.92,0.375,0.833,0.45,,0.85,1.333,1.333,1.467,1.95,0.8,0.967,1.44,0.933,1.967,0.25,0.567,1.175,0.78,0.517,0.5,0.5,0.7,0.533,0.567,0.667,0.667,0.933,1,0.867,2.86,1.3,1.175,0.817,0.65,1.629,0.8,0.88,0.84,0.757,0.78,0.74,0.42,1.475,0.8,0.489,0.657,1.48,0.933,0.75,0.575,0.725,0.66,0.567,1,1.025,0.625,0.75,0.925,0.733,0.6,0.425,0.7,0.7,0.575,0.7,0.45,0.45,0.583,1,1.04,0.5,0.8,0.938,0.4,0.967,0.35,1,0.8,0.6,1.4,0.6,,,,,,1.2,1.1,1.9,0.8,1.2,1.25,1.067,1.2,0.7,0.6,0.9,1.15,1.267,1,1.05,1.35,0.55,0.8,0.8,1.05,0.7,0.75,0.45,0.825,0.667,2.967,0.9,0.775,5.06,0.567,0.833,1.4,0.433,0.25,0.6,0.7,0.6,0.1,0.433,0.46,0.75,1.067,1.15,0.55,0.95,0.6,0.4,0.467,0.975,0.55,0.325,0.333,0.32,0.767,0.433,0.4,0.65,0.8,0.65,0.867,1.133,0.66,0.533,0.75,0.567,0.733,0.675,0.5,0.633,0.633,0.52,0.45,0.575,0.575,0.733,0.4,0.76,0.767,0.45,1.06,0.625,0.514,0.95,0.45,0.767,0.975,0.95,0.767,0.475,0.7,1.357,0.467,1.117,0.8,0.767,0.68,0.85,0.8,0.425,0.733,0.55,1.117,0.76,1.28,1,0.62,0.74,0.54,0.667,0.725,0.9,1.367,0.675,0.9,0.75,0.4,0.633,1.05,0.8,0.45,0.5,0.55,0.58,0.7,0.58,0.66,0.375,0.375,0.44,0.533,0.3,0.58,0.5,0.525,0.65,0.5,0.1,0.45,0.2,0.55,0.7,0.6,0.75,1.05,1.067,0.95,1.15,0.55,0.9,0.8,0.5,,,,0.767,0.5,,1.1,0.943,0.533,0.5,0.45,0.6,0.95,0.55,0.45,0.55,0.433,0.7,0.7,1.2,0.1,0.6,0.5,1.1,0.6,1.2,0.3,0.3,0.7,0.733,1.067,0.9,1.5,1.733,0.2,1.4,1.8,1.1,1.167,2.9,0.6,2,3.8,0.1,0.75,0.5,0.65,0.933,0.675,0.925,0.775,1.675
20190317,4,CO_24h,0.458,1.106,0.65,1.8,1.36,1.05,0.65,0.7,0.5,0.725,0.8,0.633,0.575,0.711,0.913,0.7,0.61,0.911,0.992,0.72,0.956,0.525,0.66,0.7,0.729,0.8,0.763,0.889,0.75,1.025,0.66,0.88,0.74,0.855,0.738,0.75,0.803,0.951,0.867,0.567,0.567,0.6,0.533,0.567,0.65,0.5,0.375,0.722,0.773,0.778,0.644,0.95,0.99,0.75,0.585,0.6,0.825,0.55,0.725,0.78,0.62,0.8,0.85,0.62,0.727,0.622,0.45,0.775,0.45,0.762,0.85,1.525,1.1,2.343,1.057,0.757,0.867,0.62,0.4,0.667,0.4,,0.75,0.867,0.733,1.167,1.067,0.68,0.65,0.88,0.833,0.933,0.35,0.433,0.725,0.96,0.6,0.6,0.567,0.7,0.6,0.667,0.633,0.733,0.8,0.933,0.767,1.15,1.08,1.113,0.7,0.625,0.871,0.65,1.28,0.74,0.757,0.74,0.68,0.4,0.9,0.78,0.544,0.671,0.86,0.8,0.683,0.675,0.65,0.7,0.667,0.967,0.9,0.65,0.8,0.9,0.8,0.65,0.475,0.733,1.2,0.65,0.65,0.5,0.533,0.55,1.1,0.94,0.55,0.925,0.888,0.6,0.7,0.45,1.375,0.7,0.567,1.2,0.75,,,,,,1.1,0.9,1.4,0.9,0.85,0.95,0.933,1,0.6,0.45,0.65,1.15,0.8,0.75,0.9,1.3,0.55,0.9,0.8,0.8,0.8,0.65,0.525,0.775,0.633,1.683,0.7,1.075,2.26,0.5,0.9,1.2,0.467,0.4,0.667,0.35,0.5,0.1,0.467,0.44,0.6,0.833,1,0.75,0.9,0.7,0.35,0.567,0.775,0.525,0.575,0.4,0.38,0.6,0.567,0.45,0.65,0.783,0.533,0.767,1.167,0.74,0.567,0.8,0.533,0.533,0.625,0.45,0.667,0.7,0.52,0.55,0.6,0.675,0.9,0.46,1.14,0.9,0.4,1.1,0.75,0.657,0.925,0.5,0.5,0.95,0.825,0.8,0.475,0.78,0.857,0.467,1.1,0.85,0.733,0.68,1.05,0.8,0.55,0.7,0.6,1.067,0.88,1.04,1.04,0.62,0.8,0.6,0.733,0.9,0.933,1.267,0.725,0.9,0.75,0.55,0.667,0.95,0.8,0.475,0.5,0.55,0.68,0.65,0.783,0.62,0.45,0.5,0.56,0.567,0.3,0.68,0.64,0.525,0.7,0.5,0.1,0.5,0.2,0.65,0.65,0.667,0.85,0.8,0.867,1,1.25,0.6,1.05,0.85,0.5,,,,1.033,0.6,,1,0.971,0.7,0.5,0.65,0.633,0.65,0.5,0.6,0.55,0.633,0.75,0.55,1.1,0.5,0.6,0.6,0.6,0.7,1.2,0.5,0.3,0.867,0.667,0.8,0.95,1.35,1.533,0.3,0.65,1.15,0.95,1.133,1.9,0.5,1.7,2.8,0.1,0.8,0.55,0.725,0.967,0.75,0.775,0.8,1.1
20190317,5,AQI,64,83,105,94,80,106,76,33,34,84,116,78,101,62,59,61,46,98,54,94,84,114,130,65,85,101,109,119,130,170,81,96,73,76,66,87,91,88,108,63,44,55,43,52,91,58,78,90,117,85,104,70,82,63,50,47,64,41,50,59,59,80,23,50,61,67,32,59,50,88,60,56,71,122,91,77,73,31,46,50,70,,126,103,112,120,113,102,93,122,96,100,73,64,125,58,67,71,52,51,53,48,55,54,97,91,112,61,83,73,72,38,62,78,53,59,64,49,59,39,105,100,61,91,109,96,71,72,65,52,49,57,34,36,46,85,54,48,53,87,64,76,83,67,49,37,53,98,52,74,69,79,53,50,60,78,308,85,128,,,,,,73,65,76,47,88,68,163,109,121,139,138,138,150,76,146,96,72,60,78,84,52,66,56,77,69,105,103,62,100,58,74,108,41,35,34,49,55,21,49,44,98,108,87,30,43,85,66,33,53,68,42,30,33,48,46,56,23,108,105,108,114,60,41,75,83,114,80,103,60,53,74,53,40,38,53,69,56,65,61,54,64,53,54,56,95,84,89,56,86,57,231,71,78,57,67,70,58,68,40,71,44,76,46,61,81,59,58,62,30,45,31,48,40,72,19,42,19,53,32,42,35,56,48,58,40,59,30,48,45,32,29,38,18,30,41,32,19,36,29,49,36,42,72,58,100,26,136,56,63,41,47,,,,35,26,,44,60,56,41,41,54,69,64,39,45,52,64,39,49,63,57,76,55,78,29,47,137,57,29,80,64,78,94,52,137,272,185,85,38,24,165,223,153,92,54,54,54,63,59,43,80
20190317,5,PM2.5,22,61,73,68,41,79,52,16,20,49,87,55,75,24,19,43,22,73,36,70,56,85,98,38,62,73,81,89,98,128,53,71,44,53,45,57,49,65,80,39,25,36,23,35,57,40,30,47,58,56,77,47,60,29,25,17,34,23,23,31,24,58,16,15,41,48,21,41,13,45,24,23,43,92,67,56,51,13,21,16,29,,95,76,71,90,77,55,66,92,68,73,45,40,94,40,30,19,23,30,26,28,38,30,72,67,74,25,61,47,36,17,36,57,30,31,45,26,41,27,78,75,33,60,81,71,44,52,28,34,24,37,22,13,32,62,37,16,36,64,37,55,61,48,34,24,24,73,31,18,38,39,12,14,26,57,83,58,42,,,,,,46,44,39,13,29,37,123,81,91,106,105,105,115,55,111,71,47,28,57,52,30,42,33,56,49,56,46,24,75,21,30,36,25,8,19,18,38,4,15,19,73,80,64,21,25,62,47,23,31,20,29,16,15,31,9,39,13,80,78,80,85,42,26,54,61,85,54,76,42,31,25,36,28,23,35,42,34,45,43,37,45,29,37,23,60,53,66,33,63,35,180,46,53,32,48,50,40,48,25,51,15,55,32,42,59,41,37,38,19,31,19,33,28,52,13,29,7,36,22,28,24,39,33,39,25,41,21,29,31,15,7,17,12,21,27,16,5,24,13,27,10,7,52,40,75,17,103,22,44,28,13,,,,21,9,,24,27,30,25,14,20,33,45,15,16,21,27,19,20,17,39,29,33,38,14,7,32,31,15,35,27,28,68,29,70,145,92,38,26,8,125,172,53,68,37,24,36,39,35,23,58
20190317,5,PM2.5_24h,20,43,38,52,35,33,43,16,16,28,50,50,27,28,24,25,24,48,40,50,46,58,61,31,62,55,48,62,66,70,58,56,49,59,43,46,59,71,56,43,27,36,33,32,42,30,26,34,47,37,48,47,56,42,26,23,42,29,35,39,27,56,26,13,41,39,31,39,12,48,31,39,32,120,60,56,32,11,20,17,26,,56,46,48,53,49,55,41,62,52,51,43,25,54,40,22,23,25,22,21,27,39,25,41,51,42,19,34,46,28,18,25,29,25,26,36,31,35,28,49,60,37,38,43,48,35,53,26,34,27,32,24,11,40,55,39,18,42,59,33,44,56,44,35,19,37,60,31,25,35,37,16,17,30,47,68,54,37,,,,,,53,40,37,20,22,27,71,49,59,58,63,75,61,53,80,62,36,36,54,52,44,35,37,53,42,31,30,29,49,14,31,35,24,18,25,15,33,5,17,17,30,48,43,29,28,46,33,27,34,18,25,12,18,27,18,36,22,59,61,59,55,40,33,56,55,56,40,49,40,40,27,28,32,25,32,37,38,47,35,38,51,36,43,29,31,34,37,56,50,44,119,42,46,31,44,38,49,39,30,38,18,53,37,42,57,48,35,35,21,38,40,53,48,46,26,42,21,50,37,22,27,44,42,36,34,41,37,40,39,15,13,20,22,28,27,19,12,26,22,34,20,12,61,35,55,28,106,24,53,40,23,,,,26,10,,30,24,32,23,25,24,32,39,19,20,25,28,20,24,26,45,30,35,30,21,12,16,36,20,33,37,21,88,36,58,110,46,46,15,11,138,185,64,67,38,22,29,25,22,19,49
20190317,5,PM10,76,99,158,135,108,155,99,27,33,115,156,103,150,72,65,69,45,120,55,76,116,102,122,78,116,150,135,129,139,170,110,104,93,100,79,121,129,93,136,73,43,58,42,52,130,49,50,128,182,117,156,87,67,74,48,46,75,40,49,65,65,74,19,49,70,81,31,59,23,123,67,60,89,165,88,73,93,30,45,49,46,,162,133,172,131,173,152,134,182,139,147,93,76,147,55,54,40,46,50,54,41,58,55,94,97,171,70,113,94,91,37,72,91,54,66,65,48,66,37,101,120,69,130,160,93,90,65,77,51,48,61,33,35,34,76,47,35,44,81,76,60,85,62,40,36,53,135,52,95,85,105,54,49,67,96,425,117,204,,,,,,93,78,100,41,124,83,145,115,143,133,137,177,167,100,146,122,92,68,92,116,51,79,59,102,72,157,154,72,146,64,96,164,40,14,33,48,47,10,32,43,83,117,77,29,42,,71,29,53,83,37,29,30,47,21,52,22,139,140,145,151,63,40,96,112,150,107,98,60,54,35,37,36,37,53,85,59,78,54,53,65,54,52,59,137,115,103,60,97,62,208,90,104,61,82,76,62,84,39,81,43,68,36,69,82,58,64,71,29,39,30,44,35,67,14,33,12,39,,41,29,55,44,63,39,59,27,47,43,17,11,28,14,28,40,23,10,35,28,42,31,24,49,48,83,19,142,49,67,40,15,,,,34,14,,43,67,59,40,31,55,86,67,38,44,51,76,38,48,28,62,47,58,49,19,35,222,62,28,107,75,103,135,52,222,399,318,118,31,23,211,260,254,81,55,55,55,74,66,42,85
20190317,5,PM10_24h,59,91,95,118,79,88,89,45,44,61,100,102,81,77,61,50,53,78,69,78,101,89,100,76,134,102,105,99,97,118,109,100,87,109,74,95,105,110,109,80,50,73,60,58,97,55,58,93,126,96,106,99,71,75,43,46,79,49,63,65,59,78,35,41,65,62,48,62,32,115,78,97,66,181,83,82,61,32,43,44,57,,134,108,115,104,127,144,107,137,104,109,114,65,113,57,52,41,48,47,50,47,52,56,62,78,123,41,77,84,56,48,51,60,47,61,51,63,61,43,84,98,83,92,79,87,72,88,77,65,53,60,38,29,52,72,53,35,57,71,71,59,78,63,53,32,69,113,65,85,77,102,54,58,85,79,311,135,125,,,,,,105,91,98,49,72,70,119,98,106,109,99,134,109,82,101,106,73,80,93,116,76,61,69,104,75,99,113,73,102,48,84,100,44,25,45,27,58,22,30,55,60,82,57,47,49,,53,41,54,38,38,27,28,41,41,52,41,121,121,107,106,72,58,109,126,115,88,86,69,72,47,46,41,56,58,74,77,88,54,67,94,69,75,65,74,76,73,84,93,91,153,91,96,64,92,66,95,80,71,75,43,78,48,66,84,63,60,69,36,55,54,71,65,62,40,58,25,62,52,41,39,63,52,56,56,70,48,65,54,19,20,36,35,38,52,26,21,38,23,60,41,37,77,56,68,39,152,53,96,86,32,,,,38,14,,59,63,77,52,57,48,70,71,55,57,58,76,40,54,54,78,59,67,56,34,33,55,61,39,97,106,81,144,58,226,309,197,124,36,26,185,279,283,99,73,53,44,62,50,57,70
20190317,5,SO2,3,19,18,38,36,28,18,6,7,10,27,28,17,18,14,18,13,10,21,8,17,8,17,11,13,19,12,19,17,33,9,8,14,8,12,12,8,17,8,5,5,15,14,7,8,5,5,12,13,8,13,7,10,10,5,5,12,5,9,17,11,25,6,4,8,5,7,19,2,8,17,14,31,7,12,11,20,11,8,15,8,,42,33,36,36,47,30,15,13,34,51,6,7,35,13,9,4,7,12,14,8,25,13,18,11,18,52,27,49,28,19,19,14,14,33,9,17,6,7,20,29,13,20,28,15,12,13,14,7,9,6,7,2,7,9,12,2,3,10,25,12,15,2,4,8,14,9,10,8,12,10,5,2,32,3,7,16,19,,,,,,8,9,22,9,7,7,17,9,15,11,14,6,19,16,14,14,13,6,3,13,5,43,10,10,8,49,67,28,41,49,27,173,6,1,12,22,5,5,11,29,23,11,8,2,11,5,15,6,11,8,8,5,6,17,6,7,27,28,15,22,61,8,9,12,5,14,10,14,5,5,5,6,5,12,6,9,13,20,19,8,26,10,7,13,21,19,21,10,9,4,10,7,7,11,18,49,7,5,4,9,3,9,8,5,14,9,6,8,7,8,4,13,6,8,6,7,6,5,2,11,8,6,5,5,6,10,8,4,7,6,15,15,11,16,4,5,2,12,7,5,6,6,14,15,15,5,5,4,10,7,5,,,,4,20,,12,23,14,4,12,10,4,17,7,9,11,11,12,10,9,24,31,10,10,27,6,6,15,17,12,5,5,6,5,6,10,16,11,3,3,7,7,6,5,14,17,8,13,23,19,16
20190317,5,SO2_24h,3,17,14,36,34,21,16,8,8,7,23,17,13,23,14,20,12,12,24,9,17,12,18,12,13,14,12,15,18,18,18,14,12,11,12,11,11,26,10,8,6,15,12,9,10,5,6,16,21,10,13,13,7,9,5,7,12,7,11,12,9,17,7,4,8,6,12,13,3,8,16,24,38,7,12,12,18,10,9,18,10,,23,19,17,28,35,27,11,21,20,25,12,4,19,14,10,6,5,10,11,9,15,13,13,11,13,23,18,36,25,17,17,17,19,35,11,16,7,21,21,19,14,14,15,14,12,16,12,9,12,8,8,2,10,9,14,2,4,10,40,12,10,4,5,11,15,10,14,12,10,13,12,12,59,4,7,22,24,,,,,,14,17,22,8,7,9,18,11,19,11,15,9,15,17,14,13,12,9,4,15,7,28,8,12,10,27,36,42,31,22,26,52,8,3,11,18,6,10,11,23,18,13,16,11,14,7,11,10,11,8,6,5,8,11,12,9,28,21,13,18,32,9,7,15,6,13,10,7,8,12,7,8,6,13,9,10,20,32,19,12,24,15,18,17,9,21,14,15,11,7,10,9,15,12,19,14,9,8,7,12,3,12,13,9,16,9,6,10,8,12,4,13,10,10,8,9,6,9,3,11,10,8,8,5,10,7,6,5,7,6,20,11,14,20,4,9,1,28,15,6,7,6,12,13,11,6,7,4,12,8,6,,,,5,21,,9,22,16,7,99,12,12,13,9,15,15,16,9,13,11,19,23,12,14,28,12,6,22,18,13,8,10,6,6,7,9,18,14,4,5,9,11,6,6,14,25,8,12,17,16,28
20190317,5,NO2,62,78,75,89,73,70,68,7,35,77,87,75,57,66,67,55,30,60,42,64,98,76,115,59,44,93,86,65,79,108,26,19,32,63,52,80,43,89,71,31,21,30,44,25,87,19,13,47,83,67,96,72,49,86,20,32,72,33,40,56,37,67,27,5,45,37,11,42,9,85,54,13,66,64,40,44,59,47,42,55,16,,78,67,96,88,87,59,68,91,58,50,36,29,64,21,15,8,12,40,12,14,42,27,70,35,95,42,58,54,61,28,46,40,38,41,23,19,30,18,92,84,34,68,75,39,31,24,52,29,40,39,29,14,15,21,22,3,19,18,58,18,17,30,9,18,17,79,44,57,48,71,17,18,43,22,53,76,78,,,,,,53,45,81,18,30,38,80,75,43,81,78,52,124,89,89,52,69,16,25,82,62,54,18,43,53,73,63,49,78,54,50,75,13,4,27,59,19,6,6,26,60,50,36,21,22,22,28,18,21,10,11,10,23,20,4,7,27,68,67,79,82,37,24,64,40,105,113,48,38,43,16,14,14,18,23,31,26,30,41,12,14,21,14,33,78,84,80,34,71,30,76,46,58,24,63,35,20,46,21,33,18,45,15,42,28,32,28,24,13,12,16,21,13,20,13,14,7,13,11,19,11,24,16,46,13,38,14,18,17,2,6,8,9,10,27,13,6,13,8,7,11,5,11,14,10,8,24,4,30,7,4,,,,10,50,,30,74,34,45,14,39,44,22,44,10,13,38,20,23,13,68,16,9,20,8,3,19,44,31,67,46,30,46,14,61,61,45,44,7,35,48,56,14,28,22,44,36,32,44,28,28
20190317,5,NO2_24h,36,60,38,67,58,39,50,13,24,42,51,45,40,46,39,34,36,42,47,57,73,68,93,31,55,68,67,56,54,67,47,40,33,58,36,54,43,66,51,26,31,46,35,26,68,22,21,48,58,39,59,66,65,71,23,42,61,43,51,55,30,59,32,8,46,38,20,27,11,78,44,36,47,59,53,45,39,26,28,30,19,,50,40,56,53,51,48,46,53,53,40,26,27,47,29,21,12,16,31,16,16,38,19,42,24,59,25,46,45,37,29,29,30,30,32,25,24,27,25,76,62,42,58,48,40,30,38,49,37,33,35,30,15,26,18,24,6,28,31,36,32,20,32,25,20,25,68,48,54,43,59,19,16,43,22,37,46,42,,,,,,44,46,52,24,27,27,63,61,56,56,57,48,74,52,57,48,40,30,28,84,51,35,20,30,32,49,42,46,50,35,47,47,14,10,26,21,19,15,9,19,29,34,30,23,18,24,19,19,21,8,14,13,15,21,11,17,22,47,43,49,59,41,26,58,48,43,71,46,41,46,17,23,17,33,26,27,39,50,32,25,44,36,28,30,51,51,45,39,38,37,42,40,51,30,51,27,35,34,28,28,18,49,24,36,31,38,25,32,18,20,23,22,21,19,18,19,15,21,16,26,20,34,30,36,26,44,23,31,25,4,12,14,23,15,35,20,14,25,10,10,19,9,13,17,10,11,37,9,31,18,7,,,,8,30,,29,59,39,38,22,29,33,28,41,17,18,32,22,27,23,35,20,15,15,10,12,20,42,34,48,42,34,40,20,39,44,37,35,9,32,43,44,20,36,30,33,28,26,25,18,25
20190317,5,O3,18,10,14,7,5,10,8,62,22,3,4,10,18,12,7,10,58,10,39,43,11,11,6,36,41,20,20,27,19,10,73,79,54,10,50,7,46,26,7,66,66,38,27,52,6,79,125,9,18,24,5,5,5,12,103,78,20,60,48,40,62,11,15,74,16,35,55,58,93,4,43,111,27,22,5,6,5,22,26,12,118,,26,23,3,7,7,39,9,4,34,37,55,55,23,50,114,116,97,17,92,84,33,56,5,48,5,12,18,38,10,23,11,17,15,25,39,45,16,49,4,9,34,5,5,65,81,83,17,21,31,22,21,25,65,37,25,99,52,44,19,36,24,34,62,49,16,13,44,4,25,4,64,69,21,57,31,13,3,,,,,,18,18,7,93,43,23,19,11,58,27,11,2,5,4,8,44,18,41,16,7,6,22,84,37,57,7,5,14,12,12,3,8,49,68,27,7,33,48,95,36,37,11,5,19,38,37,28,30,33,72,62,54,53,50,88,48,26,33,39,14,24,49,25,47,58,11,18,45,48,62,116,31,47,48,38,4,15,20,6,46,67,37,24,14,8,11,11,51,14,57,9,37,21,42,8,39,49,11,17,34,31,7,27,7,17,34,11,20,11,34,32,27,30,17,21,38,40,38,35,36,48,29,71,7,39,15,32,42,42,65,50,70,33,46,4,54,27,58,34,97,73,85,59,65,74,51,29,109,22,52,100,,,,43,35,,22,6,24,23,67,31,24,45,39,70,91,53,59,34,107,38,122,94,118,60,87,94,21,40,17,44,50,31,56,9,20,29,31,32,21,10,1,78,55,58,23,19,62,13,34,22
20190317,5,O3_24h,87,94,102,91,96,112,103,107,98,91,94,103,108,95,95,86,84,94,89,161,122,140,127,138,146,107,147,107,138,146,135,141,124,151,140,141,134,121,150,184,119,157,126,146,121,144,155,80,110,91,122,109,66,196,117,117,156,125,211,160,125,114,55,84,72,87,67,111,120,104,116,125,103,42,63,57,101,99,84,91,158,,145,116,116,111,112,150,93,116,133,101,139,105,135,66,142,148,145,116,130,147,98,137,104,125,92,96,129,134,99,82,89,85,86,82,102,83,90,98,131,135,99,116,119,126,120,158,125,113,116,104,94,98,72,115,56,120,106,93,119,79,65,93,94,79,123,121,124,123,115,126,125,114,113,81,133,109,109,,,,,,110,130,112,108,113,104,147,156,155,149,169,155,143,155,154,165,107,114,58,164,190,102,165,149,143,134,103,108,133,105,79,98,84,92,83,104,81,85,111,89,92,81,77,69,94,82,97,100,78,88,93,86,90,101,104,69,94,149,143,141,108,124,124,128,140,137,94,139,126,125,154,94,117,102,112,124,78,64,102,88,70,67,53,122,117,126,113,150,154,130,135,147,118,107,110,115,117,124,113,143,108,43,97,84,46,68,64,85,86,60,49,45,54,95,62,52,60,70,48,85,102,82,98,80,71,92,99,93,74,104,70,124,80,64,63,79,59,66,65,129,92,103,139,119,123,69,166,114,122,115,109,,,,85,94,,111,92,98,118,138,125,129,124,123,122,121,123,120,138,127,88,143,124,142,82,108,105,113,116,128,102,103,56,71,175,122,79,102,88,51,33,26,103,155,137,87,87,140,85,94,92
20190317,5,O3_8h,16,9,35,9,7,22,9,64,28,13,18,37,7,19,10,16,55,11,25,57,12,18,8,60,21,20,30,30,26,17,57,63,53,11,71,16,35,28,21,96,74,40,41,54,12,80,132,11,17,40,8,9,3,16,99,75,28,65,50,49,74,18,22,76,16,32,47,76,99,5,48,99,34,22,5,11,8,33,28,18,122,,48,38,5,23,9,50,13,10,14,39,56,55,28,38,119,123,101,24,102,95,36,74,16,68,16,16,23,32,12,22,21,18,25,35,40,42,18,57,14,14,42,7,7,81,90,85,18,21,38,19,23,30,54,42,26,95,51,42,46,22,17,38,62,52,20,14,40,4,26,6,57,81,23,56,26,29,8,,,,,,24,19,12,92,23,34,23,24,68,47,43,2,5,12,17,43,27,49,17,15,16,32,93,59,92,14,7,12,22,16,3,11,54,69,28,18,35,41,96,39,22,10,13,26,49,28,42,38,29,73,61,53,64,54,91,56,29,41,43,17,40,48,33,32,62,24,24,42,64,69,127,35,51,57,48,6,13,20,13,50,62,37,32,16,7,18,30,55,53,62,14,56,18,44,14,59,65,6,31,39,29,11,23,9,12,32,12,20,10,39,32,30,35,20,23,42,37,39,36,42,43,32,52,17,28,6,40,40,48,62,56,74,30,44,4,63,37,55,29,97,71,83,66,82,79,50,34,106,38,51,92,,,,48,46,,21,9,24,27,81,34,20,32,33,69,92,38,59,45,114,54,129,102,132,56,93,93,15,18,17,50,25,30,61,19,14,13,29,37,27,14,5,69,52,63,28,31,97,28,39,25
20190317,5,O3_8h_24h,26,14,51,12,11,50,17,65,35,27,49,62,7,27,15,26,56,14,26,74,13,34,15,77,21,20,40,34,35,29,57,63,55,14,97,24,38,41,34,123,85,47,53,61,21,86,136,15,18,55,14,12,3,25,102,79,34,77,55,54,85,27,27,78,19,32,48,85,104,7,61,100,48,24,6,13,14,38,35,27,136,,60,64,8,43,14,61,17,16,14,42,57,59,39,38,125,131,107,33,113,107,44,102,29,93,29,21,27,36,17,24,35,23,40,52,43,47,22,61,17,18,42,11,10,88,97,94,19,22,50,22,33,34,59,49,29,95,53,43,69,22,17,40,66,57,27,18,41,4,30,15,57,89,31,58,27,34,20,,,,,,31,26,22,92,24,38,39,48,85,83,66,3,9,38,36,45,40,56,17,28,20,41,99,80,115,20,8,15,36,29,3,20,56,72,31,28,36,41,97,45,33,11,22,36,57,31,53,40,30,76,62,57,68,62,96,63,34,59,57,19,56,52,39,34,65,43,37,44,68,77,134,38,60,60,57,9,19,28,25,56,64,50,45,25,8,35,44,61,82,72,35,73,27,52,21,74,77,14,39,43,30,18,27,12,13,35,14,21,10,42,32,33,38,25,26,46,37,41,37,47,45,36,52,26,27,6,46,42,50,62,58,78,31,46,5,69,40,55,29,99,72,83,74,102,80,52,40,106,52,64,92,,,,58,77,,24,13,25,32,114,38,30,33,33,72,95,54,67,58,116,70,132,112,139,56,94,94,15,18,17,54,25,30,71,22,16,14,38,39,31,15,11,69,52,72,42,44,122,39,49,34
20190317,5,CO,0.542,1.561,0.938,1.65,1.4,0.875,0.767,0.6,0.58,1.375,1.133,0.833,0.675,0.7,1.25,0.664,0.61,1.167,0.862,0.89,1.1,0.788,0.76,0.8,0.629,0.85,1.1,0.944,0.875,1.15,0.48,0.74,0.82,0.918,0.838,0.925,0.792,0.894,0.967,0.533,0.533,0.6,0.533,0.567,0.91,0.633,0.425,0.822,0.809,0.911,0.8,0.91,1.05,0.65,0.546,0.5,0.75,0.375,0.55,0.64,0.6,0.767,0.863,0.54,0.741,0.633,0.39,0.95,0.467,0.675,0.617,0.7,0.957,2.471,1.114,1.043,1.55,1.1,0.35,0.767,0.425,,1.1,1.433,1.5,1.433,1.95,0.84,0.967,1.32,0.9,1.9,0.367,0.6,1.225,0.76,0.517,0.517,0.467,0.7,0.567,0.5,0.633,0.667,0.9,0.933,0.933,5.2,1.54,1.225,0.85,0.625,2.171,0.817,0.94,1.04,0.771,0.94,0.74,0.46,1.375,0.82,0.433,0.671,1.68,0.933,0.7,0.575,0.7,0.64,0.633,1.033,1.025,0.625,0.725,0.9,0.733,0.6,0.4,0.683,1.1,0.525,0.7,0.525,0.45,0.533,1.05,0.98,0.475,0.7,0.9,0.475,0.967,0.3,1.05,0.82,0.533,1.5,0.55,,,,,,1.45,0.9,2,0.8,1.05,1.2,1.167,1.35,0.7,0.75,0.85,1.15,1.367,1,1.05,1.35,0.6,0.8,0.8,0.95,0.6,0.8,0.45,0.875,0.667,3.583,1.02,0.75,5.16,0.567,0.833,1.467,0.533,0.25,0.633,0.8,0.6,0.1,0.433,0.48,1.525,1.033,1.15,0.55,1.05,0.6,0.45,0.567,0.8,0.475,0.35,0.267,0.36,0.8,0.433,0.4,0.7,0.8,0.7,0.9,1.217,0.7,0.533,0.725,0.567,0.7,0.725,0.5,0.7,0.6,0.54,0.475,0.625,0.6,0.733,0.38,0.68,0.75,0.4,1.08,0.625,0.543,0.95,0.425,1.333,1.05,0.975,0.767,0.575,0.72,1.357,0.4,1.25,0.775,0.733,0.7,0.95,0.85,0.4,0.733,0.55,1.067,0.8,1.28,1,0.54,0.76,0.54,0.7,0.75,0.933,1.4,0.65,0.833,0.7,0.45,0.633,0.95,0.8,0.5,0.5,0.55,0.56,0.675,0.54,0.54,0.4,0.4,0.48,0.533,0.3,0.58,0.44,0.55,0.6,0.5,0.1,0.4,0.2,0.55,0.7,0.667,0.8,0.95,1,0.9,1.15,0.55,0.9,0.8,0.45,,,,0.767,0.6,,1,1,0.5,0.5,0.4,0.567,0.75,0.45,0.4,0.4,0.5,0.6,0.65,1.3,0.2,0.5,0.5,1.2,0.7,1.2,0.3,0.3,0.7,0.567,0.933,0.9,1.4,1.7,0.2,1.25,1.75,0.65,1.2,2.7,0.75,2.35,3.9,0.1,0.75,0.5,0.8,0.9,0.75,1.15,0.9,1.625
20190317,5,CO_24h,0.467,1.128,0.65,1.817,1.36,0.975,0.65,0.7,0.5,0.75,0.8,0.633,0.55,0.7,0.913,0.645,0.62,0.911,0.962,0.74,0.967,0.55,0.68,0.7,0.729,0.8,0.775,0.889,0.75,1.025,0.66,0.88,0.74,0.855,0.75,0.75,0.803,0.951,0.867,0.567,0.567,0.633,0.533,0.567,0.66,0.533,0.375,0.722,0.782,0.789,0.644,0.95,0.98,0.75,0.577,0.6,0.825,0.525,0.725,0.74,0.6,0.8,0.85,0.58,0.732,0.622,0.45,0.775,0.45,0.762,0.833,1.475,1.057,2.329,1.057,0.757,0.9,0.66,0.4,0.667,0.4,,0.75,0.867,0.767,1.167,1.1,0.68,0.683,0.9,0.867,0.967,0.367,0.433,0.775,0.96,0.567,0.6,0.567,0.7,0.6,0.667,0.633,0.733,0.8,0.933,0.767,1.3,1.1,1.125,0.717,0.6,0.914,0.667,1.2,0.74,0.757,0.76,0.68,0.42,0.95,0.78,0.544,0.671,0.88,0.8,0.683,0.675,0.65,0.7,0.633,0.983,0.9,0.65,0.8,0.9,0.8,0.65,0.45,0.733,1.16,0.65,0.65,0.5,0.533,0.55,1.1,0.94,0.55,0.925,0.875,0.6,0.733,0.45,1.375,0.72,0.567,1.2,0.75,,,,,,1.15,0.9,1.5,0.9,0.85,1,0.933,1,0.6,0.5,0.7,1.1,0.833,0.8,0.9,1.25,0.55,0.9,0.8,0.85,0.8,0.65,0.5,0.8,0.633,1.767,0.7,1.025,2.32,0.533,0.9,1.2,0.467,0.4,0.667,0.35,0.533,0.1,0.467,0.44,0.6,0.867,1,0.75,0.9,0.7,0.35,0.567,0.775,0.5,0.575,0.4,0.38,0.6,0.567,0.45,0.65,0.783,0.533,0.767,1.167,0.74,0.567,0.8,0.567,0.533,0.625,0.45,0.667,0.7,0.52,0.55,0.6,0.675,0.867,0.46,1.12,0.867,0.38,1.1,0.75,0.657,0.925,0.5,0.6,0.95,0.875,0.8,0.475,0.78,0.871,0.467,1.1,0.85,0.733,0.68,1.05,0.8,0.55,0.667,0.6,1.067,0.88,1.06,1.04,0.62,0.8,0.6,0.767,0.875,0.933,1.233,0.725,0.9,0.75,0.55,0.667,0.95,0.8,0.45,0.5,0.55,0.68,0.65,0.783,0.6,0.45,0.5,0.56,0.567,0.3,0.68,0.64,0.525,0.65,0.5,0.1,0.5,0.2,0.65,0.75,0.667,0.85,0.8,0.9,1,1.25,0.55,1.05,0.85,0.5,,,,1,0.6,,1,0.971,0.7,0.5,0.65,0.633,0.7,0.5,0.6,0.55,0.633,0.7,0.55,1.1,0.5,0.6,0.6,0.6,0.7,1.2,0.5,0.3,0.867,0.667,0.8,0.95,1.35,1.533,0.3,0.7,1.15,0.95,1.1,1.9,0.5,1.7,2.8,0.1,0.8,0.55,0.725,1,0.75,0.775,0.8,1.15
20190317,6,AQI,74,83,117,93,80,114,68,32,43,95,135,87,94,65,58,71,46,97,54,99,86,116,138,66,80,97,110,125,135,163,75,88,69,72,67,88,90,81,111,65,41,54,43,53,89,59,76,82,115,86,114,69,80,66,51,47,64,47,46,63,63,76,20,44,60,66,37,64,50,82,63,55,73,109,92,77,71,43,50,52,68,,139,89,111,110,114,111,97,117,96,96,76,70,124,56,66,69,52,51,55,47,55,56,92,88,128,66,83,73,69,38,65,98,53,70,60,34,62,41,99,99,66,93,121,98,67,69,73,52,54,56,39,29,48,83,45,48,50,82,63,70,78,64,48,36,58,92,50,67,67,92,52,43,57,73,227,93,105,,,,,,78,59,71,47,69,68,147,108,125,147,131,126,163,78,116,91,73,60,85,68,45,72,58,80,74,115,129,53,110,59,81,111,39,35,35,45,50,23,49,51,88,105,91,25,43,80,87,44,49,62,43,27,36,46,46,55,36,109,105,103,105,61,52,76,93,114,78,114,53,55,71,56,39,37,51,63,60,67,59,54,65,53,55,54,97,76,100,56,98,50,229,82,77,58,74,77,63,72,46,70,41,67,40,58,81,63,57,64,31,36,30,38,32,71,20,43,19,42,29,46,32,60,55,55,39,55,30,47,42,32,28,37,16,24,40,31,18,39,23,49,36,43,67,53,104,26,131,62,60,35,45,,,,35,24,,38,59,54,40,55,61,53,88,36,48,55,59,34,55,62,65,74,52,78,29,46,290,62,27,74,62,64,84,52,135,214,167,78,40,26,164,215,150,88,55,56,55,63,62,48,76
20190317,6,PM2.5,29,61,88,64,39,80,48,14,22,66,102,61,64,28,21,51,23,72,37,74,59,87,105,36,52,68,82,94,102,123,50,65,47,47,46,61,50,59,83,42,24,37,24,36,59,41,30,49,57,58,77,48,58,32,26,18,34,25,21,35,26,55,14,14,42,47,22,45,13,47,28,26,41,81,68,56,47,22,22,20,29,,106,63,74,82,75,64,64,88,69,70,50,43,93,39,34,19,21,30,28,24,38,32,68,65,75,29,60,44,39,19,39,73,35,38,42,20,40,27,74,74,39,62,91,73,44,49,27,33,28,39,25,15,33,61,31,16,35,60,38,50,57,45,33,24,28,68,31,17,41,50,15,12,24,48,72,69,39,,,,,,54,37,33,14,26,43,112,80,94,112,99,95,123,56,87,67,50,28,62,39,30,45,36,55,53,63,48,24,82,22,32,41,26,14,22,29,35,5,14,23,65,78,67,17,30,58,64,25,31,22,28,15,19,32,9,38,19,81,78,76,78,43,31,55,69,85,56,85,34,35,26,39,27,23,33,40,32,48,41,37,46,30,38,25,62,52,75,33,73,33,178,52,50,31,53,56,44,52,27,50,19,48,28,36,59,44,37,43,17,25,17,26,22,51,14,30,4,29,20,32,22,42,38,38,26,38,21,29,29,18,10,18,10,14,27,15,5,27,12,27,11,9,48,36,77,17,99,20,42,24,11,,,,20,9,,22,24,30,23,15,21,28,65,15,20,23,23,16,19,15,42,30,34,35,14,7,62,42,16,32,30,25,60,28,72,129,83,40,25,16,124,164,62,65,38,21,37,44,36,26,55
20190317,6,PM2.5_24h,20,45,40,53,35,34,43,15,16,29,51,51,29,27,23,25,25,49,39,52,47,60,64,33,61,56,50,65,67,73,59,58,50,59,42,46,58,72,59,43,27,36,35,33,42,31,27,35,48,38,50,46,56,42,25,22,41,28,34,39,26,57,25,13,41,39,31,38,12,48,31,39,31,119,59,55,32,12,21,17,27,,59,47,50,55,51,56,43,65,53,52,44,26,56,40,22,22,25,23,20,26,40,25,44,51,44,19,35,46,28,18,26,30,25,27,37,32,35,28,50,61,37,39,45,49,35,53,27,34,27,33,22,11,40,56,39,19,41,59,33,45,57,43,34,20,36,61,31,25,36,37,17,16,31,47,68,56,37,,,,,,54,41,38,20,23,27,75,52,62,61,66,76,64,53,82,61,38,36,54,52,43,35,37,53,42,32,31,28,51,15,31,35,24,17,25,15,33,6,17,17,32,52,45,28,27,47,38,27,35,18,25,12,18,27,18,37,22,60,61,59,56,41,34,56,56,56,40,51,40,39,28,28,32,25,33,38,38,47,35,38,51,36,44,28,32,35,39,55,52,43,120,42,46,31,44,36,49,39,31,37,18,52,36,42,58,48,35,36,21,37,39,52,47,47,25,42,20,49,36,23,27,44,42,37,34,40,36,39,38,15,12,20,22,28,26,18,11,26,22,34,20,12,60,35,58,28,106,24,52,39,17,,,,26,10,,30,24,32,23,24,24,32,40,19,20,25,28,20,24,25,45,30,35,31,21,12,18,37,19,33,35,21,87,36,59,111,47,46,15,11,137,185,65,67,37,23,30,26,23,19,49
20190317,6,PM10,95,98,176,133,107,175,84,23,42,137,166,121,135,77,64,76,45,114,55,83,119,101,125,79,108,142,132,142,139,169,97,95,85,91,82,123,128,89,139,77,40,53,42,48,126,52,53,111,178,119,176,85,69,80,50,46,76,46,45,74,73,79,19,43,67,72,36,73,22,112,73,58,93,113,86,78,89,42,49,51,47,,185,125,169,116,176,170,141,174,140,140,99,88,145,53,51,39,45,50,57,43,51,59,88,92,203,80,114,93,86,37,77,101,54,88,60,33,71,40,102,109,79,133,162,94,82,69,94,51,55,57,38,28,36,75,36,35,42,72,73,55,78,65,35,35,63,117,49,81,81,131,52,42,61,93,368,126,158,,,,,,103,65,89,40,85,83,143,117,145,145,124,154,173,104,132,114,94,67,101,83,44,92,64,107,82,177,205,54,155,66,109,169,38,18,34,44,45,13,25,50,95,110,78,21,40,,,43,48,71,42,26,35,44,18,51,35,140,137,134,122,63,52,97,103,155,104,102,53,57,30,38,38,36,50,73,68,79,51,52,66,53,52,55,142,99,119,60,108,49,195,111,102,63,89,80,64,83,45,77,40,58,34,64,79,56,61,75,30,34,29,35,27,75,15,39,9,33,,41,28,52,51,58,38,50,27,46,41,,14,29,14,21,39,21,11,37,22,41,26,27,50,54,81,21,145,72,67,32,,,,,34,13,,37,66,56,39,31,70,53,72,35,47,58,66,33,58,24,77,59,51,47,,35,412,71,26,96,72,76,116,52,218,359,282,104,32,25,227,269,249,79,57,59,57,73,71,47,78
20190317,6,PM10_24h,60,92,98,119,81,91,89,45,44,64,103,103,84,75,60,50,54,80,67,79,102,90,103,77,134,104,107,102,100,121,110,102,87,109,73,97,105,111,114,80,50,74,58,59,99,55,58,93,129,100,108,96,69,76,42,45,79,48,62,65,60,79,33,41,66,62,48,61,33,114,77,93,66,181,82,79,62,33,44,45,57,,138,109,119,104,128,146,111,140,105,111,116,68,115,57,51,41,48,47,50,47,53,57,64,78,128,43,78,85,57,48,53,60,46,62,51,63,62,42,85,98,83,94,83,87,73,86,78,64,53,59,36,29,52,72,52,36,56,70,71,59,78,63,53,32,69,113,65,85,79,102,55,57,85,80,311,136,126,,,,,,107,92,98,48,74,71,122,100,109,112,102,136,113,83,105,104,75,80,94,117,75,63,69,105,75,101,118,70,104,49,85,102,44,24,45,28,57,22,30,54,60,85,58,46,48,,56,41,54,40,38,27,28,41,40,52,41,122,122,108,106,73,58,108,125,116,88,88,69,72,47,46,41,56,59,75,76,88,54,66,94,69,74,65,77,76,74,83,95,87,154,92,95,63,91,64,93,80,71,73,43,77,47,65,84,63,60,70,37,55,53,70,63,63,40,58,23,60,51,40,39,62,53,56,56,68,47,64,53,18,20,36,35,39,51,26,21,38,23,60,41,36,76,56,70,39,153,53,96,84,30,,,,38,15,,58,62,76,52,56,49,69,71,55,58,58,76,39,54,53,79,58,67,56,34,34,71,62,38,98,123,80,143,58,225,311,203,124,36,27,187,279,278,99,72,53,45,62,52,56,70
20190317,6,SO2,3,19,18,42,41,27,24,11,9,10,30,26,16,24,14,19,20,14,30,9,19,9,17,11,14,13,13,23,17,24,9,7,12,8,15,10,7,18,9,6,5,20,11,7,11,5,5,10,14,9,12,7,9,11,5,4,13,5,8,17,11,27,6,4,9,5,8,26,3,8,20,9,35,9,13,10,20,11,9,17,8,,46,28,46,26,45,38,25,15,35,46,7,8,25,12,9,4,8,10,13,9,24,23,18,12,34,65,25,75,32,27,19,17,16,40,8,14,8,6,13,27,13,25,39,15,11,13,16,6,13,8,6,2,9,8,13,2,3,9,28,13,11,2,4,8,33,10,10,8,12,12,7,1,32,3,6,16,18,,,,,,12,9,16,13,7,8,20,9,14,11,13,6,21,19,17,16,17,6,3,15,5,104,9,9,8,60,81,25,34,25,34,133,11,2,7,23,5,4,12,42,20,14,10,4,18,6,11,9,13,10,9,5,8,21,5,8,74,23,19,18,36,8,9,12,5,11,10,16,5,6,5,6,4,11,7,10,13,23,17,9,29,10,7,14,33,20,37,10,10,5,10,6,13,12,21,29,6,6,4,9,4,10,10,5,11,9,6,6,7,9,4,14,6,8,6,6,6,5,2,10,9,6,5,6,7,6,6,4,6,8,13,16,11,13,3,6,1,12,8,5,9,6,15,16,13,6,5,4,6,8,6,,,,4,12,,13,25,16,4,178,12,7,19,8,9,24,11,8,8,8,14,23,11,10,29,9,5,16,22,11,6,25,6,5,6,8,16,13,3,4,6,5,6,5,14,17,8,12,19,20,29
20190317,6,SO2_24h,3,17,14,36,34,20,17,8,8,7,24,17,13,23,14,19,12,12,24,9,17,12,18,12,13,14,12,16,19,19,18,14,12,11,12,11,10,26,10,8,6,15,12,9,10,5,6,16,21,10,12,13,7,9,5,7,12,7,11,13,9,18,7,5,8,6,12,13,3,8,16,23,37,7,12,12,18,10,9,19,10,,23,20,19,28,35,28,12,21,20,26,12,4,20,14,10,5,5,9,11,9,16,13,14,11,14,24,18,38,24,17,17,17,19,34,11,15,7,21,21,19,14,15,16,14,12,16,12,9,11,8,8,2,10,9,14,2,4,10,39,12,11,4,5,11,17,10,14,12,10,13,12,12,59,4,7,22,23,,,,,,14,17,22,8,7,10,19,11,19,11,15,9,16,17,15,13,12,9,4,15,7,31,8,12,10,29,37,40,31,22,26,56,7,3,11,18,6,9,11,23,17,14,16,11,14,7,14,10,12,8,6,5,8,12,12,9,28,22,14,17,33,9,7,15,6,12,10,7,8,12,6,7,6,12,9,11,20,32,18,12,24,15,17,16,10,21,15,15,11,6,10,8,15,12,19,13,9,8,7,12,3,12,13,9,16,9,6,10,8,12,4,13,9,10,8,9,6,9,3,11,10,7,8,5,10,7,6,5,7,7,19,11,14,19,4,8,1,28,15,6,7,6,13,13,11,6,7,4,12,8,7,,,,5,21,,10,22,16,7,106,12,12,13,9,14,15,16,8,13,11,19,23,12,14,28,12,6,22,19,13,9,11,6,7,7,9,18,14,4,5,9,10,6,6,14,25,8,12,17,15,27
20190317,6,NO2,62,75,72,89,73,73,63,11,34,80,97,76,48,65,62,57,39,57,46,71,102,76,109,37,46,86,82,75,92,100,28,21,33,58,58,72,43,85,65,37,21,32,61,24,86,20,18,43,84,76,96,71,48,86,23,37,76,43,33,66,39,75,24,5,44,41,11,52,10,84,47,18,67,62,38,44,61,34,55,55,19,,80,64,97,88,80,59,67,87,65,54,36,50,67,25,18,7,11,37,13,14,48,28,65,35,79,42,56,54,61,34,48,41,39,49,25,18,31,18,70,80,41,66,74,49,29,32,47,33,42,35,29,14,15,21,23,3,22,19,60,20,17,32,11,16,22,74,45,55,51,68,23,19,37,22,53,82,74,,,,,,62,47,78,25,33,46,78,72,49,95,77,54,121,90,80,52,70,20,24,68,45,62,28,36,51,71,66,47,68,50,46,77,17,4,19,61,17,6,7,33,38,53,36,27,28,22,18,20,16,12,12,18,31,30,4,7,30,60,79,76,72,39,25,61,38,80,118,81,45,50,15,13,12,18,17,27,24,28,38,14,14,21,18,35,78,91,88,31,82,25,61,56,61,26,62,41,46,36,25,31,16,39,13,40,26,32,25,22,15,13,16,18,12,18,12,14,8,9,12,20,10,22,18,48,13,28,15,18,17,2,8,10,9,6,25,14,8,17,6,7,14,5,9,13,10,8,22,4,38,7,3,,,,11,31,,30,74,37,43,16,42,36,38,44,12,16,30,12,20,12,20,17,11,12,8,6,19,45,37,68,33,19,45,15,30,54,43,41,10,31,49,52,16,23,22,51,30,33,47,31,33
20190317,6,NO2_24h,37,61,39,67,58,39,51,13,24,43,53,45,40,46,39,33,37,42,46,58,75,68,95,31,55,69,68,58,56,69,47,40,33,59,36,54,43,66,52,25,31,45,37,26,68,21,20,48,60,42,60,65,64,72,23,41,62,43,50,55,30,60,32,8,46,39,20,27,11,78,44,35,48,59,52,46,40,26,30,32,18,,52,42,58,55,53,49,48,56,54,40,25,28,48,28,20,12,16,31,16,16,38,20,43,24,60,25,45,45,38,29,31,30,30,32,25,24,27,25,76,62,42,58,49,39,29,37,49,37,33,34,29,15,25,18,24,6,28,31,37,32,20,32,25,20,25,69,47,54,43,59,19,16,43,23,38,48,44,,,,,,46,45,55,24,28,28,64,62,55,58,56,48,77,54,58,46,41,29,28,85,51,36,19,31,33,50,43,45,51,36,47,48,14,8,25,23,19,14,9,19,28,37,30,23,18,24,19,19,21,8,13,13,15,21,11,16,22,48,44,51,59,41,26,57,48,45,73,49,41,45,17,22,17,33,26,27,39,49,32,25,43,36,27,30,52,52,46,38,39,35,43,40,51,30,51,27,34,35,28,27,19,49,23,36,31,38,25,32,18,19,23,22,21,19,18,19,15,20,16,25,20,34,30,37,26,44,23,31,26,4,11,14,23,14,35,20,14,25,10,10,20,9,13,15,10,11,36,9,30,17,7,,,,8,29,,30,59,39,38,22,29,34,28,40,16,18,32,21,27,22,34,19,15,14,10,12,20,43,34,48,44,34,40,20,39,45,38,36,9,33,43,45,20,36,29,34,28,25,26,18,25
20190317,6,O3,12,10,14,6,5,6,12,58,20,3,4,8,27,12,9,8,49,10,34,31,8,9,3,63,39,20,22,17,13,9,68,75,49,10,37,9,42,25,8,52,66,35,6,41,5,72,114,6,14,17,5,5,4,10,95,72,18,47,64,27,55,5,17,64,15,28,57,43,90,5,46,100,23,24,6,5,4,35,13,11,111,,21,25,4,8,6,38,8,9,24,27,54,32,18,46,110,114,98,20,85,82,24,44,5,44,14,11,17,37,8,18,10,15,14,17,36,48,14,44,7,12,27,5,5,50,82,69,20,13,24,24,17,24,63,28,26,98,46,43,16,30,34,31,58,49,12,14,41,4,21,4,53,62,25,57,32,11,5,,,,,,9,14,7,89,32,15,37,10,46,12,9,2,5,4,7,41,18,36,17,12,23,14,68,43,49,6,5,16,22,15,3,8,44,68,32,5,32,58,95,27,15,11,3,17,29,37,40,28,33,69,63,46,47,44,85,44,26,43,27,17,24,44,21,46,58,17,11,6,38,55,112,31,47,49,39,4,13,21,3,43,59,33,16,7,9,6,6,52,3,63,23,27,18,39,7,27,11,19,10,35,28,25,41,7,17,39,11,20,8,30,31,27,27,16,23,35,38,44,31,34,47,28,65,8,43,20,28,35,37,61,42,64,34,58,4,48,23,51,38,93,69,87,57,68,77,50,29,111,12,54,99,,,,39,46,,21,6,20,23,69,28,35,31,41,69,88,56,75,39,107,72,117,97,128,56,82,93,14,31,17,49,62,30,52,54,20,29,32,25,22,8,1,81,57,57,16,22,55,9,29,19
20190317,6,O3_24h,87,94,102,91,96,112,103,107,98,91,94,103,108,95,95,86,84,94,89,161,122,140,127,138,146,107,147,107,138,146,135,141,124,151,140,141,134,121,150,184,119,157,134,146,121,144,155,80,110,91,122,109,66,196,117,117,156,125,211,160,125,114,52,84,72,87,67,111,120,104,116,125,103,42,63,58,101,99,84,91,158,,145,116,116,111,112,150,93,116,133,101,139,105,135,66,142,148,145,116,130,147,98,137,104,125,92,96,129,134,99,82,89,85,86,82,102,83,90,98,131,135,99,116,119,126,120,158,125,113,116,104,94,98,72,115,56,120,106,93,119,79,65,93,94,79,123,121,124,123,115,126,125,114,113,81,133,109,109,,,,,,110,130,112,108,113,104,147,156,155,149,169,155,143,155,154,165,107,114,58,164,190,102,165,149,143,134,103,108,133,105,79,98,84,92,83,104,81,85,111,89,92,82,77,69,94,82,93,100,78,88,93,86,90,101,104,69,94,149,143,141,108,124,124,128,140,137,94,139,126,125,154,94,117,102,112,124,78,64,102,88,70,67,53,122,117,126,113,150,154,130,135,147,118,107,110,115,117,124,113,143,108,43,97,84,46,68,64,85,86,60,46,43,54,95,62,52,60,70,48,85,102,82,98,80,71,92,99,93,74,107,70,124,79,64,63,79,52,66,65,129,92,103,139,119,123,69,166,114,122,115,108,,,,85,94,,111,92,98,118,138,125,129,124,123,122,121,123,120,138,127,88,143,124,142,82,108,105,113,116,128,103,103,56,71,175,122,79,102,88,49,33,26,103,155,137,87,87,140,85,94,92
20190317,6,O3_8h,14,8,31,9,6,19,9,63,27,11,16,32,10,18,10,15,54,11,27,53,12,17,7,60,24,20,28,28,24,15,59,65,52,11,65,15,35,27,18,89,73,39,31,52,11,79,129,10,16,36,7,8,3,15,98,75,27,62,53,45,71,16,21,74,16,31,49,71,98,5,48,99,32,23,5,9,7,33,26,17,120,,43,36,5,20,9,48,12,10,15,37,56,51,26,39,118,121,101,23,100,93,34,69,14,64,15,15,21,31,12,22,19,18,23,32,39,43,17,55,13,14,40,7,7,76,89,82,18,20,35,20,22,30,55,40,26,95,50,42,41,23,19,37,61,52,19,14,40,4,27,6,56,78,23,56,27,26,8,,,,,,22,18,11,92,25,30,25,22,65,41,38,2,5,11,15,43,27,47,17,14,17,29,89,56,85,13,6,13,22,15,3,10,53,69,29,15,34,44,96,37,21,8,11,25,45,30,46,36,30,72,61,52,61,53,90,54,29,41,41,17,37,47,31,32,61,23,22,36,59,66,124,34,50,56,46,5,13,20,12,49,61,36,29,14,7,16,26,55,45,62,16,51,16,43,12,54,56,9,28,38,29,14,26,8,13,33,12,20,10,37,32,30,34,19,23,41,37,40,35,41,44,31,52,15,31,8,38,39,46,63,54,72,31,47,4,60,35,54,30,97,71,84,64,79,78,50,33,106,33,52,88,,,,46,46,,21,9,23,27,79,33,22,32,34,69,91,41,62,44,113,57,127,101,132,56,91,93,15,20,17,44,31,30,60,25,15,16,29,35,26,14,5,71,53,62,26,30,89,25,37,23
20190317,6,O3_8h_24h,26,14,51,12,11,50,17,65,35,27,49,62,10,28,15,26,56,14,28,74,13,34,15,77,24,20,40,34,35,29,59,65,55,14,97,24,38,41,34,123,85,47,54,62,21,86,136,15,18,55,14,12,4,25,102,79,35,77,55,54,85,27,27,78,20,32,49,85,104,7,61,100,48,24,6,13,14,39,35,27,136,,60,64,8,43,14,62,17,17,16,42,58,59,39,40,125,131,107,33,113,107,44,102,29,93,29,21,27,36,17,24,35,23,40,52,43,47,22,61,17,18,42,11,10,88,97,94,19,22,50,23,33,34,59,49,29,95,53,43,69,23,19,41,66,57,27,18,41,4,33,15,57,89,31,59,28,34,20,,,,,,31,26,22,92,26,38,39,48,85,83,66,3,9,38,36,45,40,56,17,28,20,41,99,80,115,20,8,15,36,29,3,20,56,73,32,28,36,44,97,45,33,8,22,36,57,31,52,40,30,76,63,57,68,62,96,63,34,59,57,19,56,52,39,34,65,43,37,44,68,77,134,38,60,60,57,9,19,29,25,56,64,50,45,25,8,35,44,61,82,72,36,73,27,53,21,74,77,16,39,43,30,19,29,12,13,36,14,22,10,42,32,33,38,25,26,46,37,42,37,47,46,36,52,26,29,9,46,42,50,64,58,78,32,48,5,69,40,55,30,99,72,84,74,102,80,52,40,106,52,64,88,,,,58,77,,24,13,25,32,114,38,30,33,34,72,95,54,67,59,116,70,132,112,139,56,94,94,16,21,18,47,31,30,71,27,16,16,40,39,31,15,11,71,53,72,42,44,122,39,49,34
20190317,6,CO,0.658,1.511,0.925,1.883,1.38,0.95,0.65,0.6,0.58,1.575,1.033,0.967,0.65,0.856,1.4,0.718,0.65,1.144,0.923,1.01,1.144,0.95,0.8,0.8,0.643,0.783,1.038,1.022,0.925,1.175,0.48,0.78,0.84,0.918,0.825,0.875,0.842,0.894,1.067,0.567,0.567,0.667,0.55,0.567,0.99,0.617,0.425,0.833,0.982,0.956,0.8,0.95,1.1,0.7,0.569,0.5,0.775,0.4,0.525,0.68,0.58,0.767,0.85,0.54,0.727,0.656,0.37,1.025,0.46,0.675,0.833,0.725,1.057,2.486,1.086,0.983,1.583,0.84,0.4,0.933,0.475,,1.725,1.367,1.867,1.4,2.783,0.98,1.1,1.38,1.033,2.133,0.433,0.7,1.225,0.78,0.55,0.533,0.467,0.7,0.567,0.5,0.667,0.7,0.867,1.033,1.333,6.267,1.66,1.325,0.933,0.625,2.514,0.883,1.06,1.1,0.771,1.02,0.78,0.42,1.025,0.92,0.433,0.757,1.52,1,0.783,0.6,0.625,0.68,0.7,1.05,0.95,0.65,0.75,0.95,0.783,0.6,0.4,0.7,1.24,0.575,0.6,0.5,0.483,0.55,1.3,0.98,0.475,0.725,0.957,0.475,1.133,0.3,1.575,0.86,0.5,1.5,0.6,,,,,,1.5,0.9,1.5,0.9,1.1,1.35,1.167,1.35,0.8,0.8,0.85,1.05,1.433,1.05,1.05,1.3,0.65,0.8,0.9,0.75,0.7,0.9,0.525,0.8,0.7,4.467,1.08,0.75,4.06,0.567,0.933,1.4,0.567,0.3,0.567,0.95,0.5,,0.4,0.5,0.575,0.9,1.2,0.5,1.05,0.6,0.5,0.6,0.725,0.475,0.4,0.3,0.46,0.867,0.467,0.4,0.85,0.783,0.8,0.833,1.517,0.72,0.533,0.825,0.533,0.633,0.825,0.6,0.767,0.633,0.52,0.45,0.625,0.6,0.767,0.42,0.66,0.767,0.4,1.04,0.6,0.543,0.975,0.425,2.167,1.225,1.05,0.767,0.575,0.72,1.314,0.367,1.833,0.825,0.733,0.74,1,0.95,0.425,0.767,0.55,0.983,0.76,1.24,0.96,0.48,0.74,0.56,0.733,0.75,0.933,1.367,0.65,0.833,0.7,0.45,0.6,0.8,0.8,0.5,0.5,0.525,0.6,0.7,0.54,0.48,0.425,0.375,0.46,0.65,0.3,0.6,0.42,0.5,0.55,0.5,0.1,0.45,0.2,0.55,0.75,0.7,0.75,0.95,1,0.9,1.15,0.55,0.95,0.8,0.4,,,,0.7,0.4,,1.125,1.029,0.5,0.5,1.25,0.633,0.65,0.65,0.45,0.4,0.533,0.85,0.4,1.05,0.2,0.5,0.6,1.3,0.7,1.3,0.3,0.3,0.767,0.667,0.933,1,1.3,1.7,0.2,0.7,1.3,0.6,1,3.9,0.65,2.15,3.8,0.1,0.75,0.5,0.725,0.933,0.75,1.225,1,1.3
20190317,6,CO_24h,0.45,1.15,0.662,1.833,1.34,0.9,0.65,0.68,0.5,0.75,0.8,0.633,0.525,0.7,0.925,0.618,0.62,0.933,0.946,0.74,0.956,0.6,0.68,0.7,0.714,0.8,0.788,0.9,0.75,1.025,0.66,0.88,0.74,0.864,0.738,0.75,0.828,0.951,0.867,0.567,0.567,0.633,0.55,0.567,0.68,0.533,0.4,0.733,0.8,0.822,0.644,0.95,0.97,0.75,0.562,0.6,0.825,0.5,0.725,0.74,0.6,0.8,0.85,0.56,0.732,0.633,0.46,0.775,0.45,0.762,0.817,1.425,1.029,2.343,1.071,0.767,0.917,0.66,0.4,0.667,0.4,,0.8,0.933,0.8,1.167,1.167,0.68,0.7,0.98,0.867,1.033,0.367,0.433,0.775,0.96,0.567,0.6,0.567,0.7,0.6,0.667,0.667,0.733,0.8,0.933,0.8,1.517,1.14,1.125,0.717,0.575,1,0.65,1.16,0.74,0.757,0.78,0.68,0.42,0.95,0.76,0.544,0.671,0.9,0.8,0.683,0.675,0.65,0.7,0.633,0.983,0.88,0.65,0.8,0.9,0.8,0.65,0.45,0.733,1.14,0.65,0.65,0.5,0.533,0.55,1.1,0.94,0.55,0.9,0.9,0.575,0.733,0.45,1.375,0.74,0.567,1.25,0.75,,,,,,1.2,0.9,1.5,0.9,0.85,1,0.933,1,0.6,0.55,0.7,1.1,0.833,0.8,0.9,1.25,0.55,0.9,0.8,0.85,0.8,0.65,0.5,0.875,0.633,1.867,0.7,1,2.28,0.533,0.9,1.2,0.467,0.4,0.667,0.4,0.533,0.1,0.467,0.44,0.575,0.95,1,0.75,0.9,0.7,0.4,0.567,0.775,0.5,0.575,0.367,0.38,0.6,0.567,0.45,0.65,0.783,0.55,0.767,1.183,0.74,0.567,0.8,0.567,0.533,0.625,0.45,0.7,0.7,0.54,0.55,0.6,0.675,0.9,0.46,1.08,0.883,0.38,1.1,0.75,0.657,0.95,0.5,0.633,0.95,0.875,0.8,0.475,0.78,0.871,0.467,1.117,0.85,0.733,0.68,1.05,0.8,0.55,0.667,0.6,1.067,0.88,1.06,1.04,0.6,0.8,0.64,0.767,0.875,0.933,1.267,0.725,0.9,0.75,0.55,0.667,0.95,0.8,0.475,0.5,0.55,0.68,0.65,0.783,0.6,0.45,0.5,0.56,0.65,0.3,0.68,0.62,0.533,0.65,0.5,0.1,0.5,0.2,0.65,0.75,0.667,0.85,0.8,0.933,1,1.25,0.55,1.05,0.85,0.5,,,,1,0.6,,1,0.971,0.7,0.5,0.65,0.633,0.7,0.5,0.6,0.55,0.633,0.75,0.55,1.1,0.5,0.6,0.6,0.7,0.7,1.2,0.5,0.3,0.9,0.667,0.767,1.1,1.35,1.533,0.3,0.7,1.2,0.9,1.1,1.9,0.5,1.75,2.8,0.1,0.8,0.55,0.725,1,0.75,0.775,0.8,1.15
20190317,7,AQI,79,88,115,115,93,114,68,34,43,97,113,87,96,65,62,85,52,97,58,104,89,124,143,55,83,93,115,124,142,144,75,87,71,71,72,86,89,78,111,67,48,53,48,55,94,59,71,75,122,91,118,71,77,69,52,50,64,55,48,63,61,81,19,40,61,67,37,69,49,94,62,49,76,97,92,72,64,35,63,53,66,,144,84,112,114,115,111,97,121,94,103,75,75,119,55,65,68,51,47,56,46,56,55,83,80,112,73,81,76,74,46,68,99,55,70,74,30,60,49,87,98,59,97,142,98,73,71,68,55,57,58,37,26,46,87,32,48,53,81,63,76,70,64,50,35,64,96,50,62,65,91,54,40,55,76,175,115,98,,,,,,80,62,70,52,71,80,143,108,122,171,136,120,168,77,108,92,75,61,85,69,47,83,59,73,81,112,133,54,104,55,93,98,50,35,35,43,46,24,49,60,133,98,86,28,50,67,76,45,55,37,46,32,37,54,45,53,74,103,115,92,98,64,44,80,79,98,79,119,54,57,70,61,45,41,48,58,56,66,56,58,65,53,54,50,93,76,115,59,92,53,230,81,78,58,76,103,64,75,47,71,39,67,38,60,78,64,59,64,31,38,24,28,22,65,19,48,19,33,26,39,30,65,56,61,42,49,30,46,43,32,27,36,16,26,37,30,17,40,16,49,36,43,67,54,104,30,131,57,64,32,45,,,,37,24,,44,61,54,39,53,53,54,91,40,49,57,61,34,51,62,59,72,60,77,29,45,474,67,35,69,61,61,79,54,126,190,153,70,32,25,171,199,147,81,56,59,54,67,64,55,80
20190317,7,PM2.5,39,65,82,72,44,85,46,17,21,68,84,64,63,28,23,62,26,72,37,77,65,93,109,31,54,69,86,93,108,110,54,64,49,45,51,62,47,57,83,45,27,36,26,38,66,41,30,47,57,61,76,51,56,34,27,22,36,29,20,36,27,59,13,15,43,48,23,49,10,50,29,21,45,72,68,52,45,15,37,27,28,,110,60,77,85,75,65,68,91,64,76,50,52,89,38,37,20,25,27,30,22,39,34,61,58,78,36,55,49,41,23,44,74,37,42,53,17,39,31,64,73,36,63,108,73,43,51,27,36,31,40,24,16,32,64,22,15,36,59,39,55,50,45,35,24,40,71,32,18,45,47,24,14,25,55,72,86,39,,,,,,57,37,44,32,35,45,109,80,92,129,103,90,127,56,80,68,54,30,62,44,30,59,39,52,59,65,48,27,77,21,33,38,32,14,20,26,31,3,16,42,101,73,63,19,35,48,55,31,35,19,29,15,22,37,10,36,27,76,86,68,73,45,28,58,56,73,54,89,36,37,28,43,29,24,33,38,32,46,39,40,46,29,37,24,69,51,86,38,68,33,179,45,52,32,55,76,45,54,26,51,20,48,26,42,57,45,41,37,18,25,16,19,14,46,13,33,4,23,18,27,21,46,39,43,29,34,21,31,29,14,8,18,9,14,22,15,9,28,10,31,12,9,48,37,77,21,99,23,45,22,11,,,,20,10,,24,24,29,22,34,20,28,67,16,18,26,24,16,23,16,41,29,37,34,18,8,79,48,22,33,29,24,56,32,56,113,48,35,22,13,129,149,51,59,39,30,37,48,44,30,58
20190317,7,PM2.5_24h,20,46,41,54,35,36,43,15,16,30,53,51,31,26,22,26,25,50,38,55,47,63,68,33,61,57,53,67,70,76,59,59,51,59,42,47,58,72,63,43,28,36,34,34,43,31,28,35,50,41,51,46,55,42,24,21,41,28,34,38,26,58,24,12,42,39,31,38,12,48,30,38,32,118,59,54,32,12,22,18,27,,62,48,52,57,52,57,45,67,55,53,45,28,58,40,21,22,24,23,19,25,40,25,45,50,46,20,35,46,28,18,27,31,24,27,37,31,35,28,50,61,37,40,48,51,35,53,27,34,26,33,22,11,40,57,38,19,40,59,33,45,57,43,34,20,36,61,32,25,36,37,17,16,30,48,68,57,37,,,,,,56,41,39,20,24,28,77,54,63,63,69,75,66,53,83,61,39,36,55,53,43,35,37,54,42,34,31,27,52,16,31,34,25,16,25,16,33,6,16,17,34,55,46,27,27,48,35,27,35,17,24,12,17,28,18,36,22,61,62,59,58,41,34,56,56,56,40,52,40,39,28,29,32,25,34,39,37,47,35,39,51,36,43,27,34,35,41,54,53,42,121,42,46,30,44,36,48,40,31,37,18,51,36,42,58,47,35,36,21,37,38,50,46,47,25,41,19,47,35,22,27,44,42,37,33,40,35,38,38,15,12,20,22,28,26,19,11,27,21,34,19,11,60,35,60,29,107,23,52,38,17,,,,26,10,,30,24,32,23,25,24,32,40,19,20,25,27,19,24,24,44,30,35,31,21,12,21,36,19,33,35,21,86,36,60,112,48,46,16,12,136,185,63,67,36,23,30,26,24,19,49
20190317,7,PM10,106,104,178,177,134,175,83,33,42,141,142,112,139,78,71,86,51,104,63,90,125,108,129,57,114,121,139,147,144,163,96,96,89,89,92,119,126,88,138,82,47,50,47,51,136,54,53,98,192,129,184,88,59,85,52,49,76,58,47,73,69,80,14,39,69,72,36,81,21,135,71,45,99,81,80,72,76,34,74,54,50,,192,116,172,125,177,169,142,179,136,137,98,97,140,54,52,44,45,46,59,42,56,58,77,89,172,94,109,99,96,45,83,111,57,87,72,29,67,48,94,100,66,142,168,100,93,76,83,57,61,62,36,25,33,81,27,32,40,76,73,58,68,63,35,34,76,119,49,72,77,129,55,39,57,92,298,147,143,,,,,,108,71,88,52,89,108,143,128,142,168,130,148,175,102,120,105,86,70,102,86,46,113,65,94,88,171,213,56,138,57,133,144,49,19,34,42,45,13,26,68,110,107,78,26,48,,68,39,57,30,45,31,36,50,16,50,95,132,154,120,110,64,43,96,105,135,105,120,56,62,29,43,44,40,44,63,59,79,45,49,68,53,54,49,131,100,144,65,121,54,186,109,103,64,98,100,73,89,46,78,38,51,30,66,74,58,58,75,30,37,23,23,21,57,16,41,7,28,,37,28,46,52,63,41,44,26,45,42,,9,28,12,21,36,20,14,39,12,45,28,24,50,52,76,25,134,52,64,31,,,,,36,10,,43,69,56,38,54,54,55,94,39,48,62,69,33,50,26,57,57,68,45,,36,573,80,34,86,69,70,106,55,199,328,253,88,,24,241,269,242,83,53,65,49,81,76,58,79
20190317,7,PM10_24h,61,93,100,121,84,94,89,44,43,67,105,102,88,74,59,51,54,81,65,81,103,92,105,77,133,105,109,106,102,124,111,103,88,109,72,98,105,111,119,80,51,73,58,59,100,55,59,93,134,105,111,94,68,77,42,44,79,48,61,65,60,80,32,41,66,62,49,61,33,114,76,88,67,183,82,77,62,33,46,46,57,,142,110,123,104,129,148,115,143,107,112,116,70,116,58,51,41,48,47,50,46,53,57,66,77,131,45,79,86,58,48,55,62,45,64,51,63,62,43,85,98,83,96,88,88,74,85,78,64,53,59,36,29,51,73,51,37,55,70,72,59,78,62,53,33,69,113,65,84,80,102,56,57,85,81,309,137,126,,,,,,111,93,97,49,76,73,124,102,111,114,104,136,115,84,106,104,75,80,94,119,76,63,69,105,75,104,122,68,105,50,88,103,44,23,45,29,57,21,29,55,61,88,59,45,47,,55,40,55,40,37,28,28,41,38,52,41,123,123,108,106,72,59,107,124,116,89,90,68,71,47,45,41,56,59,76,75,88,53,65,93,69,73,64,81,77,77,83,97,84,155,92,95,64,90,64,91,80,70,71,42,75,46,65,84,62,60,71,37,54,53,70,61,63,39,57,22,58,47,39,39,62,53,57,56,67,46,63,53,18,20,37,35,39,50,27,20,37,23,60,40,35,76,56,71,39,154,52,95,81,30,,,,39,15,,57,62,75,52,54,49,70,73,55,59,58,77,39,53,51,78,58,68,56,34,35,94,63,38,98,123,81,143,58,227,314,207,123,36,27,188,280,273,99,70,54,45,62,54,56,71
20190317,7,SO2,5,18,19,56,38,24,19,16,10,12,32,20,15,27,16,26,28,14,28,9,21,10,16,10,16,14,15,21,19,22,8,8,13,8,18,10,7,16,9,6,5,12,10,9,12,6,5,8,15,11,11,8,9,14,6,6,14,5,8,17,11,28,7,4,10,5,8,30,3,9,21,8,40,11,12,11,21,12,11,21,9,,48,30,56,39,47,43,20,17,25,69,8,11,26,11,9,5,8,11,12,8,22,24,17,12,21,84,24,81,33,43,19,23,16,51,14,24,11,6,14,30,10,29,38,13,11,13,18,8,11,6,6,2,8,7,16,2,3,10,32,17,8,2,5,10,14,10,11,10,13,11,13,2,33,3,6,20,17,,,,,,14,10,26,13,9,8,23,11,16,12,13,6,24,17,18,16,18,6,3,18,6,193,8,11,11,64,92,27,56,42,34,132,14,3,9,24,6,16,10,49,26,25,13,8,20,6,14,12,18,9,8,7,9,11,15,7,56,26,26,15,27,7,8,12,4,9,11,14,5,16,4,7,4,13,7,13,13,22,12,12,25,12,6,13,44,22,38,8,9,4,10,5,11,12,19,45,9,4,4,9,5,9,11,5,11,11,8,5,8,8,4,15,6,8,8,7,6,5,2,10,9,7,5,6,6,9,6,4,6,8,23,13,12,9,3,6,1,11,6,5,10,7,14,18,11,7,5,4,6,7,7,,,,4,13,,12,25,15,5,,14,9,19,9,10,15,21,8,10,2,10,22,9,11,13,14,6,24,33,13,6,17,6,6,5,8,15,15,3,4,7,4,6,5,13,28,8,14,23,23,56
20190317,7,SO2_24h,3,17,14,35,33,19,17,9,8,7,24,16,13,22,13,18,13,11,24,9,17,12,18,12,14,14,12,16,19,19,18,13,12,11,12,11,10,25,10,8,6,15,12,10,10,5,6,15,20,10,12,12,7,9,5,6,13,7,11,13,9,19,7,5,8,5,12,14,3,8,16,23,36,7,12,11,16,10,9,19,10,,24,20,21,28,35,29,12,21,21,28,12,5,20,14,10,5,5,10,11,9,16,14,14,11,15,26,19,39,23,17,17,17,19,34,10,15,7,21,21,20,14,15,17,14,11,16,12,9,11,8,8,2,10,9,14,2,4,10,38,12,11,4,5,11,17,10,14,12,10,13,12,12,58,4,7,23,23,,,,,,15,17,23,8,7,10,19,12,19,11,15,10,16,17,15,13,12,9,4,15,8,35,8,12,10,30,39,37,32,22,26,60,7,3,11,19,6,9,11,24,17,14,16,11,15,7,11,10,12,8,7,5,8,12,13,9,29,22,14,17,33,9,7,15,6,12,10,8,8,12,6,7,5,12,9,11,19,31,17,13,24,15,17,16,12,20,16,15,11,6,10,8,15,12,18,14,8,8,7,11,3,11,12,8,17,9,6,10,8,12,4,13,9,10,8,9,6,8,3,11,10,7,8,5,10,7,6,5,7,7,20,12,14,18,4,8,1,28,15,6,7,6,13,13,11,6,7,4,12,8,7,,,,5,22,,10,22,16,7,145,12,12,14,9,14,15,17,8,12,11,18,23,12,14,28,12,6,22,20,13,9,10,6,7,7,9,19,14,4,5,9,9,6,6,14,26,8,12,17,16,27
20190317,7,NO2,66,75,70,91,72,74,67,17,36,80,93,76,54,64,63,55,56,54,44,84,103,77,103,27,53,81,82,76,101,94,34,29,36,55,69,72,51,78,62,56,36,33,56,28,85,22,27,40,85,80,92,70,46,85,24,44,68,50,41,74,43,77,23,7,42,44,11,59,10,82,50,25,62,58,37,43,59,37,61,57,21,,82,63,95,90,81,60,66,78,70,69,37,62,64,23,21,9,12,35,14,17,46,30,66,33,46,44,54,53,61,43,48,40,40,51,34,22,34,22,61,74,44,67,75,56,35,55,51,40,39,37,28,15,18,19,19,4,29,21,61,24,15,34,15,20,18,66,45,53,44,96,19,28,40,21,53,78,79,,,,,,60,51,78,31,44,53,78,73,68,105,73,52,117,84,77,58,62,33,23,67,47,64,32,36,62,67,61,56,68,56,45,70,22,7,24,66,23,6,6,36,41,46,38,36,42,23,27,26,20,14,13,23,29,31,7,8,28,72,70,44,64,44,23,64,40,47,113,71,62,51,18,16,13,18,18,23,25,29,31,15,14,28,19,33,79,85,94,39,68,37,59,51,56,32,51,48,59,32,23,30,25,36,12,35,27,30,25,22,15,15,18,20,10,15,15,13,8,10,12,20,13,25,21,46,15,37,15,22,23,3,9,12,9,6,23,17,10,23,6,5,13,6,14,13,10,10,23,7,38,6,5,,,,9,26,,33,73,36,42,22,42,33,49,53,16,14,42,12,21,10,15,19,11,10,6,10,22,46,43,78,28,16,45,16,14,45,38,31,7,36,50,51,14,27,21,55,28,44,54,32,38
20190317,7,NO2_24h,37,61,39,68,58,40,52,13,24,43,54,46,40,45,40,33,38,43,45,58,76,68,96,31,55,70,69,58,58,71,47,40,32,60,37,54,44,67,53,26,31,44,37,26,69,21,19,47,61,44,61,64,62,73,22,40,61,42,49,55,30,61,32,8,47,39,20,27,11,79,43,34,48,59,52,45,41,27,31,34,18,,53,42,61,56,54,49,50,58,55,41,24,30,49,28,19,11,16,31,16,16,38,20,44,24,60,25,46,45,38,29,32,30,29,32,25,23,27,24,77,61,42,59,50,39,29,36,49,37,32,33,29,15,25,19,24,6,27,31,38,32,20,32,25,20,24,69,47,54,43,60,20,16,43,23,38,48,45,,,,,,46,45,56,24,29,28,64,63,56,57,55,48,77,53,57,46,41,30,28,86,51,35,19,31,34,50,43,45,51,36,47,48,14,8,25,26,18,14,9,18,27,37,30,23,19,24,18,19,21,8,13,13,15,21,10,15,22,49,45,51,58,40,27,57,49,45,75,50,41,45,17,22,17,32,26,27,39,48,31,24,42,37,27,30,53,52,47,38,41,35,43,39,50,31,51,27,34,35,28,26,19,49,23,37,31,38,25,32,18,18,23,22,20,19,18,19,14,20,16,24,19,33,30,37,26,45,22,31,26,4,11,14,23,14,35,20,15,25,10,10,19,9,13,14,10,11,36,9,30,16,7,,,,8,29,,30,59,39,38,24,30,35,29,39,16,18,32,20,27,21,32,19,15,14,10,12,20,46,35,48,44,33,41,20,38,45,38,35,9,34,43,45,20,36,28,34,27,25,28,18,25
20190317,7,O3,10,10,14,6,7,5,9,52,19,3,5,7,21,11,9,9,32,14,35,17,8,9,4,74,33,22,20,12,9,10,60,62,44,10,25,9,36,27,6,29,58,35,6,39,5,64,95,6,12,14,5,5,4,14,92,64,28,39,58,23,55,6,19,57,17,24,55,34,89,5,43,87,22,24,5,5,5,37,7,9,102,,21,26,4,9,6,40,11,20,23,19,53,25,21,49,105,111,97,19,90,77,25,37,6,38,36,11,17,36,10,10,13,14,14,13,31,43,14,40,13,17,26,6,6,37,75,36,16,9,19,22,13,21,54,25,30,97,35,39,16,23,28,26,52,44,13,14,41,4,24,3,62,54,21,57,31,20,7,,,,,,14,11,9,79,32,11,23,8,30,7,7,2,6,5,8,29,20,28,17,10,20,13,59,40,38,8,6,9,20,6,3,13,40,66,30,5,26,58,96,23,15,18,5,10,23,36,29,22,36,70,64,34,43,41,80,41,24,29,29,45,26,39,25,46,42,31,11,13,23,55,107,29,46,46,39,5,11,17,3,44,53,22,14,4,6,6,5,40,18,41,22,30,20,34,5,18,4,24,11,33,20,29,50,9,17,40,11,25,8,25,27,22,26,19,19,37,38,42,30,34,45,28,57,4,37,11,27,27,22,52,40,58,33,67,4,40,20,42,37,91,72,85,48,60,76,48,25,108,10,63,86,,,,41,49,,15,6,18,22,81,26,36,13,30,69,89,42,77,34,111,71,109,103,130,58,78,90,17,24,9,51,67,30,51,88,32,30,39,22,18,6,1,80,44,58,15,23,42,8,28,19
20190317,7,O3_24h,87,94,102,91,96,112,103,107,98,91,94,103,108,95,95,86,84,94,89,161,122,140,127,138,146,107,147,107,138,146,135,141,124,151,140,141,134,121,150,184,119,157,134,146,121,144,155,80,110,91,122,109,66,196,117,117,156,125,211,160,125,114,47,84,72,87,65,111,120,104,116,125,103,42,63,58,101,99,84,91,158,,145,116,116,111,112,150,93,116,133,101,139,105,135,66,142,148,145,116,130,147,98,137,104,125,95,96,129,134,99,82,89,85,86,82,102,83,90,98,131,135,99,116,119,126,120,158,125,113,116,104,94,98,72,115,56,120,106,93,119,79,65,93,94,79,123,121,124,123,115,126,125,114,113,81,133,109,109,,,,,,110,130,112,108,113,104,147,156,155,149,169,155,143,155,154,165,107,114,58,164,190,102,165,149,143,134,103,108,133,105,79,98,84,92,83,104,81,85,110,89,92,82,77,69,94,82,97,100,78,88,93,86,90,101,104,69,94,149,143,141,108,124,124,128,140,137,94,139,126,125,154,94,117,102,112,124,78,64,102,88,70,67,53,122,117,126,113,150,154,130,135,147,118,107,110,115,117,124,113,143,108,43,97,84,46,68,64,85,86,60,41,43,54,95,62,52,60,70,48,85,102,82,98,80,71,92,99,93,74,107,70,124,79,67,63,79,48,63,65,129,92,103,139,119,123,69,166,114,122,115,108,,,,85,94,,111,92,98,118,145,125,129,124,123,122,121,123,120,138,127,88,143,124,142,82,108,105,111,116,128,103,103,56,71,175,122,79,102,88,49,33,26,103,155,137,87,87,140,85,94,92
20190317,7,O3_8h,13,8,29,8,6,18,9,61,26,10,14,28,12,17,9,14,51,11,28,47,11,16,6,62,25,20,27,26,22,15,59,64,51,11,59,14,34,27,17,80,71,38,28,50,10,77,124,9,16,33,7,7,3,15,97,73,27,59,53,42,69,14,21,72,16,31,50,66,96,5,47,97,31,23,5,8,7,34,23,15,118,,40,34,5,19,8,47,12,12,17,35,56,47,26,41,116,120,100,23,98,91,33,64,13,60,18,14,21,30,12,20,18,17,22,29,38,43,17,53,13,14,39,7,7,71,87,76,17,18,33,20,20,29,56,37,27,95,48,42,37,23,21,35,60,50,18,14,40,4,27,5,57,74,23,56,28,28,8,,,,,,22,18,11,90,24,30,23,21,62,40,37,2,6,11,16,41,27,46,17,14,16,29,85,54,78,12,6,12,22,14,3,11,51,69,29,14,33,46,96,35,20,9,10,23,42,30,39,34,31,72,61,49,59,51,89,53,28,40,39,21,36,46,30,32,59,24,20,32,54,65,122,33,50,54,45,5,13,19,10,48,60,34,27,13,7,14,23,53,41,59,17,48,15,42,11,49,49,11,26,37,28,16,30,9,13,34,12,21,10,35,31,29,33,19,23,40,37,40,35,40,44,31,51,14,31,9,37,37,42,62,52,70,31,50,4,58,33,52,31,96,71,84,62,77,78,50,32,107,30,53,88,,,,45,47,,21,9,23,26,89,32,24,29,34,69,91,41,64,42,113,59,125,101,131,56,89,92,18,21,16,45,36,30,58,34,17,18,31,33,25,12,4,72,52,61,24,29,83,22,36,23
20190317,7,O3_8h_24h,26,14,51,12,11,50,17,65,35,27,49,62,12,28,15,26,57,14,29,74,13,34,15,78,25,20,40,34,35,29,59,65,55,14,97,24,39,41,34,123,85,47,54,62,21,87,136,15,18,55,14,12,4,26,102,79,35,77,56,54,85,27,27,78,20,32,50,85,104,7,61,100,48,24,6,13,14,39,35,27,136,,60,64,8,43,14,62,17,18,18,42,58,59,39,41,125,131,107,33,113,107,44,102,29,93,30,21,27,36,17,24,35,23,40,52,43,48,22,61,17,18,42,11,10,88,97,94,20,22,50,24,30,34,60,49,29,95,53,43,69,24,21,41,66,57,27,18,41,4,33,15,58,89,31,60,29,34,20,,,,,,31,26,22,92,25,38,39,48,85,83,66,3,9,38,36,45,40,56,17,28,20,41,99,80,115,20,8,15,36,29,3,20,56,73,33,28,36,46,97,45,33,9,22,36,57,31,53,40,31,76,63,57,68,62,96,63,34,59,57,22,56,53,39,35,65,43,37,44,68,77,134,38,60,60,57,10,19,29,25,56,64,50,45,25,8,35,44,61,82,72,36,73,27,53,21,74,77,17,40,43,30,20,33,13,14,37,14,23,10,42,32,33,38,25,26,46,38,42,37,47,46,36,52,26,30,9,46,42,50,64,58,78,32,50,5,69,40,55,31,99,72,84,74,102,80,52,40,107,52,64,88,,,,58,77,,24,13,25,32,141,38,30,33,34,72,95,54,67,59,116,70,132,112,139,56,94,94,18,21,18,47,36,30,71,34,17,18,41,39,31,15,11,72,53,72,42,44,122,39,49,34
20190317,7,CO,0.842,1.606,0.988,2.617,1.38,1.225,0.683,0.68,0.62,1.75,1.033,0.933,0.725,0.922,1.313,0.855,0.76,1.167,0.908,1.14,1.167,1.088,0.94,0.82,0.757,0.783,1.075,1.089,1.05,1.325,0.52,0.86,0.84,0.973,0.925,0.9,0.867,0.914,1.167,0.733,0.6,0.6,0.6,0.567,1.12,0.633,0.425,0.833,1.109,1.011,0.822,1.02,1.07,0.71,0.554,0.525,0.775,0.4,0.55,0.7,0.6,0.8,0.813,0.56,0.727,0.7,0.39,1.163,0.433,0.808,0.733,0.8,1.171,2.543,1.114,1,1.467,0.78,0.55,1,0.475,,1.9,1.4,2.1,1.767,2.65,1.06,1.133,1.42,1,2.533,0.533,0.767,1.375,0.78,0.6,0.533,0.5,0.733,0.6,0.567,0.7,0.7,0.833,1.533,1.067,4.04,1.54,1.413,1.033,0.925,2.686,1,1.3,1.24,0.857,1.04,0.88,0.48,0.975,0.96,0.444,0.9,2.14,0.967,0.783,0.75,0.6,0.7,0.7,1.05,1,0.675,0.775,0.975,0.683,0.6,0.475,0.733,1.44,0.625,0.575,0.55,0.55,0.6,1.3,1,0.5,0.775,0.929,0.525,0.9,0.35,1.3,0.82,0.5,1.4,0.75,,,,,,1.5,1.2,1.8,0.9,1.15,1.5,1.267,1.6,0.85,1.15,1,1.15,1.8,1.2,1.1,1.4,0.65,0.8,0.9,0.85,0.7,1.1,0.6,0.825,0.7,3.95,1.14,0.8,3.72,0.8,1,1.533,0.533,0.3,0.567,0.8,0.5,,0.367,0.62,0.825,1,1.35,0.55,1.4,0.6,0.45,0.667,0.725,0.5,0.425,0.433,0.54,0.733,0.467,0.4,0.8,0.917,1.017,0.8,1.667,0.8,0.533,0.825,0.733,0.6,0.975,0.6,0.8,0.667,0.58,0.5,0.65,0.6,0.8,0.42,0.76,0.783,0.36,1,0.6,0.643,1.05,0.425,2.467,1.25,1.2,0.767,0.5,0.74,1.343,0.5,1.867,0.9,0.8,0.76,1.15,0.85,0.45,0.8,0.6,0.967,0.76,1.2,0.92,0.42,0.72,0.54,0.8,0.775,0.933,1.2,0.65,0.8,0.7,0.45,0.6,0.8,0.8,0.5,0.5,0.55,0.64,0.7,0.58,0.52,0.425,0.4,0.48,0.75,0.35,0.64,0.4,0.433,0.55,0.5,0.1,0.45,0.2,0.55,0.7,0.7,0.85,0.95,1,0.95,1.15,0.55,0.9,0.8,0.5,,,,0.7,0.4,,1.1,1.143,0.533,0.5,2.3,0.733,0.7,0.8,0.45,0.45,0.467,0.7,0.4,1.05,0.1,0.5,0.5,1.3,0.7,1.2,0.3,0.3,0.8,0.6,1.033,1.2,1.2,1.767,0.2,0.55,1.2,0.5,0.867,3,0.8,2.05,3.8,0.1,0.75,0.525,0.875,0.933,0.85,1.525,1.075,1.225
20190317,7,CO_24h,0.45,1.167,0.65,1.833,1.3,0.875,0.65,0.66,0.5,0.775,0.8,0.667,0.525,0.7,0.938,0.591,0.63,0.956,0.923,0.77,0.944,0.612,0.7,0.72,0.714,0.8,0.8,0.922,0.75,1.025,0.64,0.88,0.76,0.864,0.738,0.75,0.853,0.951,0.867,0.567,0.567,0.633,0.55,0.567,0.7,0.55,0.4,0.722,0.809,0.833,0.656,0.95,0.97,0.75,0.554,0.6,0.813,0.5,0.7,0.74,0.58,0.8,0.85,0.54,0.732,0.656,0.46,0.75,0.45,0.762,0.8,1.375,0.986,2.343,1.086,0.767,0.933,0.66,0.425,0.7,0.425,,0.875,0.933,0.867,1.2,1.233,0.7,0.733,0.98,0.867,1.1,0.367,0.467,0.825,0.92,0.55,0.6,0.567,0.7,0.567,0.667,0.667,0.733,0.833,0.933,0.8,1.633,1.16,1.163,0.7,0.6,1.086,0.633,1.12,0.76,0.757,0.78,0.7,0.42,0.95,0.76,0.544,0.671,0.96,0.8,0.683,0.675,0.65,0.7,0.6,1,0.88,0.65,0.8,0.9,0.783,0.65,0.45,0.733,1.14,0.65,0.65,0.5,0.533,0.55,1.1,0.94,0.55,0.9,0.871,0.55,0.733,0.45,1.35,0.76,0.567,1.25,0.75,,,,,,1.2,1,1.5,0.9,0.85,1,0.967,1.05,0.6,0.55,0.7,1.1,0.867,0.8,0.9,1.25,0.55,0.9,0.8,0.85,0.8,0.65,0.5,0.875,0.633,1.983,0.72,0.95,2.26,0.533,0.9,1.2,0.5,0.35,0.667,0.45,0.533,0.1,0.433,0.4,0.575,0.95,1,0.75,0.9,0.7,0.35,0.567,0.8,0.5,0.575,0.367,0.38,0.6,0.567,0.45,0.65,0.783,0.55,0.767,1.217,0.74,0.567,0.775,0.567,0.533,0.625,0.5,0.7,0.7,0.54,0.55,0.6,0.675,0.9,0.48,1.08,0.867,0.38,1.1,0.75,0.657,0.95,0.5,0.7,0.95,0.875,0.8,0.475,0.78,0.871,0.467,1.133,0.85,0.733,0.68,1.05,0.8,0.55,0.667,0.6,1.067,0.86,1.1,1.04,0.56,0.78,0.62,0.8,0.875,0.967,1.267,0.725,0.9,0.75,0.55,0.667,0.95,0.8,0.475,0.5,0.55,0.68,0.675,0.783,0.6,0.45,0.5,0.54,0.65,0.3,0.68,0.62,0.533,0.65,0.5,0.1,0.5,0.2,0.65,0.75,0.667,0.85,0.8,0.933,1,1.25,0.55,1.05,0.85,0.5,,,,1,0.5,,1,0.971,0.7,0.5,0.9,0.633,0.7,0.55,0.6,0.55,0.633,0.7,0.55,1.1,0.5,0.6,0.6,0.7,0.7,1.2,0.4,0.4,0.85,0.667,0.8,1.1,1.35,1.567,0.3,0.75,1.25,0.9,1.067,1.9,0.55,1.8,2.8,0.1,0.8,0.55,0.725,1,0.725,0.825,0.8,1.15
20190317,8,AQI,82,92,114,119,97,115,88,33,49,98,108,83,99,70,65,91,55,100,74,111,96,142,157,55,88,97,117,124,139,147,87,88,71,70,76,83,88,77,115,68,53,53,47,71,103,59,67,82,118,98,118,74,76,67,52,51,65,55,54,67,63,77,18,40,63,66,36,71,47,100,70,48,74,91,91,71,69,41,82,63,64,,146,82,122,132,121,117,97,121,86,105,76,77,120,56,63,66,50,47,54,49,58,55,80,93,104,74,86,77,73,55,74,92,70,82,75,60,66,50,81,99,64,99,156,103,76,77,75,56,60,57,38,25,45,97,30,48,54,80,68,77,67,67,48,37,83,93,54,65,67,97,53,50,61,81,157,103,94,,,,,,93,80,82,47,69,85,156,116,133,202,148,115,184,81,122,91,82,64,78,80,53,116,63,81,86,120,125,65,93,63,93,93,53,35,39,57,64,24,48,69,126,105,99,32,56,72,71,61,51,37,53,33,44,48,44,58,54,117,120,85,94,63,46,87,82,93,83,124,59,63,66,63,48,41,50,59,60,67,53,54,67,55,58,51,110,86,124,60,87,65,234,72,77,62,75,85,67,81,54,75,42,64,39,66,71,61,59,53,33,43,27,30,17,64,19,53,19,26,26,38,29,63,56,61,40,54,30,54,46,28,26,35,17,26,37,29,18,43,23,49,36,42,67,55,97,32,121,56,69,39,44,,,,35,25,,50,62,56,47,50,60,53,106,49,52,54,69,33,50,61,55,70,57,76,29,45,500,58,41,80,60,57,77,55,127,158,117,71,27,29,168,192,140,91,55,70,60,74,80,63,91
20190317,8,PM2.5,51,68,77,75,48,81,60,18,20,73,80,60,60,32,24,67,30,75,53,83,69,108,119,33,63,72,88,93,106,112,64,65,50,43,55,61,43,56,86,44,30,36,30,51,68,41,33,48,61,67,81,53,55,34,28,24,36,30,27,35,28,56,12,16,44,47,23,51,13,53,31,24,45,67,67,51,49,15,57,44,27,,111,50,83,100,74,69,71,91,61,62,52,56,90,39,37,20,27,29,33,25,40,34,58,69,61,35,54,50,43,30,51,68,50,60,54,24,42,34,59,74,37,65,118,76,45,56,31,37,34,38,26,17,31,72,21,15,37,58,44,56,48,48,33,24,50,69,34,21,45,46,23,14,28,59,58,76,35,,,,,,69,52,50,20,31,55,118,87,101,151,113,86,138,59,92,67,60,32,57,56,34,87,42,58,63,74,52,30,69,30,31,42,33,13,17,32,40,2,18,49,95,78,74,22,39,52,51,43,30,21,26,17,28,33,8,40,30,88,90,62,70,44,30,64,58,69,61,93,41,40,29,44,33,25,35,35,33,48,36,37,48,33,40,23,82,51,93,40,64,45,183,46,56,34,54,62,46,59,25,54,21,45,27,47,51,43,41,34,19,30,15,17,10,45,13,36,4,16,18,24,19,44,39,43,26,37,21,29,32,13,9,19,6,17,18,14,12,30,16,32,13,7,48,38,72,22,91,20,49,20,16,,,,20,12,,25,28,31,24,17,21,28,79,19,19,32,33,19,19,13,34,28,37,34,18,10,83,33,27,44,32,18,56,31,53,97,42,26,16,20,127,144,56,67,38,45,42,53,58,44,67
20190317,8,PM2.5_24h,21,47,43,55,35,38,43,16,16,32,54,51,33,25,21,27,26,52,38,57,48,67,72,34,60,58,55,69,72,79,60,61,51,59,41,48,57,72,66,43,28,36,33,35,43,33,28,36,50,43,52,46,55,42,24,20,41,27,33,37,25,58,23,12,42,39,32,37,12,48,30,37,32,118,59,53,32,12,24,19,28,,64,48,54,60,54,57,48,70,56,53,46,30,61,41,21,21,24,23,19,25,40,25,46,49,47,20,36,47,27,18,28,32,24,28,37,31,35,27,50,61,37,41,52,52,36,52,27,34,26,33,22,12,39,58,36,19,38,58,34,46,57,42,34,21,36,61,33,25,35,37,18,16,30,49,67,59,37,,,,,,58,43,40,20,24,29,81,57,66,69,72,76,70,53,84,62,40,36,55,54,43,37,37,54,41,35,32,27,52,16,31,34,25,15,24,17,33,6,17,17,37,57,47,27,26,48,36,26,35,17,24,12,18,28,18,36,22,63,64,58,58,41,34,56,56,56,41,54,40,38,29,29,32,25,34,39,36,47,35,39,52,36,43,27,36,36,43,53,55,41,121,43,47,29,44,35,48,40,31,37,18,50,35,42,59,46,36,35,21,36,37,49,44,47,25,42,18,45,35,22,26,43,43,37,33,39,35,38,38,16,12,20,22,29,26,19,11,27,22,34,18,10,59,35,61,29,107,22,52,37,17,,,,26,10,,29,24,32,23,24,23,32,42,19,20,25,27,19,23,23,44,29,36,31,21,12,24,38,19,34,35,20,85,36,60,113,48,45,16,12,135,182,62,67,36,23,31,26,26,19,49
20190317,8,PM10,111,112,175,185,141,178,123,32,48,140,156,114,146,87,77,98,58,101,75,109,139,125,137,57,124,125,141,148,147,161,102,108,90,88,96,114,123,86,140,84,54,48,46,55,153,54,55,111,183,143,183,91,60,82,51,50,77,58,56,81,73,84,14,39,71,71,35,90,23,149,87,41,96,92,75,71,69,40,111,55,48,,197,112,191,152,190,181,142,169,120,157,99,101,149,50,57,44,48,46,56,48,55,57,68,93,156,95,119,102,94,58,95,121,76,103,72,68,80,49,89,98,76,146,175,93,99,99,98,60,67,61,37,23,36,69,23,30,42,75,84,69,63,58,36,36,114,116,55,77,81,141,53,49,70,95,262,145,135,,,,,,116,107,112,46,85,117,145,141,155,206,150,147,216,98,120,106,86,75,91,107,54,132,73,110,90,188,198,77,130,73,134,134,53,19,38,61,76,6,25,50,127,113,86,28,56,,76,52,50,33,54,32,43,46,20,54,56,137,178,105,110,68,45,102,111,126,113,120,58,73,34,43,37,40,44,65,68,77,51,48,70,58,59,50,152,119,150,67,97,78,195,92,102,72,97,97,82,96,56,82,41,47,31,69,72,55,59,53,32,39,26,29,11,56,16,40,10,25,,37,28,52,53,68,39,48,25,55,42,12,23,30,16,24,36,20,16,40,,48,33,12,49,56,85,26,126,51,69,38,,,,,34,,,49,71,60,46,49,67,53,108,48,51,55,85,31,49,22,57,50,61,48,20,35,669,64,40,108,67,61,91,57,202,264,182,89,22,11,238,278,227,93,56,87,58,79,96,73,85
20190317,8,PM10_24h,62,94,102,122,86,97,90,44,42,69,107,101,91,72,59,52,55,83,64,82,104,93,108,78,133,106,112,109,105,127,112,105,89,110,71,100,104,111,123,79,51,72,57,60,103,55,59,93,137,109,113,93,68,78,42,43,79,48,61,66,61,81,30,41,66,62,49,61,34,115,76,82,68,184,80,78,62,34,49,47,57,,145,111,126,106,132,150,119,146,108,114,117,73,118,58,51,41,48,48,51,46,54,57,67,77,132,46,80,86,59,47,57,64,44,65,51,63,62,42,85,98,83,99,93,88,74,84,78,63,52,59,36,28,51,74,49,37,53,70,72,60,78,61,53,33,71,113,66,85,77,102,58,57,84,83,307,137,127,,,,,,114,95,98,49,77,77,127,106,115,119,107,137,120,85,107,105,76,80,94,120,75,64,68,106,75,105,125,67,107,52,90,103,44,22,44,30,57,20,29,54,63,91,61,44,46,,57,40,56,40,38,28,29,40,37,50,41,124,126,107,107,72,59,106,122,115,90,91,68,71,48,46,41,55,60,76,75,88,53,65,92,69,72,63,85,78,79,82,98,82,156,91,95,64,90,64,90,81,70,69,43,74,45,66,84,61,60,70,37,52,52,68,59,63,38,57,22,56,38,38,38,62,54,57,55,67,46,63,53,20,20,37,36,40,50,27,20,37,24,59,40,34,75,55,72,39,154,51,95,79,30,,,,38,15,,57,63,75,52,55,50,70,74,55,59,58,77,38,53,49,78,57,68,57,33,35,121,65,37,100,123,81,142,59,227,316,209,122,37,27,190,280,268,99,69,55,46,62,56,56,71
20190317,8,SO2,6,20,20,71,44,27,20,19,13,14,43,20,22,32,20,44,28,15,25,11,27,14,22,12,19,15,19,21,21,28,10,8,14,9,19,11,8,17,14,7,5,12,16,10,12,6,5,10,18,14,12,8,8,15,6,5,15,6,11,16,12,26,8,4,9,5,9,29,2,11,29,9,42,7,12,11,26,14,23,30,9,,44,53,47,44,53,35,27,17,25,57,11,13,34,11,10,5,8,13,12,11,18,15,17,12,22,68,24,97,35,37,28,27,23,65,19,26,12,9,16,32,9,26,46,15,13,13,17,9,15,7,7,2,12,7,15,3,4,10,78,16,7,3,5,11,18,10,13,14,21,9,10,3,55,3,6,36,19,,,,,,15,14,37,11,14,14,24,15,18,18,17,7,31,17,18,16,21,5,3,21,7,132,7,25,13,72,130,28,62,37,40,263,15,2,10,26,12,24,9,70,25,34,15,16,35,8,13,15,15,12,8,18,8,10,26,7,52,33,26,14,23,8,9,19,5,8,12,11,5,20,5,14,4,12,7,14,13,21,14,15,19,17,8,24,53,38,30,10,10,6,12,7,7,13,25,45,6,5,5,9,4,8,9,7,12,6,8,5,9,9,4,16,6,7,9,7,7,5,2,11,9,6,4,6,7,8,6,4,7,7,19,13,14,13,4,6,2,12,7,5,9,6,16,21,9,7,5,5,6,7,7,,,,4,11,,9,27,16,6,146,13,9,22,15,18,12,23,10,13,2,8,23,12,12,14,13,6,20,24,17,8,10,6,5,5,6,14,18,3,4,7,5,6,5,14,31,11,17,49,25,72
20190317,8,SO2_24h,3,17,14,34,31,17,17,9,8,7,25,17,14,21,13,17,13,11,23,9,18,12,18,12,14,14,12,16,19,20,18,13,12,11,12,11,10,25,10,8,6,15,12,9,10,5,6,15,20,11,11,12,7,10,5,6,13,7,11,13,9,19,7,5,8,5,13,14,3,8,16,23,35,7,12,12,17,10,9,20,10,,25,22,22,29,36,29,13,21,21,29,11,5,21,14,9,5,5,10,11,9,16,14,15,11,15,28,19,42,22,18,18,17,19,34,10,15,7,17,21,20,14,15,18,14,11,16,12,9,10,8,8,2,10,9,14,2,4,10,38,13,10,4,5,11,17,10,14,12,9,13,12,12,58,4,7,23,23,,,,,,15,17,24,9,7,10,19,12,19,12,15,9,16,17,15,13,13,9,4,16,8,40,8,13,10,30,41,35,33,22,26,68,7,2,11,19,7,9,11,24,17,15,15,11,15,6,11,9,12,8,7,6,7,12,13,9,30,23,14,16,33,9,7,14,6,11,10,8,8,12,6,7,5,12,9,11,19,30,15,13,23,15,17,15,14,20,17,14,11,6,10,8,14,12,18,15,8,8,7,11,4,12,12,8,17,9,6,10,8,11,4,14,9,10,8,9,6,7,3,11,10,7,8,5,10,7,6,5,7,6,19,12,14,18,4,8,1,28,15,6,8,6,13,14,11,6,7,4,12,8,7,,,,5,22,,10,22,15,7,116,12,12,14,9,14,15,16,7,13,11,18,23,12,14,27,12,6,22,20,13,9,9,6,7,7,9,18,14,4,5,9,8,6,6,14,26,8,12,19,15,28
20190317,8,NO2,66,75,67,93,70,65,65,19,39,75,93,74,57,59,62,52,63,49,39,95,111,96,107,31,51,79,88,81,97,96,37,33,37,56,72,68,53,76,73,59,50,41,49,31,85,27,47,45,89,80,87,73,42,78,25,49,64,52,61,75,45,74,26,11,44,46,17,68,17,82,53,35,58,59,39,42,59,45,58,54,22,,76,61,83,87,84,53,69,65,65,53,40,59,57,25,26,10,15,34,21,18,48,32,63,35,38,43,58,50,59,47,49,40,43,55,33,26,31,27,55,77,42,64,74,57,34,64,56,40,43,42,30,17,27,21,19,7,38,29,68,26,19,37,21,23,22,67,47,52,50,70,24,34,43,22,63,74,79,,,,,,57,59,85,37,64,59,89,88,99,126,74,62,123,85,79,63,58,30,23,68,58,59,38,49,75,66,57,50,62,56,42,72,24,10,26,64,32,7,7,36,36,43,43,38,35,21,22,27,20,15,14,24,20,23,10,9,29,93,74,42,62,46,22,74,51,39,113,57,60,55,25,24,15,21,25,21,26,32,32,14,24,29,20,27,76,73,87,36,63,54,63,54,52,34,53,48,56,28,28,35,26,36,16,41,25,27,22,23,15,25,22,21,11,17,17,14,12,9,13,29,20,31,27,44,17,44,16,26,30,8,14,20,14,12,21,14,15,36,5,6,18,12,18,31,12,10,27,10,38,4,8,,,,10,14,,32,73,38,45,30,38,46,51,52,22,17,65,16,18,11,34,23,21,13,10,8,23,50,44,80,40,15,45,16,15,34,34,24,5,37,51,52,16,28,25,61,35,45,55,32,36
20190317,8,NO2_24h,37,62,39,69,58,40,53,13,24,44,56,46,40,45,41,34,40,43,44,60,78,70,97,32,54,71,70,60,60,73,46,40,32,60,37,54,44,67,55,26,31,43,37,26,69,20,18,47,63,47,60,64,61,73,22,39,61,42,48,56,30,62,32,8,46,39,20,28,11,79,43,33,48,60,52,44,41,28,33,35,18,,54,43,62,57,56,50,52,59,56,41,24,32,49,28,19,11,15,31,15,15,37,20,45,24,59,25,46,45,38,29,33,30,29,32,25,22,28,23,77,62,42,60,50,38,28,35,49,37,32,32,30,16,24,19,24,6,27,30,38,32,20,32,25,20,23,69,47,55,43,61,19,17,43,23,39,49,47,,,,,,48,46,59,25,30,29,66,65,57,60,56,48,80,54,58,46,42,29,28,86,52,35,19,31,35,50,43,45,51,37,47,48,14,7,24,28,19,13,8,18,28,38,30,23,19,24,19,19,21,8,13,13,15,21,10,14,22,50,46,51,57,40,27,57,49,45,76,51,40,45,16,21,16,32,26,28,39,48,31,23,41,36,26,29,55,52,49,37,41,34,44,39,50,30,50,26,34,35,28,26,20,48,22,37,31,37,25,32,19,19,23,22,20,19,18,19,14,19,16,24,19,32,30,37,26,45,21,30,26,5,10,14,23,14,35,20,15,25,10,10,20,9,13,12,10,11,36,9,30,15,7,,,,8,28,,30,59,39,38,22,30,34,30,39,16,17,33,18,27,20,32,19,16,14,10,10,20,44,35,49,44,33,41,20,38,45,38,35,9,34,43,45,20,35,26,35,27,25,29,18,25
20190317,8,O3,6,12,18,10,9,18,9,51,20,6,15,9,17,15,13,15,27,25,41,15,6,9,10,70,38,23,17,11,13,10,59,59,45,14,21,22,41,32,6,36,46,30,15,33,6,58,83,4,12,17,6,5,4,24,92,63,36,53,36,28,55,9,20,55,16,21,45,25,79,6,43,75,22,24,5,6,8,34,13,19,98,,31,38,16,21,13,54,14,38,32,47,54,32,36,45,98,107,91,24,81,76,22,36,9,36,45,13,20,38,13,15,20,21,16,16,41,42,30,39,29,18,28,7,12,35,79,26,15,9,17,17,12,17,45,24,28,92,26,30,13,17,23,23,46,42,11,14,42,5,19,6,71,49,18,56,17,30,11,,,,,,34,15,15,74,31,18,16,12,17,9,9,7,7,7,9,18,25,27,20,16,15,23,49,28,22,9,12,17,28,12,5,14,38,63,27,10,26,56,95,30,24,25,13,11,34,40,43,32,49,70,67,45,60,64,73,37,28,15,27,52,28,37,20,49,43,40,9,25,28,48,94,22,45,46,35,14,10,17,7,47,37,23,19,14,10,13,15,43,22,20,15,32,21,32,7,20,8,29,10,25,17,31,50,8,22,49,13,20,12,15,23,20,28,16,18,37,32,43,26,26,39,22,48,3,39,8,23,20,16,38,47,49,40,57,6,47,18,29,37,88,66,76,44,36,75,47,15,104,7,87,84,,,,38,54,,14,7,14,20,54,32,30,9,32,59,85,16,76,54,105,60,101,87,122,54,80,87,14,21,9,44,68,30,49,88,47,33,42,17,20,5,,78,43,57,25,18,45,17,32,22
20190317,8,O3_24h,87,94,102,91,96,112,103,107,98,91,94,103,108,95,95,86,84,94,89,161,122,140,127,138,146,107,147,107,138,146,135,141,124,151,140,141,134,121,150,184,119,157,134,146,121,144,155,80,110,91,122,109,63,196,117,117,156,125,211,160,125,114,40,84,72,87,64,111,120,104,116,125,103,42,63,57,101,99,84,91,158,,145,116,116,111,112,150,93,116,133,101,139,105,135,66,142,148,145,116,130,147,98,137,104,125,98,96,129,134,99,82,89,85,86,82,102,83,90,98,131,135,99,116,119,126,120,158,125,113,116,104,94,98,72,115,56,120,106,93,119,79,65,93,94,79,123,121,124,123,115,126,125,114,113,80,133,109,109,,,,,,110,130,112,108,113,104,147,156,155,149,169,155,143,155,154,165,107,114,58,164,190,102,165,149,143,134,103,108,133,105,79,98,84,92,83,104,81,85,110,89,92,82,77,69,94,82,97,100,78,88,93,86,90,101,104,69,94,149,143,141,107,124,124,128,140,137,94,139,126,125,154,94,117,102,112,124,78,64,102,88,70,67,53,122,117,126,113,150,154,130,135,147,118,107,110,115,117,124,113,143,108,43,97,84,46,68,64,85,86,60,38,43,54,95,62,52,60,70,47,85,102,82,98,80,71,92,99,93,74,104,70,124,79,67,63,79,47,63,65,129,92,103,139,119,123,69,166,114,122,115,108,,,,85,94,,111,92,98,118,138,125,129,124,123,122,121,123,120,138,127,88,143,124,142,82,108,105,113,116,128,103,103,56,71,175,122,79,102,88,49,33,26,103,155,137,87,87,140,85,94,92
20190317,8,O3_8h,11,8,28,8,7,17,9,60,25,10,14,26,13,16,10,14,48,13,30,43,10,15,7,63,27,21,26,24,21,14,59,64,50,11,54,15,35,27,15,75,68,38,26,48,9,74,119,9,15,31,7,7,4,16,97,72,28,58,51,40,67,14,21,70,16,30,49,60,93,5,47,94,30,23,5,9,7,34,22,16,115,,39,35,6,19,9,48,12,15,18,36,56,45,27,41,114,118,99,23,96,89,31,61,12,58,21,14,21,30,12,19,18,18,21,28,38,43,18,51,15,15,38,7,7,66,86,70,17,17,31,20,19,27,54,36,27,95,45,40,34,22,21,34,58,49,17,14,41,4,23,5,59,71,22,56,26,28,9,,,,,,24,17,12,88,25,28,22,20,56,36,33,3,6,10,15,38,27,43,17,14,16,28,80,51,71,12,7,13,22,14,3,11,49,68,29,13,32,47,95,34,21,11,11,21,41,32,40,34,32,72,62,49,59,52,87,51,28,37,38,25,35,45,29,32,57,27,19,31,51,63,118,32,49,53,44,6,12,18,10,48,58,33,26,13,8,14,22,51,39,54,17,46,15,41,11,45,44,13,23,36,26,18,32,8,15,36,12,20,10,33,30,28,32,19,22,40,36,40,34,38,43,29,48,12,33,9,35,35,39,54,51,68,32,51,4,56,31,49,32,95,71,83,59,71,78,50,30,106,27,57,87,,,,44,48,,20,9,21,25,75,32,25,26,34,68,90,38,65,44,112,59,122,99,130,56,88,92,15,21,15,45,40,30,57,40,21,20,32,31,24,12,4,73,51,61,24,28,78,22,35,23
20190317,8,O3_8h_24h,26,14,51,13,11,50,17,65,35,27,49,62,13,28,15,26,57,15,30,74,13,34,15,78,27,21,40,34,35,29,60,65,55,15,97,24,39,41,34,123,85,47,54,62,21,87,136,15,18,55,14,12,4,26,102,79,35,77,56,54,85,27,28,78,20,32,51,85,104,7,61,100,48,24,6,13,14,39,35,28,136,,60,64,9,43,14,62,17,20,20,42,59,59,39,42,125,131,107,33,113,107,44,102,30,93,31,21,27,36,17,24,36,23,40,52,43,48,22,61,18,18,42,11,11,88,97,94,20,22,50,24,30,34,60,49,29,95,53,43,69,24,21,41,66,57,27,18,41,4,30,15,59,89,31,60,29,34,20,,,,,,31,26,22,92,25,38,39,48,85,83,66,3,9,38,36,45,40,56,17,28,20,41,99,80,115,20,8,15,36,29,3,20,56,73,33,28,36,47,97,45,33,11,22,36,57,32,53,40,32,76,64,57,68,62,96,63,34,59,57,25,57,53,39,35,65,43,37,44,68,77,134,38,60,60,57,10,19,29,25,56,64,50,45,25,8,35,44,61,82,72,36,73,27,53,21,74,77,18,40,43,30,22,35,13,15,38,14,23,11,42,32,33,38,25,26,46,38,42,37,47,46,36,52,26,31,9,46,42,50,63,58,78,33,51,5,69,40,55,32,99,72,84,74,102,80,52,40,107,52,64,88,,,,58,77,,24,13,25,32,114,38,30,33,34,72,95,54,67,60,116,70,132,112,139,56,94,94,16,21,18,47,40,30,71,40,21,20,41,39,31,15,11,73,53,72,43,44,122,39,49,34
20190317,8,CO,1.025,1.628,1.025,3.2,1.84,1.325,1.017,0.72,0.76,1.675,1.2,1,0.875,0.989,1.537,0.945,0.87,1.189,0.969,1.18,1.167,1.188,1.1,0.84,0.829,0.917,1.375,1.322,1.125,1.675,0.56,0.84,0.84,0.936,0.925,0.875,0.892,0.914,1.267,0.667,0.667,0.667,0.6,0.667,1.24,0.65,0.45,0.889,1.245,1.144,0.9,1.03,1.15,0.71,0.546,0.55,0.8,0.425,0.6,0.72,0.6,0.867,0.788,0.6,0.732,0.733,0.43,1.45,0.467,0.915,0.85,1.05,1.214,2.457,1.129,1.067,1.333,0.74,0.825,1.167,0.475,,1.575,1.5,1.667,2.133,2.667,1.04,1.283,1.62,1,1.767,0.7,0.8,1.45,0.78,0.7,0.55,0.567,0.833,0.633,0.667,0.767,0.8,0.9,1.633,1.567,5.067,1.54,1.525,1.133,1,2.743,1.083,1.74,1.34,0.886,1.04,0.8,0.54,0.95,1.12,0.544,1.043,2.32,1,0.783,0.9,0.675,0.78,0.867,1.133,1.06,0.7,0.8,1,0.7,0.6,0.55,0.8,2.76,0.625,0.575,0.6,0.617,0.633,1.65,1.04,0.55,0.95,1.171,0.625,0.9,0.4,2.15,0.94,0.5,1.5,1,,,,,,1.5,1.8,2,1,1.4,2,1.233,1.65,1.1,1.45,1.25,1.15,1.933,1.3,1.5,1.65,0.75,0.9,0.9,0.9,0.7,1.2,0.675,0.875,0.767,4.583,1.14,0.9,3.92,0.8,1.1,2.133,0.467,0.4,0.667,1.25,0.833,,0.367,0.72,0.725,1.05,1.5,0.65,1.55,0.7,0.5,0.8,0.65,0.525,0.45,0.6,0.46,0.733,0.467,0.5,1.05,1.033,1.183,0.8,1.7,0.86,0.567,0.85,0.8,0.6,1.075,0.6,0.8,0.633,0.6,0.6,0.675,0.625,0.833,0.4,1.02,0.917,0.4,1,0.675,0.7,1.025,0.475,2.467,1.925,1.25,0.833,0.65,0.94,1.571,0.767,1.5,1.075,0.833,0.86,1.05,0.95,0.525,0.833,0.7,1.017,0.76,1.32,0.88,0.42,0.78,0.6,1.067,0.9,0.9,1.033,0.65,0.833,0.7,0.45,0.6,0.75,0.8,0.575,0.5,0.575,0.66,0.775,0.62,0.62,0.425,0.4,0.62,0.7,0.35,0.66,0.46,0.467,0.6,0.6,0.1,0.55,0.1,0.55,0.65,0.733,0.9,1.05,1.067,1,1.2,0.6,1.1,0.75,0.5,,,,0.633,0.4,,1.025,1.286,0.633,0.6,0.85,0.9,0.85,0.85,0.55,0.6,0.5,0.95,0.4,0.75,0.1,0.5,0.6,1.5,0.8,1.3,0.3,0.6,0.7,0.7,1.267,1.2,1.15,1.8,0.2,0.6,1.2,0.4,0.767,2.6,0.85,2.15,3.9,0.1,0.75,0.525,1.025,1.033,0.925,2.15,1.2,1.375
20190317,8,CO_24h,0.458,1.172,0.662,1.85,1.26,0.825,0.683,0.64,0.5,0.825,0.8,0.667,0.525,0.7,0.938,0.564,0.63,0.956,0.9,0.77,0.944,0.638,0.7,0.76,0.714,0.8,0.825,0.933,0.775,1.025,0.64,0.88,0.76,0.882,0.75,0.775,0.853,0.951,0.9,0.533,0.567,0.633,0.55,0.567,0.72,0.567,0.425,0.722,0.818,0.889,0.644,0.95,0.99,0.74,0.554,0.55,0.8,0.5,0.7,0.72,0.58,0.8,0.85,0.54,0.732,0.656,0.46,0.75,0.45,0.769,0.783,1.3,0.971,2.371,1.071,0.771,0.917,0.68,0.425,0.767,0.425,,0.875,0.967,0.933,1.233,1.3,0.7,0.783,1.02,0.867,1.1,0.4,0.5,0.85,0.92,0.55,0.6,0.567,0.7,0.567,0.667,0.667,0.733,0.833,0.933,0.867,1.767,1.14,1.188,0.7,0.575,1.171,0.633,1.12,0.76,0.743,0.76,0.7,0.4,0.95,0.76,0.533,0.671,1,0.8,0.683,0.675,0.65,0.7,0.6,1,0.88,0.65,0.8,0.925,0.783,0.65,0.45,0.733,1.14,0.65,0.65,0.5,0.533,0.567,1.1,0.94,0.55,0.9,0.863,0.55,0.733,0.45,1.325,0.76,0.567,1.25,0.75,,,,,,1.25,1,1.6,0.9,0.9,1.05,0.967,1.1,0.65,0.55,0.75,1.05,0.9,0.8,0.9,1.25,0.55,0.9,0.8,0.85,0.8,0.7,0.5,0.875,0.633,2.017,0.7,0.925,2.26,0.567,0.9,1.167,0.5,0.35,0.633,0.5,0.567,0.1,0.4,0.4,0.575,0.95,1,0.75,0.95,0.7,0.35,0.567,0.8,0.5,0.525,0.4,0.38,0.633,0.5,0.45,0.7,0.783,0.583,0.767,1.217,0.74,0.567,0.775,0.567,0.533,0.65,0.5,0.7,0.7,0.54,0.55,0.6,0.675,0.9,0.46,1.04,0.867,0.36,1.1,0.75,0.657,0.95,0.5,0.8,0.95,0.875,0.8,0.475,0.78,0.886,0.467,1.183,0.85,0.733,0.64,1.05,0.8,0.55,0.667,0.6,1.067,0.84,1.1,1.04,0.56,0.78,0.62,0.8,0.875,0.967,1.267,0.725,0.9,0.75,0.55,0.633,0.95,0.8,0.475,0.5,0.55,0.68,0.675,0.783,0.62,0.45,0.5,0.56,0.567,0.3,0.66,0.62,0.533,0.65,0.5,0.1,0.5,0.2,0.65,0.75,0.667,0.85,0.8,0.933,1,1.25,0.55,1.05,0.85,0.5,,,,1,0.5,,1,0.971,0.7,0.5,0.7,0.633,0.65,0.55,0.6,0.55,0.567,0.7,0.5,1.05,0.4,0.6,0.6,0.8,0.7,1.2,0.4,0.4,0.9,0.667,0.8,1.1,1.35,1.567,0.3,0.75,1.25,0.85,1,2,0.55,1.8,2.8,0.1,0.8,0.525,0.725,1,0.7,0.9,0.8,1.15
20190317,9,AQI,83,100,114,116,82,114,82,39,54,97,111,85,100,72,65,76,54,78,65,122,100,143,171,54,93,104,125,122,126,161,87,86,71,74,75,79,87,78,131,71,53,58,72,74,96,59,63,85,124,102,122,75,75,66,52,52,63,54,60,62,65,80,15,42,64,66,39,76,45,102,70,46,70,92,91,74,76,51,59,55,60,,131,86,123,146,127,95,110,115,83,89,85,83,97,59,61,64,53,51,59,53,61,53,76,87,110,77,89,87,79,63,70,93,89,85,64,68,58,55,76,94,66,102,154,108,78,87,78,63,58,58,46,26,42,91,29,49,58,85,74,77,65,71,42,40,107,104,55,70,66,95,55,48,67,75,165,126,112,,,,,,86,85,98,53,83,92,157,122,196,217,182,130,189,87,160,86,96,64,81,82,63,103,67,84,87,125,131,60,108,64,88,152,54,34,43,57,48,26,48,61,91,113,110,42,69,81,88,55,42,37,47,34,46,56,43,57,95,127,126,82,98,64,55,97,82,88,92,126,64,59,62,59,50,44,60,57,59,67,60,48,71,57,67,51,110,96,106,63,89,87,233,79,78,65,82,89,71,85,62,71,49,60,40,64,70,56,61,50,43,49,24,25,16,54,19,48,19,22,25,45,31,58,54,64,36,55,33,50,50,28,27,37,17,29,41,27,24,48,25,48,42,42,76,58,104,30,122,56,71,69,45,,,,58,23,,53,64,61,58,51,57,66,85,61,54,61,87,34,44,60,59,66,57,74,36,45,500,64,63,81,73,55,76,55,121,146,103,72,37,25,158,178,145,96,52,68,63,83,85,69,99
20190317,9,PM2.5,61,75,78,81,39,83,49,14,20,70,83,60,65,33,30,55,28,57,40,92,68,109,129,29,67,77,94,92,95,122,64,63,51,45,54,57,43,57,99,47,32,38,52,53,69,41,30,50,63,71,89,54,54,33,28,24,35,27,28,33,30,58,9,17,45,47,25,55,17,54,32,27,46,68,67,53,55,18,31,31,29,,79,47,83,111,81,61,73,86,60,44,62,61,72,41,36,21,25,30,36,29,43,36,55,64,54,38,62,52,45,39,46,69,66,56,45,34,33,33,55,70,38,70,117,80,46,58,32,37,33,38,32,17,29,67,20,16,40,62,51,56,46,51,29,23,67,77,36,26,46,46,23,19,33,54,58,85,38,,,,,,63,62,64,30,40,68,119,92,147,166,137,98,142,64,121,63,71,34,59,59,36,76,40,59,64,79,73,31,80,38,34,48,33,14,16,29,32,5,16,35,67,84,82,29,49,59,65,30,17,18,19,16,25,29,8,39,35,96,95,60,73,45,35,72,58,59,63,95,45,34,28,41,35,29,42,39,32,48,42,33,51,36,48,26,82,60,79,44,66,54,182,50,54,36,60,66,51,62,26,48,22,42,28,45,50,39,43,35,26,34,15,17,9,37,13,33,4,12,17,31,21,40,37,45,24,38,23,33,35,19,9,20,7,20,18,14,11,33,17,32,13,14,55,40,77,21,92,26,51,18,16,,,,33,13,,27,33,34,27,19,24,34,62,21,22,41,41,23,19,12,41,30,33,38,25,10,90,40,44,44,34,16,55,35,52,86,39,34,12,14,120,134,56,71,35,37,44,61,62,39,74
20190317,9,PM2.5_24h,22,48,44,55,35,40,44,15,16,33,56,50,35,25,19,28,27,53,37,60,48,70,77,34,60,59,58,72,73,82,61,62,52,59,40,49,56,72,70,42,29,35,34,36,45,34,29,36,51,45,54,45,56,42,23,20,40,26,33,36,25,59,21,13,42,40,32,37,13,48,29,36,32,117,59,53,31,12,25,20,28,,66,48,55,62,55,58,50,72,57,53,48,32,61,41,22,21,24,24,19,25,41,25,48,49,47,20,37,47,27,17,29,33,24,28,37,31,34,26,50,61,37,42,55,53,36,52,28,34,25,33,22,12,38,58,35,19,38,58,35,46,57,41,34,21,36,61,33,25,35,37,19,16,29,50,67,61,37,,,,,,60,45,42,21,25,32,84,60,72,75,77,78,75,54,87,62,42,36,54,54,42,38,37,54,41,35,32,26,53,17,31,34,25,14,23,18,33,6,16,16,39,60,48,26,26,48,38,26,35,17,23,12,18,27,17,34,23,64,65,57,58,41,34,56,56,55,42,56,40,38,30,29,33,25,35,39,36,47,35,38,52,36,43,26,39,37,44,52,56,41,122,43,47,30,45,34,47,41,31,36,19,49,35,42,59,45,36,35,22,36,36,47,43,47,24,41,17,43,34,22,26,43,43,37,32,39,34,37,37,16,11,20,22,29,25,19,11,28,22,33,18,10,59,35,62,30,107,22,52,35,21,,,,26,10,,29,24,33,24,23,24,32,43,20,20,25,27,18,22,22,43,29,36,32,21,11,27,38,20,35,35,21,85,36,60,113,48,44,16,12,134,180,62,67,35,23,31,26,28,19,50
20190317,9,PM10,110,117,175,179,111,175,111,38,55,142,145,118,147,91,77,82,56,84,78,116,147,137,154,56,134,143,180,142,160,186,116,117,90,95,94,106,121,91,164,89,54,64,77,74,140,61,57,117,195,151,192,94,58,80,52,51,74,56,67,72,77,81,12,41,72,72,38,100,26,151,88,40,88,60,77,69,71,50,66,58,56,,209,120,193,150,202,138,167,165,113,125,118,105,128,54,57,49,53,50,66,54,61,54,73,96,168,101,125,122,105,74,87,121,106,118,64,84,63,58,87,103,80,152,198,109,103,121,103,74,64,63,41,25,37,70,26,35,44,75,96,62,58,68,35,39,161,128,58,87,79,137,58,47,81,91,277,200,172,,,,,,115,118,143,54,114,122,165,149,233,242,172,162,241,117,173,103,108,75,90,112,73,125,82,116,95,198,210,68,145,75,123,251,56,18,42,61,47,11,25,69,110,119,96,40,71,,83,57,41,31,46,33,45,60,21,61,137,160,193,106,138,73,57,120,112,124,131,125,62,66,43,47,41,43,56,62,66,76,60,47,72,62,64,50,159,139,144,71,112,122,213,105,104,77,95,103,88,94,72,90,48,42,38,65,69,49,64,47,42,41,23,23,12,44,15,37,9,21,,38,30,49,53,58,35,46,27,49,48,20,26,36,14,27,40,20,23,44,,43,41,17,66,59,94,24,128,51,74,86,21,,,,64,13,,53,76,69,64,50,62,79,96,70,55,70,122,30,43,32,55,49,61,63,30,32,695,76,59,109,93,57,88,58,190,240,154,92,36,24,228,286,237,97,52,84,66,88,114,86,92
20190317,9,PM10_24h,63,95,104,123,87,100,91,43,42,71,109,99,95,71,57,53,56,84,63,84,105,96,112,78,132,108,116,112,108,131,113,106,90,109,70,102,102,112,128,78,51,71,61,61,105,56,60,94,140,113,115,91,68,79,42,42,79,47,61,65,62,83,28,41,67,63,50,61,34,115,75,79,68,185,80,76,61,35,51,48,57,,149,111,130,108,135,151,123,149,108,114,117,76,118,58,51,42,49,49,52,46,54,57,68,77,134,48,81,88,61,46,59,66,46,64,52,63,62,40,85,98,82,100,97,88,76,84,78,63,51,59,37,28,50,74,48,37,51,69,73,60,78,60,52,34,74,112,65,85,77,102,59,57,83,84,306,141,130,,,,,,116,99,101,49,81,80,130,108,123,125,112,139,127,87,110,105,78,79,92,120,74,65,68,106,75,107,127,64,107,53,91,106,44,20,44,32,56,19,28,53,65,94,62,42,46,,57,40,56,40,38,28,29,40,34,48,43,126,128,106,107,72,59,105,122,115,91,93,67,71,48,45,41,55,61,76,73,87,52,64,91,69,71,63,89,80,81,81,100,82,157,91,95,64,90,62,88,82,70,68,43,73,44,66,84,60,61,70,38,52,51,67,57,63,36,56,21,53,38,38,38,62,54,57,55,67,45,62,52,20,19,37,35,40,50,28,20,38,24,58,40,33,75,55,73,39,155,51,94,78,31,,,,38,15,,56,63,74,53,54,51,70,75,55,58,57,77,37,52,48,77,57,68,57,32,34,149,66,38,101,122,81,141,59,226,315,208,122,38,27,193,280,265,99,67,55,47,63,59,55,72
20190317,9,SO2,11,24,21,74,38,29,17,14,15,16,54,25,42,33,20,57,29,13,19,16,31,19,30,12,20,18,29,23,27,44,12,10,14,10,19,13,12,20,26,9,6,13,33,11,15,7,5,13,20,15,12,9,8,12,6,5,16,6,10,15,13,26,8,5,9,5,11,44,3,11,21,11,50,6,11,12,32,13,29,32,9,,36,47,38,34,43,40,22,21,26,32,9,13,38,12,11,5,6,10,12,12,18,16,18,14,25,86,27,113,42,36,37,34,50,111,17,22,10,13,15,38,12,23,47,15,16,34,18,11,17,9,11,3,11,8,18,3,4,10,127,16,7,3,5,17,19,12,17,17,16,16,7,3,51,3,7,29,20,,,,,,15,15,46,12,17,21,26,26,30,27,24,15,47,31,25,27,23,6,3,25,8,124,7,38,16,70,131,25,56,47,29,160,13,2,24,30,11,50,10,60,25,27,18,20,34,8,12,38,10,13,6,13,6,13,12,8,64,31,44,14,31,10,6,21,4,8,13,12,7,14,5,16,5,12,8,12,16,21,26,10,16,17,10,80,61,48,19,10,19,8,13,14,11,13,31,34,8,5,5,12,5,7,9,10,10,6,15,5,9,10,4,13,6,6,12,9,6,5,2,11,10,7,4,6,7,7,10,4,7,7,21,15,15,22,4,9,2,14,8,6,8,7,17,18,10,6,5,5,8,7,8,,,,4,12,,10,30,23,9,95,15,12,24,19,27,12,25,9,11,21,10,24,16,11,24,9,6,16,29,18,9,10,6,3,5,6,16,15,3,4,8,5,6,6,14,29,15,21,62,26,55
20190317,9,SO2_24h,4,17,15,35,30,17,17,9,8,7,26,16,15,20,13,18,14,11,22,10,18,13,19,12,14,15,13,17,19,21,17,13,12,11,12,11,10,25,11,8,6,15,14,9,10,6,6,15,19,11,11,11,7,10,5,6,13,7,11,13,9,20,7,5,9,5,13,15,3,8,16,22,35,7,11,11,16,10,10,21,10,,25,23,23,29,36,29,14,21,21,29,11,6,21,14,9,5,5,10,11,8,16,14,15,11,16,30,19,45,21,18,19,17,20,36,10,14,7,17,21,21,14,15,19,14,11,16,12,9,10,7,8,2,10,9,14,2,4,10,41,12,9,4,5,11,17,10,14,12,9,13,11,12,56,4,7,23,22,,,,,,15,17,25,9,8,10,19,12,19,12,15,9,18,17,15,13,13,9,4,16,7,44,9,14,10,31,44,32,33,21,25,70,8,2,11,19,7,11,10,24,17,16,15,10,16,6,11,9,12,8,7,6,7,12,13,8,31,23,16,15,31,9,7,14,6,11,10,8,8,12,6,7,5,12,9,11,18,29,14,13,23,15,17,17,16,21,17,14,11,6,10,8,14,12,17,15,8,7,7,11,4,11,12,8,17,8,7,10,8,11,4,13,9,10,8,9,6,7,3,11,10,7,8,5,10,7,6,5,7,7,20,12,14,19,4,8,1,28,15,6,8,6,13,14,11,6,7,4,12,8,6,,,,5,22,,10,23,16,7,120,12,11,14,9,14,15,15,8,12,11,18,23,12,14,27,11,6,22,21,13,9,8,6,7,7,9,18,13,4,5,9,8,6,6,14,26,9,12,20,15,28
20190317,9,NO2,62,75,62,97,75,64,63,18,33,73,87,67,53,54,56,45,57,34,31,100,113,115,110,27,44,80,94,82,96,91,32,25,33,59,75,55,53,75,98,53,52,36,50,36,93,31,38,46,87,76,86,68,44,75,25,40,61,44,63,68,40,72,28,13,46,45,20,64,32,79,37,39,57,61,42,41,49,39,50,47,26,,62,50,73,79,91,42,70,55,50,30,29,48,40,34,27,12,18,36,26,22,44,36,68,41,38,44,60,49,64,47,40,43,51,53,25,24,22,26,60,76,43,68,68,49,33,64,51,42,47,40,37,20,28,23,25,8,45,31,66,31,22,40,25,27,22,69,46,52,55,65,22,34,41,25,65,67,71,,,,,,49,66,96,33,63,58,92,,128,144,92,86,131,94,93,64,59,31,25,69,54,59,36,47,67,66,73,46,58,54,41,55,23,8,30,48,20,7,15,32,36,34,33,33,28,17,16,33,15,9,10,20,8,22,8,9,32,84,69,37,72,54,23,69,69,32,98,38,60,48,27,26,15,25,33,16,29,32,37,19,27,30,23,32,73,63,61,33,61,63,61,73,59,40,54,50,53,30,32,35,36,31,22,48,20,32,24,23,16,28,24,21,15,17,20,19,12,11,22,31,24,30,29,43,23,42,18,24,35,13,19,26,17,17,23,21,17,33,5,10,23,13,27,44,15,15,31,12,39,5,18,,,,12,22,,30,70,35,40,33,39,55,52,59,34,27,52,16,15,18,29,25,27,19,19,5,25,47,52,77,40,26,46,17,20,37,41,33,6,34,51,55,15,52,28,47,35,37,58,27,31
20190317,9,NO2_24h,38,63,39,70,59,41,54,13,24,45,57,46,41,45,41,34,41,43,43,61,79,72,100,32,54,73,73,61,62,74,45,40,32,61,38,55,44,68,57,26,31,42,33,26,71,20,18,47,64,49,61,63,61,74,22,37,61,41,47,56,30,63,32,8,47,39,20,28,11,80,42,33,49,61,51,44,42,28,34,37,18,,54,43,63,58,58,50,54,60,56,40,23,33,48,28,18,11,15,32,16,15,37,21,47,24,58,26,46,46,39,29,34,30,29,32,25,22,27,22,77,62,42,60,51,38,28,35,49,37,31,32,30,16,24,19,24,6,27,30,39,31,20,32,25,20,23,69,46,55,44,61,18,17,43,23,39,50,49,,,,,,50,48,62,25,33,31,67,67,60,64,57,49,83,56,59,46,43,29,28,86,52,36,19,31,37,50,44,44,51,37,46,48,14,7,24,30,19,13,8,18,28,38,29,23,19,24,19,20,21,8,13,13,15,21,9,13,23,51,46,50,56,40,27,57,50,44,76,50,40,45,17,21,16,31,26,27,39,47,31,22,40,36,26,29,56,52,49,36,41,34,45,39,50,30,50,26,34,35,28,26,20,48,22,39,31,37,25,32,18,18,23,22,19,19,18,19,14,18,16,23,19,32,30,37,26,44,21,30,26,5,10,14,23,14,35,20,15,26,10,10,19,8,13,12,11,11,36,9,29,14,7,,,,8,26,,30,60,39,37,22,31,34,31,40,16,17,34,17,26,19,30,19,16,13,10,9,20,44,36,50,44,32,41,20,38,45,38,35,9,35,44,45,20,35,26,35,27,25,31,17,25
20190317,9,O3,19,20,24,18,16,25,17,57,34,15,28,24,29,25,21,30,39,52,53,30,10,16,30,77,49,27,30,20,25,30,72,80,54,22,33,43,54,38,14,57,57,46,25,44,11,55,97,8,20,27,9,9,5,32,95,82,42,75,38,46,64,12,19,58,16,25,44,33,65,8,60,72,25,22,5,6,24,47,27,35,92,,53,57,32,55,32,72,26,51,54,71,72,51,69,39,102,103,93,26,80,71,26,45,11,34,50,22,21,43,18,22,41,35,23,35,58,45,51,51,36,28,33,10,23,46,81,37,28,8,16,19,8,16,42,23,22,90,15,27,17,14,19,17,44,38,12,17,45,10,15,13,89,52,22,54,16,45,29,,,,,,64,37,28,80,47,33,30,29,32,18,30,21,16,16,24,39,37,37,22,34,30,30,56,37,30,12,14,28,32,22,13,25,46,65,25,24,48,60,87,46,37,41,41,17,47,47,64,41,59,82,78,60,77,82,77,41,41,27,36,63,31,37,31,57,36,49,16,48,43,61,93,24,51,43,33,28,11,20,8,35,29,26,24,28,19,23,37,53,34,16,20,20,22,33,15,22,19,33,19,27,8,38,42,12,31,45,13,22,10,11,21,18,27,16,16,28,36,41,16,24,35,29,47,7,40,11,20,22,16,31,50,45,32,43,7,42,20,31,30,87,65,79,36,26,76,43,13,101,8,94,78,,,,35,49,,20,9,15,27,61,38,27,10,26,49,73,29,77,82,97,59,98,84,113,52,82,86,18,20,15,45,58,30,47,88,42,29,32,19,21,5,2,77,23,60,50,21,63,27,44,29
20190317,9,O3_24h,87,94,102,91,96,112,103,107,98,91,94,103,108,95,95,86,84,94,89,161,122,140,127,138,146,107,147,107,138,146,135,141,124,151,140,141,134,121,150,184,119,157,126,146,121,144,155,80,110,91,122,109,55,196,117,117,156,125,211,160,125,114,36,84,72,87,63,111,120,104,116,125,103,42,63,57,101,99,84,91,158,,145,116,116,111,112,150,93,116,133,101,139,105,135,66,142,148,145,116,130,147,98,137,104,125,100,96,129,134,99,82,89,85,86,82,102,83,90,98,131,135,99,116,119,126,120,158,125,113,116,104,94,98,72,115,56,120,106,93,119,79,65,93,94,79,123,121,124,123,115,126,125,114,113,80,133,109,109,,,,,,110,130,112,108,113,104,147,112,155,149,169,155,143,155,154,165,107,114,58,164,190,102,165,149,143,134,103,108,133,105,79,98,84,92,83,104,81,85,110,89,92,82,77,69,94,82,97,100,78,88,93,86,90,101,104,69,94,149,143,141,107,124,124,128,140,137,94,139,126,125,154,94,117,102,112,124,78,64,102,88,70,67,53,122,117,126,113,150,154,130,135,147,118,107,110,115,117,124,113,143,108,45,97,84,46,68,64,85,86,60,35,43,54,95,62,52,60,70,47,85,102,82,98,80,71,92,99,93,74,104,70,124,78,67,63,79,46,63,65,129,92,103,139,119,123,69,166,114,122,115,109,,,,85,94,,111,92,98,118,138,125,129,124,123,122,121,123,120,138,127,88,143,124,142,82,108,105,113,116,128,103,103,56,71,175,122,79,102,88,49,33,26,103,155,137,80,87,140,85,94,92
20190317,9,O3_8h,10,8,25,9,7,15,9,59,25,8,12,21,15,16,11,15,47,18,34,38,10,13,9,64,33,21,25,22,20,14,64,68,51,12,46,18,37,27,13,67,65,37,23,46,8,71,114,8,16,28,6,7,4,17,96,73,29,58,49,40,65,12,20,68,16,31,50,55,88,5,47,91,27,23,5,7,8,35,21,17,110,,38,34,9,21,11,50,14,19,24,40,59,45,31,43,111,115,97,22,92,84,29,53,10,50,24,14,21,30,12,20,19,19,19,26,41,43,22,50,19,16,39,6,9,62,84,62,19,16,27,20,16,25,52,35,26,96,41,39,28,23,22,32,56,47,15,14,42,5,22,5,63,67,22,56,26,30,10,,,,,,29,19,13,87,30,28,21,14,48,26,28,6,7,7,13,38,29,41,19,15,18,27,75,45,61,11,8,15,22,13,4,12,48,67,29,13,34,51,95,34,22,15,13,19,40,34,41,34,35,72,65,49,61,55,84,48,29,33,35,31,32,43,28,33,54,28,16,35,49,62,113,31,48,52,41,9,11,18,8,46,54,30,24,13,9,13,21,50,33,47,16,40,14,39,10,39,36,15,21,34,23,21,35,9,17,38,12,21,10,29,29,26,31,17,21,38,37,41,32,38,42,29,47,10,35,10,32,35,36,46,50,64,32,50,5,53,29,47,34,94,70,83,55,62,77,48,26,106,22,61,88,,,,41,44,,19,9,21,25,68,33,24,24,34,65,87,35,67,47,110,58,118,96,127,56,89,91,16,22,15,45,45,30,54,49,25,23,32,28,23,11,2,76,47,59,25,25,71,20,35,22
20190317,9,O3_8h_24h,24,13,52,13,12,50,17,65,35,27,49,62,15,29,16,26,57,18,34,74,14,34,17,79,33,21,40,34,35,30,64,68,55,16,97,25,40,41,34,123,85,47,53,62,22,87,136,15,19,55,14,12,4,28,102,79,35,77,56,54,85,27,28,78,21,32,51,85,104,7,61,100,48,24,6,13,16,40,35,29,136,,60,64,11,43,14,63,17,23,24,43,61,59,39,43,125,131,107,33,113,107,44,102,30,93,33,22,27,37,18,24,36,24,40,52,44,48,25,61,21,20,43,9,12,88,97,94,22,22,50,25,30,34,60,49,29,96,53,43,69,24,22,42,66,57,27,18,42,5,30,16,63,89,32,60,29,34,22,,,,,,33,26,22,92,30,38,39,58,85,83,66,6,10,38,36,47,40,56,19,28,20,41,99,80,115,21,9,17,36,29,4,21,56,73,33,28,38,51,97,45,34,15,22,36,57,34,53,40,35,76,65,57,68,63,96,63,35,59,57,31,57,53,39,36,65,45,37,44,68,77,134,39,60,61,57,12,19,29,25,56,64,50,45,26,10,35,44,61,82,72,37,73,27,53,21,74,77,19,40,43,30,24,38,13,17,40,14,24,11,42,32,33,38,25,26,46,38,42,37,47,46,36,52,26,33,10,46,42,50,63,58,78,34,51,5,69,40,55,34,99,72,84,74,102,80,52,40,107,52,64,93,,,,58,77,,24,13,25,32,114,39,30,33,35,72,95,54,68,63,116,70,132,112,139,56,94,94,17,22,18,47,45,30,71,49,25,23,43,39,31,15,11,76,53,72,44,44,122,39,50,34
20190317,9,CO,1.217,1.606,1.1,3.6,1.6,1.225,0.883,0.8,0.66,1.675,1.267,1.067,0.95,1.144,1.35,0.791,0.82,0.978,0.892,1.14,1.2,1.063,1.14,0.78,0.771,0.933,1.525,1.211,1.1,1.4,0.54,0.8,0.84,0.955,0.925,0.85,0.842,0.914,1.233,0.667,0.667,0.6,0.667,0.667,1.15,0.65,0.45,0.867,1.055,1.078,0.944,0.96,1.12,0.71,0.554,0.575,0.8,0.425,0.7,0.72,0.62,0.967,0.8,0.58,0.759,0.767,0.47,1.55,0.567,0.908,0.783,1.1,1.529,2.3,1.171,1.157,1.1,0.82,0.625,1.067,0.5,,1.475,1.3,1.333,2.067,2.383,0.98,1.1,1.64,0.967,1.033,0.467,0.633,1.25,0.86,0.683,0.583,0.6,0.933,0.633,0.833,0.8,0.967,0.967,2.067,1.8,3.925,1.64,1.638,1.217,1,1.586,0.983,2.62,1.18,0.786,1.16,0.58,0.58,0.925,1.34,0.544,1.1,2.06,1.033,0.817,1,0.725,0.8,0.833,1.15,1.14,0.725,0.825,1,0.8,0.6,0.65,0.833,2.925,0.75,0.6,0.675,0.617,0.667,2.45,1.16,0.6,1,1.238,0.725,0.7,0.45,1.875,0.92,0.667,1.5,0.8,,,,,,1.15,1.1,2.2,1,1.4,1.75,1.133,1.5,1.55,1.85,1.2,1.1,2.2,1.4,2,1.6,0.95,0.9,1.1,0.85,0.7,1.1,0.675,0.95,0.867,4.75,1.24,1,3.18,0.8,1.1,1.467,0.6,0.45,0.833,0.9,0.767,0.1,0.467,0.68,0.6,0.8,1.15,0.7,1.65,0.6,0.4,0.7,0.525,0.45,0.4,0.467,0.34,0.667,0.467,0.5,0.85,0.933,0.983,0.767,1.3,0.92,0.533,0.925,0.833,0.6,0.975,0.6,0.667,0.667,0.6,0.6,0.7,0.7,0.933,0.42,0.92,0.917,0.48,1.06,0.725,0.757,1.05,0.55,2.7,2.3,1.275,0.833,0.725,1.02,1.557,1,1.733,1.1,0.9,0.88,1.15,0.95,0.625,0.867,0.9,0.883,0.82,1.42,0.88,0.52,0.86,0.68,1,1.075,0.9,1.2,0.7,0.833,0.75,0.55,0.633,0.7,0.9,0.55,0.525,0.6,0.68,0.8,0.64,0.68,0.475,0.55,0.72,0.867,0.45,0.72,0.52,0.533,0.7,0.75,0.15,0.5,0.1,0.65,0.75,0.7,1.05,1,1.067,1,1.25,0.65,1.15,0.85,0.8,,,,1,0.4,,1.05,1.243,0.7,0.6,0.65,0.833,0.9,0.9,0.65,0.55,0.567,0.85,0.4,0.5,0.2,0.5,0.6,1.6,0.7,1.7,0.3,0.9,0.767,0.9,1.133,1,1.2,1.767,0.2,0.6,1.2,0.75,0.967,1.9,0.8,2.25,3.9,0.1,0.95,0.525,0.8,1.067,0.85,3.275,1.25,1.275
20190317,9,CO_24h,0.492,1.183,0.662,1.85,1.24,0.775,0.683,0.64,0.5,0.85,0.833,0.667,0.525,0.7,0.925,0.555,0.65,0.967,0.885,0.8,0.956,0.638,0.7,0.76,0.714,0.8,0.888,0.933,0.775,1.025,0.6,0.88,0.76,0.882,0.75,0.8,0.853,0.951,0.967,0.533,0.567,0.633,0.533,0.567,0.74,0.567,0.425,0.744,0.818,0.9,0.644,0.93,1.01,0.73,0.546,0.55,0.788,0.425,0.675,0.68,0.58,0.8,0.85,0.54,0.732,0.667,0.46,0.75,0.45,0.769,0.75,1.2,0.929,2.386,1.057,0.8,0.917,0.68,0.425,0.767,0.425,,0.875,1,0.933,1.267,1.35,0.74,0.8,1.06,0.867,1.133,0.4,0.5,0.85,0.9,0.55,0.6,0.567,0.733,0.567,0.667,0.667,0.733,0.867,0.9,0.9,1.833,1.14,1.213,0.717,0.575,1.2,0.65,1.14,0.76,0.757,0.8,0.7,0.4,0.95,0.76,0.544,0.671,1.08,0.8,0.667,0.6,0.65,0.7,0.6,1,0.9,0.65,0.8,0.925,0.767,0.65,0.475,0.733,1.16,0.65,0.65,0.5,0.517,0.583,1.15,0.94,0.55,0.9,0.863,0.55,0.733,0.5,1.225,0.76,0.567,1.25,0.75,,,,,,1.3,1,1.6,0.9,0.95,1.1,0.967,1.1,0.65,0.65,0.75,1.05,0.933,0.85,0.95,1.3,0.6,0.9,0.8,0.85,0.8,0.7,0.5,0.85,0.633,2,0.7,0.875,2.22,0.567,0.9,1.133,0.5,0.3,0.633,0.5,0.6,0.1,0.4,0.4,0.55,0.95,1,0.65,1,0.7,0.35,0.567,0.8,0.5,0.5,0.4,0.38,0.633,0.5,0.4,0.7,0.8,0.617,0.767,1.217,0.72,0.567,0.75,0.633,0.567,0.65,0.5,0.667,0.7,0.54,0.525,0.6,0.675,0.9,0.48,1.02,0.867,0.36,1.1,0.75,0.657,0.95,0.5,0.9,1.025,0.9,0.8,0.475,0.78,0.914,0.467,1.2,0.85,0.733,0.64,1,0.85,0.55,0.667,0.6,1.05,0.82,1.12,1.02,0.54,0.78,0.6,0.8,0.875,0.933,1.267,0.725,0.9,0.75,0.55,0.633,0.9,0.8,0.475,0.5,0.55,0.68,0.675,0.783,0.62,0.45,0.5,0.56,0.567,0.3,0.68,0.62,0.533,0.65,0.55,0.1,0.5,0.2,0.6,0.75,0.667,0.85,0.8,0.933,1,1.3,0.55,1.05,0.85,0.5,,,,0.967,0.5,,1,0.986,0.7,0.5,0.7,0.633,0.6,0.55,0.55,0.55,0.533,0.65,0.5,1.05,0.4,0.6,0.5,0.8,0.7,1.3,0.4,0.4,0.867,0.667,0.833,1.1,1.3,1.567,0.3,0.7,1.25,0.85,1,2,0.55,1.85,2.9,0.1,0.85,0.5,0.7,1,0.7,1,0.775,1.125
20190317,10,AQI,89,106,110,117,57,149,64,37,49,104,96,84,105,69,61,60,44,67,55,130,98,136,161,53,96,107,131,110,116,156,87,84,66,73,71,76,85,81,139,69,54,63,61,85,92,58,60,81,126,95,131,73,72,67,52,55,65,52,62,59,66,77,16,47,63,71,43,68,43,100,63,46,77,86,85,70,76,52,53,46,56,,113,89,122,126,109,108,105,109,80,77,72,72,82,58,60,61,64,53,60,60,63,59,72,92,114,79,93,86,79,71,60,85,65,79,47,72,53,59,75,100,69,107,161,99,76,87,82,68,63,60,49,23,38,91,28,49,64,91,72,80,67,75,49,51,111,97,56,62,76,96,62,60,69,71,184,128,121,,,,,,68,72,82,44,78,65,141,133,189,189,192,113,179,86,133,96,88,57,78,77,68,67,62,94,96,127,165,67,106,68,80,102,53,34,54,54,38,28,47,62,65,105,108,53,75,71,80,52,36,38,36,34,42,57,42,59,59,120,133,86,100,68,56,96,77,88,92,117,76,56,59,56,50,49,64,58,55,71,61,49,72,59,66,56,113,100,91,63,94,80,235,92,83,71,85,89,87,82,70,76,55,53,43,83,66,58,70,55,44,56,23,26,16,53,34,49,19,21,25,49,33,58,49,65,35,59,38,54,54,46,25,38,28,36,42,26,22,50,18,47,46,42,75,60,106,31,117,55,74,62,46,,,,75,22,,61,68,72,58,45,59,75,93,66,65,72,80,35,34,57,56,64,92,71,88,44,500,69,77,86,92,75,77,56,119,146,114,81,28,29,150,172,136,108,56,58,59,78,79,68,106
20190317,10,PM2.5,66,79,79,86,29,85,42,10,16,77,71,55,67,28,26,41,18,48,25,98,68,103,122,27,67,77,99,82,87,118,54,57,47,45,51,52,41,59,106,47,35,43,43,62,68,40,30,50,59,57,99,50,52,33,28,26,34,26,27,33,30,56,8,18,44,51,27,43,18,58,30,29,45,63,62,50,55,16,23,16,29,,63,45,78,95,72,58,59,81,52,49,47,49,60,40,34,22,31,34,33,30,44,41,52,68,64,48,65,58,44,45,33,62,32,35,30,40,31,41,49,75,40,73,122,74,48,64,36,41,36,39,32,16,26,67,19,19,45,67,49,58,48,54,34,27,83,72,35,26,47,51,26,15,31,51,69,92,42,,,,,,47,48,19,24,30,41,107,101,142,142,144,84,135,63,101,71,65,28,57,56,42,44,39,59,71,84,75,32,79,37,33,45,34,14,22,27,21,5,16,30,37,78,80,36,54,51,58,24,13,14,20,10,22,32,7,41,27,90,101,63,75,40,35,71,56,61,60,88,55,37,25,39,35,32,45,40,38,51,43,34,52,41,47,31,84,60,67,41,69,49,184,60,58,41,62,66,50,60,32,48,29,36,30,61,47,40,50,38,30,34,13,14,8,28,14,34,7,8,17,34,23,40,34,46,23,41,26,37,36,32,8,22,12,25,21,13,9,35,8,28,13,9,54,40,79,20,88,27,53,16,25,,,,51,14,,35,36,36,26,19,26,28,59,20,23,52,43,23,14,18,38,32,68,41,65,9,77,49,56,39,48,20,56,34,49,84,38,42,15,20,115,130,49,80,33,24,38,57,41,33,79
20190317,10,PM2.5_24h,23,50,46,56,35,42,44,15,15,35,57,50,37,24,18,28,27,53,36,63,48,73,81,35,60,60,61,73,74,85,60,63,52,58,40,50,55,72,73,42,29,35,33,38,46,34,30,37,52,46,56,45,57,41,23,19,40,25,32,35,25,60,20,13,42,40,33,37,13,48,29,35,32,117,58,52,32,13,25,20,29,,66,48,57,64,57,58,52,73,57,53,49,33,62,41,22,21,24,24,20,24,41,26,49,49,48,21,37,47,28,18,30,35,25,27,38,32,34,26,51,62,36,43,59,54,37,52,28,33,25,33,23,13,37,59,35,20,36,58,35,47,57,41,34,22,37,61,33,25,36,37,19,16,29,50,67,63,38,,,,,,61,47,42,22,27,33,87,64,77,79,82,78,79,55,88,63,44,34,52,55,41,39,37,54,41,36,34,25,54,18,31,33,26,14,23,18,33,5,16,16,39,62,49,25,27,48,38,26,36,18,23,13,17,28,16,33,23,66,67,57,59,41,34,56,56,55,42,57,40,38,30,30,33,26,36,40,36,47,35,38,52,37,43,26,41,38,45,51,57,40,122,44,48,29,45,34,47,42,31,35,19,49,34,43,59,44,37,35,22,35,35,46,41,46,23,41,16,40,33,22,26,43,43,37,32,39,34,37,37,16,11,20,22,30,26,19,10,28,22,33,18,10,58,35,63,30,106,22,51,34,21,,,,25,10,,28,25,33,24,23,24,31,43,20,20,25,26,19,22,21,43,29,37,32,22,11,29,38,22,35,36,21,84,36,60,113,47,44,16,12,134,177,62,67,35,22,32,27,29,19,51
20190317,10,PM10,104,115,168,181,62,245,76,36,48,136,128,116,158,85,70,67,43,71,58,116,144,141,162,53,139,162,191,121,155,193,121,115,77,94,89,99,118,94,161,85,56,74,67,86,131,60,61,110,199,138,184,94,58,81,52,57,78,52,71,66,80,88,13,46,72,76,42,84,37,148,74,45,101,77,62,64,85,52,54,45,58,,174,125,191,137,165,163,157,159,108,101,92,91,108,57,58,51,75,54,67,67,61,62,78,101,176,106,134,120,106,89,67,110,78,105,46,91,53,64,97,116,85,162,193,132,100,113,112,83,74,67,48,22,33,82,25,32,49,84,91,74,64,84,46,50,150,130,59,71,99,140,72,67,86,88,315,203,190,,,,,,84,92,112,36,103,77,166,156,223,267,176,137,217,106,157,112,110,62,93,102,84,82,72,135,102,201,277,81,150,83,108,152,53,,55,56,37,19,43,71,77,95,95,50,78,,82,52,35,27,35,33,41,61,21,57,66,165,192,110,141,84,59,121,99,123,132,123,84,60,44,53,44,48,76,59,54,76,66,47,71,65,68,60,156,149,116,73,135,108,210,132,114,90,99,121,121,98,88,99,57,35,33,82,62,50,71,54,43,59,22,25,13,54,33,36,11,16,,44,31,56,46,71,34,54,31,48,55,45,23,37,27,33,41,19,21,44,8,45,45,17,80,67,86,30,142,57,88,71,32,,,,97,,,70,83,91,64,44,66,98,134,79,77,85,107,32,33,33,60,52,89,84,73,31,680,81,76,120,131,97,88,59,186,240,175,110,25,26,213,242,219,122,59,63,66,78,106,84,94
20190317,10,PM10_24h,64,97,106,124,87,106,92,41,40,74,111,98,100,71,55,53,56,84,61,86,106,99,116,77,131,110,120,114,110,135,113,108,90,109,70,103,101,113,132,77,52,70,59,62,106,56,60,94,143,115,117,89,70,79,42,42,79,46,61,64,63,83,25,42,68,64,50,61,34,115,73,76,69,186,79,74,60,36,51,48,57,,149,111,132,109,137,151,126,151,110,114,116,77,118,58,51,42,50,49,52,46,54,58,69,77,135,51,82,90,62,46,60,68,48,65,52,63,61,40,86,99,82,102,102,88,76,82,79,63,51,59,38,28,48,75,47,38,50,70,74,61,78,60,51,35,77,113,65,85,77,101,59,57,81,85,307,142,133,,,,,,117,101,103,49,83,82,133,112,130,132,116,140,132,89,113,105,81,77,90,119,73,66,68,105,76,108,131,63,108,52,92,104,45,20,43,33,55,19,27,52,65,96,62,39,46,,57,40,57,40,38,29,29,42,31,46,43,127,130,105,108,72,59,104,120,114,91,94,68,70,48,46,40,55,61,76,72,87,52,63,90,69,71,62,93,83,81,79,101,79,158,91,95,64,89,62,87,83,69,66,44,71,44,67,84,59,62,69,39,52,49,65,54,63,36,55,21,50,38,37,38,61,54,57,54,67,44,61,52,21,18,37,36,41,50,28,20,39,22,57,40,31,74,55,75,39,155,50,93,76,31,,,,37,15,,55,64,74,53,53,52,68,76,56,58,58,76,37,50,44,75,57,70,57,33,33,176,67,38,103,121,83,139,59,225,315,208,121,38,27,195,278,262,99,65,54,48,64,61,55,72
20190317,10,SO2,13,30,20,83,29,34,17,12,14,18,51,25,39,33,18,40,17,8,14,22,32,24,30,11,17,20,42,24,25,29,13,10,12,11,17,12,15,28,34,9,6,14,38,13,16,7,5,18,35,13,14,10,8,12,5,5,16,6,11,13,11,24,10,4,9,5,16,35,3,14,20,10,58,7,18,11,75,17,22,39,10,,25,33,32,69,34,36,17,19,19,40,7,10,30,12,11,5,6,10,11,12,21,17,19,18,23,116,34,128,40,41,28,41,46,74,11,29,6,10,25,61,15,22,39,16,19,32,21,16,16,10,10,3,11,8,17,2,4,11,102,17,7,4,3,18,19,19,22,15,16,24,5,3,49,3,8,27,19,,,,,,11,13,17,10,13,22,28,30,47,50,36,20,48,37,32,31,23,8,3,26,9,31,8,24,28,74,83,27,55,72,24,125,22,2,27,30,9,31,12,49,27,19,18,13,32,5,12,28,7,11,4,8,5,11,12,9,32,40,31,14,59,11,6,21,4,7,13,17,14,15,5,17,8,16,9,9,15,24,41,12,13,17,29,54,71,42,18,10,15,8,14,24,22,18,33,36,10,6,6,13,3,6,9,12,6,6,21,6,11,13,4,11,6,6,10,8,7,5,3,11,10,6,4,6,7,8,15,4,7,6,23,16,14,29,5,10,2,15,12,7,11,6,18,19,13,9,5,9,10,7,10,,,,5,20,,14,40,28,9,23,13,7,22,18,22,18,23,9,13,27,10,24,24,11,64,10,6,18,46,17,15,6,6,4,5,11,19,22,3,5,8,5,6,11,14,18,16,20,52,29,63
20190317,10,SO2_24h,4,17,15,34,29,16,17,9,7,7,27,16,16,19,13,19,15,10,21,10,19,13,19,12,14,15,14,17,19,22,17,13,12,11,12,11,10,26,12,8,6,15,15,9,10,6,6,15,20,11,11,11,8,10,5,6,13,6,10,13,9,20,7,5,9,5,13,16,3,8,15,22,35,7,12,11,19,11,11,21,10,,25,23,24,29,36,29,14,21,21,30,10,6,21,14,9,5,5,10,11,8,16,14,15,11,16,35,20,49,20,19,18,18,21,38,10,14,7,14,21,23,14,15,20,13,11,16,13,9,10,7,8,2,10,9,13,2,4,10,42,13,9,4,5,11,17,10,14,12,10,13,10,12,52,4,7,23,22,,,,,,15,17,25,9,8,11,19,13,20,14,16,10,19,17,16,14,14,9,3,16,7,44,8,14,10,31,45,27,33,22,25,70,8,2,11,20,7,12,10,24,17,16,15,8,16,6,11,10,12,8,7,6,7,12,11,8,32,23,16,14,31,8,7,14,6,11,10,8,8,12,6,8,5,12,9,11,17,28,15,13,21,15,17,18,19,21,17,13,11,6,10,9,14,12,17,16,8,7,7,11,4,11,12,8,17,8,7,9,8,11,4,13,8,9,8,9,6,7,3,11,10,7,8,5,10,7,6,5,7,7,20,12,14,19,4,8,1,28,15,5,8,6,13,13,12,6,7,5,11,8,6,,,,5,21,,10,23,16,7,114,13,9,14,10,14,14,13,7,12,10,18,24,13,14,22,10,6,21,22,14,9,7,6,7,7,9,18,13,4,5,9,8,6,6,13,26,9,12,22,15,29
20190317,10,NO2,60,73,52,100,62,60,55,17,24,75,71,60,51,48,49,38,36,25,19,97,104,117,87,25,38,68,95,73,75,68,30,19,26,59,70,54,52,74,120,40,43,35,42,38,89,30,43,40,84,60,70,65,47,72,21,28,60,37,52,61,32,74,31,13,47,45,25,37,27,76,36,42,57,59,48,37,47,29,35,19,28,,50,41,47,72,67,35,59,47,37,30,15,45,29,34,23,13,16,32,16,23,44,21,70,52,35,46,67,49,66,49,31,39,39,36,15,21,19,19,64,82,44,76,62,40,39,63,46,47,35,43,29,22,27,26,26,7,48,32,61,30,26,45,30,27,29,59,42,51,52,53,15,34,35,25,69,56,42,,,,,,22,47,35,20,40,43,96,72,119,119,77,64,102,61,81,73,52,21,26,66,51,29,27,45,55,72,73,42,55,46,35,51,18,8,29,44,10,3,17,23,34,21,21,20,26,11,14,30,13,8,7,9,7,18,8,11,16,75,39,29,67,49,24,56,56,30,56,29,65,54,22,28,15,24,34,17,29,32,40,23,30,33,27,31,72,53,37,28,46,51,58,55,65,43,53,54,48,29,37,33,33,30,24,48,23,34,27,25,17,31,25,21,17,16,20,21,16,21,19,32,24,30,26,44,22,40,19,18,34,9,16,23,16,23,29,20,14,32,15,24,30,12,31,32,17,16,31,19,43,6,11,,,,8,34,,35,72,33,31,22,42,30,55,54,31,42,43,16,14,20,20,18,22,16,23,4,26,49,62,70,67,27,47,22,25,55,45,48,20,33,46,51,15,62,25,24,33,29,53,26,34
20190317,10,NO2_24h,38,64,40,70,59,42,55,13,23,46,58,47,42,44,41,35,42,43,42,63,81,75,100,32,53,73,75,62,63,74,44,39,32,61,39,55,44,68,61,27,32,42,33,26,72,20,19,47,66,51,62,62,60,74,21,36,60,39,46,56,31,64,32,8,47,40,20,28,11,80,41,32,49,61,51,43,42,28,35,37,19,,54,43,64,60,59,49,56,60,56,40,22,35,48,28,18,11,15,32,16,15,36,20,48,24,58,27,46,47,41,29,34,31,30,31,25,21,27,22,78,64,42,60,52,37,28,35,49,37,31,32,29,16,23,19,24,6,28,30,40,31,20,32,25,21,22,69,45,55,44,61,18,18,42,23,40,50,49,,,,,,50,49,62,25,34,33,69,71,63,67,59,50,85,57,60,48,44,29,28,87,52,36,19,31,37,50,45,43,51,37,46,47,15,7,24,31,19,13,8,18,28,39,29,22,19,24,19,20,21,8,13,13,15,21,9,12,23,52,47,50,55,40,27,57,51,44,76,50,41,45,17,21,16,32,27,27,38,46,31,22,39,36,26,28,57,53,49,34,42,34,45,39,51,30,50,26,33,35,28,25,21,47,22,40,31,37,25,31,18,18,23,22,18,19,18,18,14,17,16,23,19,31,30,37,26,43,21,29,27,5,10,14,23,14,35,19,15,26,10,9,19,8,13,13,11,11,36,9,29,13,7,,,,8,25,,30,60,39,37,21,31,33,32,41,16,17,33,16,24,18,29,18,17,13,10,8,20,45,37,52,44,32,42,20,37,45,37,35,10,35,44,46,20,35,25,34,28,24,31,18,26
20190317,10,O3,29,37,39,29,45,40,35,65,50,28,47,43,43,39,37,44,59,72,68,61,26,35,65,84,60,49,50,41,63,65,80,85,70,37,57,66,66,51,29,96,75,64,42,58,30,62,98,20,35,48,27,22,7,43,99,97,48,86,64,63,85,15,13,53,17,27,46,74,72,16,66,72,31,26,7,13,34,63,44,73,91,,69,73,70,82,61,77,51,67,70,75,88,58,96,42,112,102,97,46,103,75,24,101,17,42,61,39,28,48,23,33,59,54,46,58,79,57,66,66,46,31,38,15,34,65,78,49,43,12,25,24,24,18,43,19,23,95,14,23,32,14,15,12,37,42,17,37,67,20,21,37,98,53,34,53,18,63,66,,,,,,103,75,79,93,86,65,53,64,58,46,82,74,49,49,55,40,52,54,25,52,48,61,76,56,62,19,21,45,40,36,33,38,64,66,34,37,65,67,85,64,50,63,60,43,61,58,71,61,68,86,87,83,84,95,80,45,67,43,72,79,40,56,53,74,68,56,43,72,50,68,99,25,55,53,41,43,17,23,12,35,25,27,21,50,29,44,63,71,56,51,28,47,29,44,27,25,42,49,19,34,12,45,45,15,37,39,15,22,13,8,21,20,27,18,18,27,33,38,17,28,34,28,58,9,43,13,25,32,21,50,40,54,43,32,11,47,28,41,30,75,59,80,45,66,78,43,25,95,12,92,98,,,,47,40,,24,12,23,45,80,40,72,18,37,53,54,42,78,86,96,64,112,93,116,54,85,88,20,15,28,25,58,32,43,70,27,29,24,17,27,9,8,75,37,67,64,33,87,38,54,32
20190317,10,O3_24h,87,94,102,91,96,112,103,107,98,91,94,103,108,95,95,86,84,94,89,161,122,140,127,138,146,107,147,107,138,146,135,141,124,151,140,141,134,121,150,184,119,157,126,146,121,144,155,80,110,91,122,109,42,196,117,117,156,125,211,160,125,114,34,84,72,87,63,111,120,104,116,125,103,42,63,57,101,99,84,91,158,,145,116,116,111,112,150,93,116,133,101,139,105,135,66,142,148,145,116,130,147,98,137,104,125,102,96,129,134,99,82,89,85,85,82,102,83,90,98,131,135,99,116,119,126,120,158,125,113,116,104,94,98,72,115,56,120,106,93,119,79,65,93,94,79,123,121,124,123,115,126,125,114,113,80,133,109,109,,,,,,111,130,112,108,113,104,147,156,155,149,169,155,143,155,154,165,107,114,58,164,190,102,165,149,143,134,103,108,133,105,78,98,84,92,83,104,81,85,110,89,92,82,77,69,94,82,97,100,78,89,93,86,90,101,104,69,94,149,143,141,107,124,124,128,140,137,94,139,126,125,154,94,117,102,112,124,78,64,102,88,70,67,52,122,117,126,113,150,154,130,135,147,118,107,110,115,117,124,113,143,108,48,97,84,48,68,64,85,86,60,35,43,54,95,62,52,60,70,47,85,102,82,98,80,71,92,99,93,74,104,70,124,78,67,63,79,45,63,65,129,92,103,139,119,123,69,166,114,122,115,109,,,,85,94,,111,92,98,118,138,125,129,124,123,122,121,123,120,138,127,88,143,124,142,82,108,105,113,116,128,103,103,56,71,175,122,79,102,88,48,33,26,103,155,137,80,87,140,85,94,92
20190317,10,O3_8h,12,12,23,12,12,14,12,59,27,9,14,20,20,19,14,18,48,26,40,38,12,14,16,66,39,25,26,23,23,20,66,70,53,15,42,23,40,30,12,64,64,41,25,46,10,68,110,9,18,29,8,9,4,20,97,76,31,61,50,42,66,12,18,65,16,32,51,53,84,7,49,88,25,23,5,8,12,38,23,23,105,,40,37,17,26,17,53,18,25,32,44,63,45,39,44,110,112,97,24,91,81,27,55,10,45,29,16,20,30,13,21,23,24,21,28,46,44,28,51,22,18,40,7,12,58,82,58,23,14,24,20,16,23,52,30,26,96,37,38,24,24,23,30,53,45,15,17,45,6,21,9,69,63,23,56,25,35,18,,,,,,39,28,22,87,39,32,25,23,46,26,31,16,13,13,17,37,33,40,20,19,22,30,72,43,55,12,10,19,23,16,8,15,49,66,30,16,38,55,93,37,25,23,17,20,41,39,43,36,40,74,68,53,63,59,83,46,34,32,38,38,30,44,29,37,54,30,17,37,47,61,109,29,48,51,40,13,12,17,7,44,49,28,21,17,12,17,25,52,29,45,18,37,14,38,12,33,33,21,19,33,22,25,37,9,20,39,13,21,10,24,27,25,30,18,20,35,36,40,29,35,41,28,46,9,38,11,30,33,32,48,49,60,34,49,6,50,28,45,34,92,68,83,52,59,78,48,26,104,18,64,91,,,,40,42,,20,10,20,26,67,33,31,23,36,64,83,37,69,51,107,58,115,95,124,56,87,90,18,22,17,42,52,30,52,56,27,27,33,26,23,10,3,77,47,59,30,24,67,21,37,23
20190317,10,O3_8h_24h,25,15,52,14,16,50,18,65,36,27,49,62,20,31,18,27,58,26,40,74,16,34,21,79,39,25,41,35,35,32,66,70,55,19,97,28,43,42,34,123,85,48,53,62,23,87,136,16,21,55,14,13,5,30,102,81,36,77,56,54,87,27,28,78,21,33,52,85,104,8,61,100,48,25,6,14,18,43,35,32,136,,60,64,17,43,19,64,20,26,32,44,65,59,42,45,125,131,107,34,113,107,44,102,31,93,37,23,28,37,19,25,37,26,41,52,47,48,29,61,25,22,43,10,15,88,97,94,24,22,50,25,31,34,60,49,30,96,53,43,69,24,23,42,66,57,27,20,45,6,30,19,69,89,33,61,29,35,26,,,,,,39,28,22,92,39,38,39,48,85,83,66,16,14,38,36,49,43,56,20,28,22,41,99,80,115,22,10,19,36,30,8,22,56,73,34,28,40,55,97,46,36,23,24,36,57,39,53,42,40,76,68,58,69,67,96,63,37,59,58,38,58,54,39,38,65,47,40,46,68,77,134,39,60,61,57,15,19,30,25,56,64,50,45,27,12,35,44,61,82,72,37,73,28,53,22,74,77,22,41,43,30,27,40,14,20,41,14,24,11,42,32,33,38,25,26,46,39,42,37,47,46,36,52,26,36,11,46,42,50,63,58,78,35,51,6,69,40,55,34,99,72,84,74,102,80,52,40,107,52,65,94,,,,58,77,,25,14,25,32,114,40,31,33,37,72,95,54,71,67,116,70,132,112,139,56,94,94,18,23,19,47,52,30,71,56,27,27,43,39,32,15,11,77,53,72,46,44,122,39,51,34
20190317,10,CO,1.258,1.5,1.05,3.767,0.98,1.15,0.75,0.88,0.58,1.675,1.2,0.967,0.925,1.167,1.2,0.655,0.54,0.789,0.769,1.26,1.237,1.125,1,0.72,0.671,0.733,2.063,1.144,0.85,1.025,0.5,0.7,0.74,0.918,0.9,0.825,0.817,0.954,1.2,0.633,0.6,0.567,0.867,0.733,0.9,0.683,0.425,0.9,1.373,0.944,0.878,0.93,1.05,0.72,0.554,0.575,0.75,0.475,0.65,0.72,0.58,0.933,0.825,0.58,0.745,0.789,0.53,1.038,0.533,0.9,0.733,1.225,1.9,2.271,1.286,0.957,1.35,0.74,0.45,0.667,0.475,,1.35,1.167,0.967,1.567,1.4,0.78,0.767,1.22,0.867,1.2,0.267,0.567,1.05,0.86,0.65,0.6,0.6,0.9,0.633,0.767,0.8,0.8,0.9,2.4,1.767,4.72,2.18,1.675,1.25,1,1.1,0.9,2.34,0.94,0.643,1.4,0.56,0.46,1.075,1.62,0.533,1.057,1.42,1,0.967,0.9,0.775,0.84,0.767,1.133,1.02,0.8,0.8,1,0.733,0.6,0.75,0.85,3.8,0.7,0.725,0.775,0.667,0.683,1.95,1.08,0.725,0.925,1.25,0.825,0.667,0.5,1.75,0.96,0.767,1.25,0.65,,,,,,0.65,0.6,1,0.85,1.05,1.15,1.3,1.55,2.25,2.25,1.3,1.05,2.033,1.4,1.3,1.75,0.85,0.9,1.1,0.8,0.8,0.65,0.55,0.975,0.767,5.5,0.96,0.925,3.28,0.733,1,1.167,0.533,0.4,0.9,0.6,0.733,0.1,0.6,0.6,0.45,0.45,0.9,0.65,1.45,0.5,0.3,0.667,0.425,0.45,0.25,0.367,0.32,0.6,0.467,0.5,0.55,0.867,0.733,0.7,1.267,0.76,0.533,0.8,0.633,0.7,0.7,0.5,0.7,0.733,0.56,0.6,0.75,0.733,0.933,0.42,0.76,0.933,0.56,1.08,0.725,0.757,1.05,0.475,2.6,1.825,1.375,0.833,0.6,0.88,1.514,1.067,1.75,1.05,0.767,0.84,1.05,0.9,0.7,0.867,0.8,0.867,0.82,1.42,0.84,0.54,0.9,0.72,1.133,1.1,0.833,1.2,0.7,0.833,0.8,0.55,0.633,0.7,0.9,0.6,0.575,0.55,0.64,0.775,0.64,0.66,0.45,0.525,0.62,0.667,0.45,0.74,0.54,0.667,0.85,0.75,0.1,0.5,0.2,0.8,0.75,0.7,1.2,0.95,1.1,1,1.2,0.7,1.25,0.85,0.75,,,,1.033,0.5,,1.175,1.443,0.667,0.6,0.45,0.767,0.55,1.05,0.75,0.65,0.7,0.75,0.4,0.65,0.1,0.5,0.6,1.4,0.8,1.5,0.4,0.5,0.867,1.133,1,1.5,1.2,1.767,0.2,0.7,1.3,0.9,1.367,2.7,0.7,2.25,4,0.1,1.15,0.525,0.575,1.033,0.75,3.025,1.375,1.375
20190317,10,CO_24h,0.508,1.2,0.688,1.75,1.18,0.725,0.683,0.66,0.5,0.85,0.867,0.667,0.525,0.689,0.925,0.545,0.67,0.967,0.892,0.84,0.956,0.7,0.72,0.76,0.7,0.8,0.925,0.956,0.775,1.025,0.58,0.86,0.76,0.882,0.763,0.8,0.853,0.971,0.967,0.533,0.567,0.6,0.533,0.567,0.74,0.567,0.425,0.744,0.827,0.911,0.656,0.88,1.02,0.74,0.546,0.55,0.788,0.425,0.65,0.68,0.56,0.8,0.863,0.54,0.741,0.678,0.46,0.738,0.45,0.777,0.7,1.15,0.957,2.4,1.071,0.8,0.933,0.68,0.45,0.767,0.425,,0.9,1,0.967,1.267,1.383,0.74,0.85,1.1,0.867,1.133,0.4,0.5,0.875,0.9,0.55,0.567,0.567,0.733,0.567,0.667,0.667,0.733,0.867,0.9,0.933,1.983,1.16,1.237,0.733,0.575,1.214,0.65,1.2,0.74,0.757,0.8,0.7,0.4,0.975,0.8,0.544,0.714,1.08,0.8,0.667,0.6,0.675,0.7,0.6,1.017,0.9,0.675,0.8,0.925,0.767,0.65,0.475,0.733,1.3,0.65,0.65,0.525,0.55,0.583,1.15,0.94,0.55,0.875,0.875,0.55,0.733,0.5,1.2,0.78,0.567,1.25,0.75,,,,,,1.3,1,1.6,0.9,0.95,1.15,1.033,1.2,0.75,0.65,0.75,1.05,1,0.85,0.95,1.35,0.6,0.9,0.8,0.85,0.8,0.7,0.5,0.825,0.633,2,0.7,0.85,2.2,0.567,0.9,1.067,0.5,0.3,0.633,0.5,0.6,0.1,0.4,0.38,0.525,0.95,1,0.6,1,0.7,0.35,0.567,0.8,0.5,0.525,0.367,0.38,0.633,0.5,0.4,0.7,0.8,0.617,0.767,1.217,0.7,0.567,0.75,0.633,0.6,0.65,0.5,0.667,0.667,0.54,0.525,0.6,0.675,0.9,0.46,0.92,0.85,0.36,1.1,0.75,0.657,0.95,0.5,0.967,1.05,0.9,0.8,0.475,0.78,0.929,0.467,1.217,0.85,0.767,0.64,0.95,0.85,0.55,0.667,0.6,1.017,0.82,1.14,1.02,0.52,0.78,0.6,0.8,0.875,0.933,1.267,0.725,0.867,0.75,0.55,0.633,0.9,0.8,0.475,0.5,0.55,0.68,0.675,0.783,0.62,0.45,0.5,0.56,0.6,0.3,0.66,0.62,0.533,0.65,0.55,0.1,0.5,0.2,0.6,0.75,0.667,0.85,0.8,0.933,1,1.3,0.55,1.05,0.85,0.5,,,,0.967,0.5,,0.975,1,0.7,0.5,0.7,0.633,0.6,0.6,0.55,0.55,0.533,0.65,0.5,1,0.4,0.6,0.5,0.9,0.7,1.3,0.4,0.3,0.867,0.7,0.833,1.1,1.3,1.6,0.3,0.7,1.25,0.85,1,2,0.6,1.85,3,0.1,0.85,0.5,0.7,1,0.675,1.075,0.8,1.15
20190317,11,AQI,87,104,102,108,51,116,72,38,47,89,71,74,100,67,57,54,43,62,49,130,93,121,191,50,91,103,133,87,111,153,84,76,59,73,76,72,95,85,124,69,58,59,55,70,89,60,57,75,111,75,132,71,69,67,53,55,66,56,62,62,62,70,19,44,60,60,47,57,50,86,55,53,78,83,77,70,70,57,44,37,55,,99,82,105,121,80,98,81,105,77,83,56,64,62,61,60,60,64,54,63,59,67,65,67,83,121,69,98,89,73,80,46,74,56,58,31,68,52,53,74,99,72,111,165,104,88,89,84,72,64,60,47,25,40,103,28,49,60,89,64,80,76,82,59,46,115,86,60,61,71,92,60,71,68,76,350,114,80,,,,,,55,42,47,44,62,51,124,127,165,186,167,105,144,97,111,86,91,63,74,70,70,88,58,83,97,113,112,68,99,64,75,87,45,34,55,57,33,30,48,55,60,85,85,40,72,63,64,53,29,39,45,29,37,59,42,56,28,116,98,92,96,64,58,94,80,90,84,100,65,62,56,55,56,57,70,58,58,70,62,52,71,60,66,57,116,95,93,57,91,65,233,73,89,72,85,73,86,70,70,87,56,50,46,86,63,59,75,54,50,58,18,26,15,38,38,48,19,21,25,47,37,58,54,69,36,60,54,49,53,26,40,38,22,35,49,25,14,42,18,54,53,42,78,52,94,35,119,59,88,39,47,,,,68,33,,61,71,69,55,35,58,60,70,76,61,82,76,36,30,56,60,62,71,78,70,43,486,109,86,79,92,130,75,54,118,169,120,92,66,25,154,203,141,110,57,35,57,74,65,61,99
20190317,11,PM2.5,64,77,75,80,25,85,42,11,13,66,51,48,71,27,25,28,16,37,16,98,69,91,143,24,63,76,101,64,83,116,38,46,41,49,55,47,56,62,93,49,40,41,35,50,65,39,30,45,53,39,100,47,49,33,29,27,36,25,28,37,27,50,9,20,42,42,27,34,21,59,26,36,49,61,56,50,50,16,18,12,24,,51,40,64,91,45,52,36,78,47,51,32,42,34,43,30,25,29,32,29,29,48,46,48,54,64,44,70,61,43,58,18,39,23,21,14,36,25,33,53,74,42,77,125,77,53,66,52,51,37,41,32,16,28,76,19,21,42,66,38,58,55,60,41,25,86,63,32,27,44,54,21,22,32,55,80,71,27,,,,,,30,15,4,17,18,22,93,96,125,140,126,78,110,72,83,63,67,30,53,50,50,56,34,48,72,84,52,33,73,35,28,38,23,14,22,28,14,5,17,21,39,62,62,27,52,44,45,23,14,10,20,15,19,25,7,39,17,87,73,68,71,37,33,70,47,63,52,75,46,31,28,32,36,35,50,39,40,50,43,34,51,42,47,30,87,62,69,32,67,38,182,48,63,41,62,51,49,50,36,64,23,35,32,63,44,41,54,36,31,38,12,13,7,26,19,33,6,7,17,31,25,40,37,49,21,42,37,34,36,12,28,21,12,24,29,15,7,29,10,36,21,6,55,24,70,24,89,24,55,13,26,,,,48,23,,35,37,39,27,20,31,27,44,26,29,60,38,19,13,19,42,34,51,57,50,11,84,81,63,41,48,24,54,34,46,108,40,54,15,17,117,152,56,82,33,13,29,53,28,25,74
20190317,11,PM2.5_24h,24,51,48,57,35,44,44,16,15,37,58,49,40,23,17,29,27,54,36,66,49,75,85,34,59,61,64,74,75,88,59,63,52,57,40,50,55,73,75,41,29,34,31,39,47,35,30,38,52,47,58,44,58,41,23,18,39,23,31,34,24,60,18,13,43,41,33,37,14,47,28,33,33,116,58,51,32,13,25,20,29,,66,47,57,66,56,57,53,75,57,53,48,34,60,41,23,21,24,25,21,24,42,27,49,48,49,21,38,48,28,18,30,36,26,26,38,31,34,25,51,63,36,44,63,56,37,52,29,34,25,33,23,13,36,60,33,20,36,58,36,48,57,41,33,22,39,60,33,26,36,38,19,16,27,51,67,63,37,,,,,,61,46,41,22,27,34,88,65,80,83,85,78,82,56,88,64,46,33,51,54,40,39,36,54,42,37,35,25,54,18,30,32,26,14,23,19,32,5,15,16,40,64,48,23,27,48,38,26,35,17,23,13,17,27,15,32,23,67,68,57,59,41,34,56,55,55,42,58,40,38,31,31,33,27,37,40,35,47,36,38,52,37,43,26,44,38,45,50,57,39,122,44,48,30,45,33,46,42,32,35,19,48,34,44,58,43,38,35,22,35,34,44,39,45,23,41,16,38,32,22,26,42,42,37,32,39,33,36,36,16,11,20,22,30,26,19,10,28,22,33,18,9,57,34,63,29,106,21,51,32,21,,,,25,11,,28,25,33,24,22,24,31,44,20,19,27,25,19,21,19,42,28,39,34,23,10,32,39,23,37,32,21,82,36,60,114,47,44,15,12,132,176,62,67,34,21,32,29,29,20,51
20190317,11,PM10,97,103,151,160,50,180,91,37,46,115,89,96,147,81,61,55,42,71,48,108,117,128,173,49,129,134,185,92,131,186,115,100,59,94,94,91,138,97,145,86,64,66,57,79,125,68,58,98,169,98,149,90,56,81,54,58,79,59,71,71,71,88,18,43,68,62,46,61,49,119,57,50,103,94,64,58,88,62,43,36,48,,145,111,157,136,108,144,109,156,101,114,60,76,72,59,50,55,76,55,73,66,68,69,71,113,189,86,144,125,93,102,45,95,59,64,30,84,52,53,90,136,92,170,169,131,123,118,115,91,76,67,46,24,35,92,23,31,52,75,75,67,74,101,54,45,162,116,67,70,90,132,68,89,83,83,459,176,108,,,,,,57,41,46,40,71,50,154,149,186,220,181,124,177,110,126,109,107,73,88,87,86,123,64,114,104,162,171,83,146,76,97,122,44,,58,62,32,23,44,58,68,77,80,39,69,,70,54,28,23,44,24,36,65,19,57,22,155,136,105,120,76,63,124,107,128,115,112,73,72,42,57,60,61,84,64,62,76,71,51,71,64,68,62,147,138,111,61,126,78,205,94,125,92,115,94,119,87,88,104,60,33,35,84,54,51,77,56,49,63,15,25,12,35,37,38,14,13,,46,36,52,47,78,35,51,41,44,52,18,22,37,21,30,48,22,13,40,13,55,54,22,103,52,85,32,140,66,123,38,31,,,,84,27,,70,90,86,57,29,64,68,88,99,70,111,99,31,27,33,67,41,84,86,75,33,585,102,94,106,131,208,79,56,183,286,187,131,79,20,209,233,229,140,61,34,61,84,77,70,91
20190317,11,PM10_24h,65,98,109,125,86,110,92,40,39,76,111,96,104,69,53,53,57,85,60,87,106,101,120,75,131,111,124,115,111,138,113,107,88,108,71,102,101,113,133,76,52,69,57,63,108,57,60,95,145,116,119,87,70,80,43,42,78,44,59,64,63,84,23,42,68,64,51,61,35,115,71,72,70,186,78,73,60,37,51,47,57,,149,110,135,110,137,150,127,152,110,114,112,77,115,58,51,43,51,49,53,47,54,59,70,77,137,51,81,91,64,47,60,68,49,65,52,62,62,39,87,102,82,104,106,90,78,83,80,63,51,58,38,28,46,77,46,38,48,69,74,61,78,61,51,35,80,112,64,86,78,101,59,58,79,86,313,143,133,,,,,,116,100,101,49,84,83,135,113,134,137,119,140,134,91,114,107,83,75,87,116,72,67,68,104,77,109,133,61,109,53,92,103,45,20,43,34,55,19,27,53,64,97,61,36,45,,57,41,57,40,39,29,29,43,29,45,42,128,130,104,107,72,59,104,120,114,92,94,67,70,48,46,41,56,62,76,70,85,52,62,88,68,70,61,98,85,81,77,102,77,159,91,96,63,89,62,86,83,70,65,45,71,43,68,83,58,62,68,40,52,47,64,51,62,36,54,20,48,38,36,38,60,54,58,54,66,43,60,52,20,18,37,36,42,51,28,19,39,21,57,40,30,74,55,75,39,155,50,93,70,30,,,,38,16,,54,65,75,53,51,53,66,76,58,58,60,74,36,47,41,74,56,72,59,33,32,199,68,41,105,106,89,137,60,223,315,207,121,40,27,196,276,261,99,63,53,49,66,61,57,73
20190317,11,SO2,13,36,19,47,30,33,19,13,15,16,32,16,33,36,15,22,14,6,10,25,31,29,29,11,12,20,32,21,28,24,9,9,10,13,16,11,15,26,25,8,7,15,26,14,13,7,5,28,24,9,14,17,8,10,5,6,18,7,10,14,10,21,8,5,9,5,19,11,3,18,20,12,53,7,18,11,52,18,16,22,9,,23,29,24,33,16,23,16,12,19,35,6,7,21,13,10,5,5,10,10,11,23,18,17,13,20,131,32,131,35,23,18,34,45,34,6,11,5,4,36,64,21,21,39,22,21,19,23,19,14,9,10,3,21,7,12,2,4,12,36,15,8,4,3,21,20,28,20,15,12,34,5,2,52,4,9,21,14,,,,,,10,9,11,9,8,10,32,29,47,64,35,21,43,38,31,32,20,11,3,21,12,27,8,18,29,66,60,24,50,76,22,102,16,2,31,43,5,22,13,30,33,14,7,9,31,5,12,9,5,7,4,7,5,14,23,8,13,30,20,15,58,10,6,19,4,9,13,15,19,9,5,13,8,16,9,7,13,29,89,9,13,15,22,31,59,35,18,10,13,6,15,13,37,19,31,17,13,8,8,15,4,7,12,13,6,6,20,10,18,13,4,12,7,6,17,9,7,5,4,8,10,8,4,6,9,7,12,4,7,7,22,15,12,29,5,10,1,13,34,6,12,6,18,12,10,10,6,7,17,7,7,,,,6,34,,17,35,30,11,12,16,7,19,14,26,21,13,9,15,23,13,26,16,11,41,7,10,63,44,17,15,5,6,9,5,13,40,19,5,8,12,5,6,9,13,12,13,16,35,18,39
20190317,11,SO2_24h,4,18,15,34,28,17,17,9,7,7,27,16,17,18,12,19,15,10,20,11,19,13,20,12,13,15,15,18,19,22,16,12,12,11,12,11,10,26,13,8,6,15,15,9,9,6,6,16,19,11,11,10,8,10,5,6,13,6,10,13,9,20,7,5,9,5,13,15,3,9,15,19,36,7,12,11,20,11,11,21,10,,25,23,24,29,35,28,14,21,21,30,10,6,21,14,9,5,5,10,11,9,17,15,15,10,16,37,20,53,21,19,19,18,22,38,10,14,7,13,22,25,15,15,20,13,11,16,12,9,10,7,8,2,10,9,13,2,4,10,40,13,9,4,5,12,18,11,14,12,10,13,10,12,48,4,7,22,21,,,,,,15,17,25,9,8,11,20,13,21,16,17,10,20,18,16,14,14,9,3,16,7,44,8,14,11,32,46,22,32,24,25,69,8,2,12,20,7,12,10,24,18,16,15,8,15,6,11,10,12,8,7,6,7,11,11,8,32,24,16,14,30,8,7,14,5,10,10,9,8,11,6,8,5,12,9,11,16,27,17,12,20,15,17,19,21,21,17,12,11,6,11,9,15,12,17,16,8,7,7,11,3,11,11,8,16,8,8,9,8,11,4,13,8,9,9,9,6,6,3,11,10,7,7,5,10,7,7,5,7,6,20,12,14,20,4,8,1,27,16,5,8,6,14,13,12,6,7,5,11,8,6,,,,5,22,,10,24,16,6,107,13,7,15,10,14,15,12,7,12,9,17,24,13,14,20,10,6,22,24,14,8,6,6,7,7,9,19,13,4,6,9,8,6,6,13,23,9,12,22,16,29
20190317,11,NO2,59,63,46,87,49,43,52,17,23,68,43,34,42,45,35,28,31,17,14,89,102,88,72,25,26,49,80,56,69,50,23,16,21,51,60,50,45,64,92,38,49,30,34,32,62,31,28,35,66,46,62,61,48,62,19,25,57,35,44,58,24,70,30,12,46,42,27,16,24,68,30,38,58,57,49,34,40,22,22,13,24,,38,32,34,67,34,31,37,34,26,28,12,29,23,37,18,14,19,21,11,16,45,19,60,34,31,41,70,49,60,51,20,31,34,27,8,12,16,12,56,74,35,66,58,43,41,34,41,49,27,40,24,25,32,25,25,6,47,30,35,35,20,44,32,29,31,47,30,54,48,47,9,16,34,24,62,42,22,,,,,,17,14,11,25,15,19,86,72,87,116,62,44,74,71,58,45,43,27,24,48,34,26,19,29,47,74,50,36,49,41,35,44,10,6,28,44,8,5,11,14,42,15,7,12,20,7,14,13,9,4,7,8,6,10,9,10,9,56,25,25,51,43,28,50,49,24,36,26,52,37,22,25,17,26,40,15,29,35,41,24,29,33,26,21,66,42,31,18,27,34,53,28,64,46,47,42,32,26,34,30,35,32,25,51,22,32,27,26,26,34,26,21,17,24,23,22,13,19,20,29,25,27,23,44,22,35,17,16,26,6,14,20,23,18,35,26,14,26,26,12,26,10,34,7,15,14,37,20,48,6,9,,,,8,42,,33,77,36,26,22,42,19,43,52,20,43,27,18,12,18,16,17,15,11,11,3,25,55,57,60,67,19,47,32,21,57,28,38,28,32,47,48,16,53,21,20,23,25,37,16,33
20190317,11,NO2_24h,39,64,41,71,59,43,56,14,23,47,59,46,44,43,41,35,42,43,41,65,82,76,101,31,53,74,77,63,64,75,43,39,32,61,40,55,45,69,63,27,33,42,33,26,73,20,20,48,67,51,62,62,59,74,21,35,60,37,45,56,31,64,32,8,47,40,21,27,12,79,39,31,50,62,51,43,43,29,35,36,19,,54,43,64,61,59,49,57,59,56,40,22,35,47,28,18,11,15,32,15,15,37,20,49,24,57,28,46,47,43,31,34,31,31,31,25,21,27,21,79,66,42,61,53,37,29,34,48,36,32,33,28,16,23,20,23,6,29,30,40,32,20,33,25,21,22,68,45,55,44,61,18,18,42,23,41,49,49,,,,,,50,48,61,26,35,33,71,71,64,69,59,50,86,59,60,49,44,29,28,86,51,36,18,31,38,51,47,42,51,38,46,46,15,7,25,32,19,13,8,18,28,38,29,21,19,24,19,20,21,8,13,13,15,20,8,12,23,53,47,50,54,39,27,57,52,45,75,50,42,46,17,21,16,32,27,27,37,45,32,21,39,35,26,28,59,53,48,32,42,33,46,38,52,31,50,26,31,34,28,26,21,47,21,40,30,36,25,31,18,19,23,22,18,19,18,18,14,16,17,23,19,30,30,37,25,42,21,28,27,5,10,14,23,15,35,19,14,25,11,9,20,8,13,13,11,11,35,9,29,11,7,,,,8,27,,29,60,39,37,20,32,33,32,42,15,19,32,16,23,18,28,18,17,13,9,7,21,45,39,53,40,31,42,21,36,44,37,35,10,35,45,46,20,34,24,34,27,25,32,18,26
20190317,11,O3,38,62,57,57,64,71,55,81,59,45,79,78,71,51,59,61,69,79,75,88,38,73,92,90,77,78,87,71,84,97,90,95,79,66,102,75,98,73,83,116,74,86,61,88,64,69,113,35,59,65,43,48,10,69,104,103,59,86,82,78,107,30,12,57,21,40,49,104,80,33,74,80,33,33,12,21,50,76,60,82,103,,86,89,92,109,92,87,74,90,88,84,92,71,104,38,122,103,93,83,123,87,25,114,35,88,77,53,48,55,40,46,74,67,59,66,92,69,80,77,70,52,51,42,50,72,78,83,66,17,41,28,37,23,38,18,24,104,29,26,73,11,23,13,36,45,50,57,96,30,32,56,111,83,44,55,38,80,89,,,,,,109,120,99,89,105,101,84,91,95,62,112,116,90,53,96,86,69,67,30,87,100,67,95,93,73,43,49,66,57,48,47,47,79,66,45,51,74,75,101,81,48,73,78,60,81,69,75,98,76,89,92,85,89,102,81,54,87,70,95,92,59,72,67,88,80,68,63,86,68,95,104,34,57,57,40,65,22,24,18,34,32,30,25,72,47,78,80,93,74,84,40,82,45,55,50,38,79,68,43,51,16,45,50,21,38,43,25,22,15,8,20,21,28,18,17,26,36,37,16,34,35,43,66,12,45,20,36,43,46,63,38,67,35,42,26,44,27,57,26,95,60,85,69,118,91,49,43,94,26,93,105,,,,62,41,,39,20,30,63,77,45,90,46,47,82,60,73,76,95,98,70,119,104,120,69,90,91,21,23,51,25,66,34,32,59,36,45,37,19,30,12,10,74,93,67,66,69,109,54,77,46
20190317,11,O3_24h,87,94,102,91,96,112,103,107,98,91,94,103,108,95,95,86,84,94,89,161,122,140,127,138,146,107,147,107,138,146,135,141,124,151,140,141,134,121,150,184,119,157,126,146,121,144,155,80,110,90,122,109,42,196,117,117,156,125,211,160,125,114,34,84,72,87,63,111,120,104,116,125,103,46,63,57,101,99,84,91,158,,145,116,116,112,112,150,93,116,133,101,139,105,135,66,142,148,145,116,130,147,98,137,104,125,107,96,129,134,99,82,89,85,85,82,102,83,90,98,131,135,99,116,119,126,120,158,125,113,116,104,92,98,72,115,56,120,106,93,119,79,65,93,94,79,123,121,124,123,115,126,125,114,113,80,133,109,109,,,,,,112,130,112,108,113,104,147,156,155,149,169,155,143,155,154,165,107,114,58,164,190,102,165,149,143,134,103,108,133,105,84,98,84,92,83,104,81,85,110,89,92,82,78,69,94,82,97,101,78,90,93,86,91,103,104,69,94,149,143,141,107,124,124,128,140,137,94,139,126,125,154,94,117,102,112,124,78,64,101,88,70,67,52,122,117,126,113,150,154,130,135,147,118,107,110,115,117,124,113,143,108,50,97,83,48,68,64,85,86,60,35,43,54,95,62,52,60,70,47,85,102,82,98,80,71,92,99,93,74,104,70,124,78,67,63,79,45,63,65,129,92,102,139,119,123,69,166,114,122,115,109,,,,85,94,,111,92,98,118,138,125,119,124,123,122,121,123,120,138,127,88,143,124,142,82,108,105,113,116,128,102,103,56,71,175,122,79,102,88,48,33,26,103,155,137,80,87,140,85,94,92
20190317,11,O3_8h,15,18,26,17,19,23,19,61,31,13,23,24,29,23,20,23,49,34,47,42,15,22,27,68,47,32,34,28,31,30,71,75,56,22,47,30,47,35,20,67,65,46,30,51,17,68,107,12,23,32,12,13,5,27,97,80,35,64,54,44,69,13,17,62,17,33,51,57,82,11,53,87,26,25,6,9,18,43,27,31,104,,43,44,28,37,28,58,26,36,43,50,66,47,49,45,110,110,97,31,94,80,27,61,12,48,37,21,23,31,17,24,30,30,26,32,52,49,36,53,28,23,41,12,17,56,80,58,29,14,25,21,19,22,50,27,26,97,34,35,27,22,24,25,50,45,18,22,52,10,22,16,76,63,26,55,27,41,30,,,,,,51,41,35,86,51,40,34,30,50,29,40,32,25,20,30,43,39,43,22,30,34,33,72,48,52,15,15,26,27,20,14,20,52,66,31,19,43,59,94,42,30,31,28,24,45,45,45,44,47,76,72,57,65,66,82,45,41,36,45,47,33,48,34,43,56,34,23,42,46,64,106,29,49,50,38,21,13,18,8,42,45,28,21,25,17,25,30,57,31,48,21,40,17,40,15,29,34,30,20,35,21,28,41,11,23,41,12,21,11,21,26,23,29,18,19,34,36,40,26,32,41,29,46,8,40,13,29,33,32,50,48,60,35,48,8,48,25,45,34,92,67,82,52,63,79,48,27,103,17,72,93,,,,42,44,,22,12,21,31,69,34,41,26,37,64,79,44,71,58,105,58,113,95,122,58,85,90,19,24,21,42,58,31,48,61,29,31,34,24,23,9,3,78,51,60,35,29,69,24,43,26
20190317,11,O3_8h_24h,26,19,52,18,22,50,20,65,38,27,49,62,29,33,22,30,59,34,47,74,20,34,29,80,47,32,45,37,36,35,71,75,58,25,97,33,50,45,34,123,85,51,53,64,27,87,136,18,24,55,16,17,5,33,103,85,38,77,56,56,89,28,28,78,22,34,52,85,104,11,63,100,48,26,6,14,21,47,35,37,136,,60,64,28,43,28,66,27,36,43,50,67,59,49,46,125,131,107,37,113,107,44,102,33,93,42,24,29,38,23,27,41,30,43,52,52,49,36,61,30,26,45,14,20,88,97,94,29,22,50,26,32,34,60,49,30,97,53,43,69,25,24,42,66,57,27,24,52,10,31,22,76,89,35,61,30,41,33,,,,,,51,41,35,93,51,40,41,48,85,83,66,32,25,38,36,54,49,56,22,30,34,41,99,80,115,24,15,26,39,31,14,26,56,73,34,28,44,59,97,47,38,31,29,36,57,45,54,45,47,77,72,62,70,73,96,63,41,60,60,47,58,55,41,43,66,49,42,50,68,77,134,39,60,61,57,21,19,31,25,56,64,50,45,32,17,37,44,61,82,72,39,73,29,54,22,74,77,30,43,43,30,30,43,16,23,42,13,25,11,42,32,33,38,25,26,46,39,42,37,47,46,36,52,26,37,13,46,42,50,63,58,78,37,51,8,69,40,55,34,99,72,84,74,102,80,52,40,107,52,72,96,,,,58,77,,26,16,26,32,114,41,41,33,37,72,95,55,73,71,116,70,132,112,139,58,94,94,19,24,22,54,58,31,71,61,29,31,44,39,32,15,11,78,55,72,48,44,122,39,52,34
20190317,11,CO,1.25,1.489,1.15,3.283,0.96,0.925,0.75,0.88,0.62,1.425,0.8,0.767,0.8,1.167,0.95,0.555,0.49,0.656,0.623,1.34,1.244,1.113,0.98,0.7,0.529,0.65,1.725,0.944,0.875,1,0.42,0.62,0.66,0.891,0.825,0.825,0.742,0.974,1.033,0.7,0.6,0.533,0.8,0.633,0.7,0.75,0.45,1.056,1.145,0.789,0.867,1.18,0.97,0.67,0.585,0.575,0.75,0.55,0.625,0.7,0.54,0.833,0.863,0.6,0.741,0.711,0.57,0.725,0.567,0.9,0.717,1.25,1.586,2.371,1.243,1.029,1.1,0.64,0.325,0.6,0.425,,1.175,0.967,0.967,1.467,0.683,0.62,0.467,0.7,0.833,1.167,0.267,0.433,0.725,0.88,0.567,0.6,0.633,0.733,0.567,0.7,0.8,0.8,0.867,1.533,1.55,2.15,2.36,1.638,1.1,0.9,0.771,0.717,2.44,0.64,0.5,1.1,0.52,0.38,1.175,1.66,0.478,0.914,1.28,1,1.117,0.675,0.825,0.84,0.733,1.05,0.9,0.825,0.875,1.05,0.75,0.65,0.725,0.85,1.48,0.725,0.625,0.75,0.583,0.667,1.4,1.08,0.65,0.95,1.075,1.3,0.6,0.35,1.9,0.88,0.767,1,0.5,,,,,,0.55,0.4,0.8,0.85,0.8,0.75,1.5,1.55,1.95,3.25,1.4,1.3,1.833,1.55,1.15,1.85,0.75,0.9,1,0.7,0.8,0.65,0.55,0.875,0.867,4.867,0.8,0.9,2.4,0.733,1,1.167,0.4,0.45,0.867,0.65,0.3,0.1,0.467,0.44,0.525,0.4,0.6,0.95,1.1,0.5,0.25,0.5,0.375,0.4,0.367,0.333,0.32,0.433,0.5,0.4,0.5,0.8,0.633,0.733,1.117,0.72,0.5,0.625,0.633,0.667,0.65,0.5,0.667,0.667,0.6,0.567,0.725,0.825,0.967,0.375,0.86,1,0.54,1.08,0.675,0.7,0.9,0.425,1.9,1.325,1.4,0.8,0.55,0.76,1.443,0.467,1.617,0.975,0.767,0.8,0.85,0.85,0.65,0.833,0.8,0.883,0.84,1.52,0.82,0.54,0.82,0.74,1.133,1.1,0.867,1.067,0.7,0.867,0.85,0.55,0.633,0.7,0.9,0.6,0.525,0.55,0.62,0.8,0.62,0.675,0.475,0.475,0.55,0.633,0.4,0.72,0.66,0.6,0.75,0.8,0.1,0.5,0.2,0.6,0.75,0.7,1.25,0.7,1.033,1,1.35,0.75,1.25,0.85,0.6,,,,0.933,0.6,,1.2,1.414,0.767,0.6,0.4,0.9,0.45,0.75,0.65,0.6,0.8,0.6,0.4,0.45,0.2,0.5,0.6,1.2,0.7,1.2,0.3,0.4,1.033,1.1,1.133,1.5,1.15,1.733,0.2,0.65,1.3,0.6,1.2,2.9,0.5,2.1,4,0.1,1.05,0.5,0.55,0.967,0.7,1.675,1.025,1.275
20190317,11,CO_24h,0.508,1.2,0.725,1.733,1.16,0.7,0.7,0.66,0.5,0.875,0.867,0.667,0.55,0.689,0.925,0.545,0.69,0.978,0.885,0.85,0.967,0.725,0.74,0.76,0.7,0.8,0.975,0.956,0.775,1.025,0.58,0.86,0.76,0.882,0.763,0.8,0.853,0.991,0.967,0.567,0.567,0.6,0.533,0.567,0.74,0.6,0.425,0.767,0.836,0.9,0.667,0.9,1.03,0.74,0.538,0.55,0.8,0.425,0.625,0.68,0.56,0.8,0.863,0.54,0.741,0.678,0.46,0.725,0.467,0.762,0.667,1.075,0.971,2.414,1.071,0.829,0.95,0.68,0.45,0.767,0.425,,0.925,1,0.967,1.267,1.35,0.74,0.85,1.08,0.867,1.2,0.4,0.533,0.875,0.88,0.55,0.55,0.567,0.733,0.567,0.667,0.667,0.733,0.867,0.933,0.967,2.05,1.2,1.237,0.75,0.625,1.2,0.65,1.24,0.74,0.757,0.8,0.7,0.4,1.025,0.82,0.522,0.729,1.08,0.8,0.667,0.6,0.675,0.7,0.6,1.017,0.88,0.675,0.8,0.925,0.75,0.65,0.475,0.733,1.28,0.65,0.65,0.525,0.567,0.583,1.15,0.94,0.525,0.875,0.875,0.55,0.733,0.5,1.225,0.8,0.567,1.2,0.75,,,,,,1.3,1,1.6,0.9,0.95,1.15,1.033,1.2,0.8,0.85,0.85,1.1,1.033,0.9,0.95,1.35,0.6,0.9,0.8,0.85,0.8,0.7,0.5,0.825,0.633,2.067,0.74,0.775,2.16,0.567,0.9,1.033,0.5,0.3,0.633,0.5,0.633,0.1,0.4,0.38,0.525,0.95,1,0.65,1,0.7,0.35,0.567,0.8,0.5,0.525,0.367,0.38,0.633,0.467,0.4,0.7,0.833,0.617,0.767,1.2,0.7,0.567,0.75,0.633,0.6,0.65,0.5,0.667,0.667,0.54,0.525,0.6,0.675,0.9,0.46,0.88,0.85,0.36,1.08,0.75,0.643,0.95,0.5,1.067,1.05,0.9,0.8,0.475,0.78,0.929,0.467,1.25,0.85,0.733,0.64,0.95,0.85,0.55,0.667,0.6,1,0.8,1.18,1.02,0.52,0.76,0.6,0.8,0.875,0.933,1.2,0.7,0.867,0.75,0.55,0.633,0.85,0.8,0.475,0.5,0.55,0.68,0.675,0.783,0.62,0.425,0.5,0.54,0.6,0.3,0.66,0.6,0.533,0.7,0.55,0.1,0.5,0.2,0.6,0.75,0.667,0.85,0.8,0.933,1,1.35,0.55,1.05,0.85,0.5,,,,0.967,0.5,,0.925,1.014,0.7,0.5,0.7,0.633,0.6,0.6,0.6,0.55,0.567,0.55,0.5,0.9,0.4,0.5,0.5,0.9,0.7,1.3,0.4,0.3,0.833,0.7,0.867,0.95,1.3,1.6,0.3,0.7,1.25,0.8,1,2.1,0.6,1.95,3,0.1,0.85,0.5,0.7,1,0.675,1.1,0.8,1.175
20190317,12,AQI,85,92,96,100,54,104,62,33,45,77,69,68,93,67,57,46,41,57,47,116,86,93,182,52,83,104,113,88,113,153,75,69,54,78,91,92,112,85,93,74,58,64,54,64,75,62,55,76,88,68,130,69,63,67,55,56,72,59,64,63,58,67,20,49,59,54,53,58,42,85,54,50,72,89,70,76,70,39,32,32,54,,89,68,99,103,56,97,64,90,78,84,50,57,68,63,61,58,65,56,57,63,66,74,61,63,123,64,100,80,72,73,45,56,49,62,30,77,52,47,76,92,64,111,167,87,82,70,99,77,55,61,45,32,35,105,29,50,54,77,53,81,77,88,56,43,106,82,66,62,62,97,54,73,68,78,344,99,59,,,,,,51,40,33,43,35,37,114,125,136,185,157,116,127,109,103,81,96,61,76,76,76,28,55,75,96,100,82,61,95,62,66,79,37,35,57,32,37,33,48,45,60,56,53,41,71,100,66,52,28,40,44,31,36,64,41,45,28,109,83,94,82,66,57,91,81,91,77,86,62,56,56,52,50,58,80,56,60,69,63,52,70,59,65,57,109,93,100,56,78,55,234,59,91,67,86,71,65,71,68,88,56,40,53,72,48,53,72,58,51,62,20,19,15,37,31,44,19,20,22,48,36,59,43,77,33,58,48,50,42,28,25,39,37,26,45,24,14,36,33,68,47,43,91,48,98,38,141,54,89,40,48,,,,56,35,,60,66,67,56,35,50,60,53,62,72,78,56,38,34,55,59,62,64,77,90,43,399,100,64,78,107,216,85,55,123,186,131,84,72,30,164,216,138,97,54,46,54,67,54,47,74
20190317,12,PM2.5,62,68,63,75,26,77,38,8,9,54,46,38,69,30,22,21,14,21,12,87,63,69,137,20,51,77,84,65,84,116,31,39,37,57,67,67,78,62,69,53,40,45,32,40,54,38,30,44,36,32,98,49,44,34,30,29,40,25,28,37,26,48,10,23,41,37,28,32,15,60,26,35,46,63,50,55,50,14,12,10,24,,35,26,61,76,26,41,26,49,50,51,29,24,36,44,28,27,29,31,31,31,47,53,43,28,62,45,75,54,40,50,18,17,14,20,13,23,24,18,55,68,40,83,126,64,53,50,55,56,34,40,29,17,24,78,20,24,37,56,28,59,56,65,39,24,79,59,36,24,43,56,15,24,33,57,90,57,19,,,,,,22,7,3,24,10,13,85,94,103,139,119,87,96,81,76,59,71,34,55,55,55,11,32,47,71,75,37,33,63,35,33,32,15,10,21,18,16,8,15,15,29,39,36,26,51,75,40,22,13,10,18,10,15,21,6,21,11,81,58,70,60,43,34,67,44,63,47,63,39,32,27,33,35,36,58,31,42,49,44,35,50,41,46,28,81,69,75,38,44,30,183,41,61,38,63,51,40,51,34,65,22,28,36,52,30,36,52,38,30,41,12,13,7,24,17,28,6,8,15,33,25,41,30,56,19,40,33,35,29,10,8,21,20,16,21,12,6,25,23,29,20,6,67,21,73,26,107,33,58,12,23,,,,34,24,,33,28,39,30,22,24,27,36,23,21,45,30,12,10,17,41,31,45,52,44,9,68,75,45,34,31,37,62,33,47,128,52,50,32,18,124,165,45,72,31,13,28,47,20,20,53
20190317,12,PM2.5_24h,25,52,49,58,35,47,45,16,15,38,58,49,42,22,17,29,27,54,35,68,49,76,89,34,58,62,66,75,76,90,58,62,52,57,41,51,56,73,74,41,30,34,30,39,48,36,31,38,52,47,61,43,58,40,23,19,39,23,29,33,24,60,17,14,43,41,33,37,14,47,28,31,33,115,58,52,32,13,25,20,29,,65,46,58,66,56,56,53,74,57,53,47,35,59,42,24,21,24,26,21,24,42,28,50,48,49,23,39,49,29,19,30,35,26,26,38,31,34,24,52,64,36,45,68,57,38,52,30,34,25,33,24,13,35,61,32,20,36,58,35,48,57,42,33,23,39,61,34,26,36,38,19,17,26,52,68,63,37,,,,,,60,46,40,22,27,34,90,66,82,87,88,79,84,58,88,65,48,32,50,54,39,40,36,53,44,38,36,24,53,19,30,31,26,13,23,19,32,6,15,16,41,64,48,22,28,50,38,27,36,17,24,14,17,27,14,31,23,69,68,58,59,41,35,57,55,55,43,60,40,37,31,31,33,28,37,40,34,47,36,38,52,37,43,26,47,40,47,48,57,38,124,44,49,30,46,33,45,42,32,35,19,47,33,44,57,42,39,35,23,35,32,42,38,45,23,40,15,37,32,22,25,42,42,38,32,39,33,36,36,16,11,20,22,31,26,19,9,28,22,30,17,9,57,34,64,29,107,22,51,30,21,,,,26,11,,28,26,34,24,21,24,30,44,21,19,28,25,19,20,19,41,28,39,35,24,9,35,41,24,37,33,22,82,36,60,114,47,45,16,12,132,174,61,67,33,20,32,30,30,20,51
20190317,12,PM10,97,92,139,148,55,155,72,31,44,102,85,84,131,82,61,45,40,62,46,91,119,120,187,52,114,117,157,92,117,176,97,86,52,104,111,131,172,93,119,86,62,62,55,75,93,72,58,100,124,83,146,84,53,82,57,60,91,66,75,74,63,75,19,48,66,55,53,63,39,118,56,49,91,126,63,61,78,38,31,31,45,,126,83,145,130,60,142,75,127,104,115,49,61,84,62,53,57,78,60,62,74,68,75,68,74,193,74,147,108,91,93,44,60,48,72,29,101,52,46,82,119,76,159,161,119,112,78,146,98,57,70,44,31,34,94,28,43,52,61,53,74,75,92,50,42,110,112,79,72,71,141,55,94,84,95,454,145,66,,,,,,50,29,32,41,30,36,146,147,149,227,150,137,144,99,112,98,107,70,87,90,81,22,58,97,107,111,112,70,138,72,79,106,36,22,61,31,36,30,33,44,68,60,52,40,67,,80,52,26,24,43,29,35,75,27,44,11,154,113,115,100,79,61,122,110,129,101,103,72,60,44,52,48,63,93,60,62,77,73,52,68,63,69,62,126,128,114,59,103,57,197,66,130,81,118,78,77,84,84,102,59,38,41,69,47,46,81,63,50,72,19,18,13,36,30,43,14,12,,41,33,48,40,77,32,55,38,45,40,13,24,38,36,22,44,18,13,35,,83,46,22,96,47,83,35,147,48,126,36,31,,,,59,28,,68,80,81,59,24,49,68,48,71,92,104,59,25,22,37,54,46,54,102,128,41,498,120,65,103,161,360,113,58,193,320,209,115,91,29,219,289,224,115,56,45,55,81,55,46,69
20190317,12,PM10_24h,66,98,112,126,86,114,92,39,38,77,110,95,108,68,52,53,57,86,60,88,105,102,125,74,129,111,127,116,112,141,111,107,88,107,73,104,102,113,132,75,53,69,56,64,108,58,61,95,146,116,121,85,70,80,44,42,79,45,59,64,63,84,22,42,69,65,51,61,36,114,70,68,71,186,77,72,61,37,51,47,57,,148,108,136,111,135,150,126,152,110,114,108,76,113,58,52,44,52,50,54,48,55,59,70,76,140,52,82,93,67,48,60,67,49,66,53,63,62,40,88,103,81,107,110,91,80,82,83,63,51,59,38,29,44,78,45,38,47,69,74,61,78,63,50,36,80,112,66,86,78,103,59,60,77,87,319,141,132,,,,,,114,99,99,49,83,82,136,113,136,141,122,141,136,93,115,108,85,74,86,114,71,68,67,104,77,111,135,58,109,54,92,101,46,19,45,35,55,20,27,53,65,96,61,34,46,,58,42,57,40,40,29,30,44,27,44,43,129,130,104,107,72,59,104,120,114,92,95,67,70,48,46,41,56,62,76,68,84,52,60,86,68,70,60,101,88,82,75,103,74,160,90,98,62,89,62,83,83,71,64,46,70,43,69,82,57,63,68,40,52,45,61,48,60,35,53,20,46,38,36,37,59,54,59,54,66,42,58,51,20,17,37,37,42,51,27,18,39,21,53,39,29,73,54,76,38,156,50,94,66,30,,,,39,16,,54,66,75,53,49,53,66,76,60,59,63,71,36,45,40,72,56,72,61,37,32,219,70,42,106,105,101,136,59,222,313,207,122,41,27,197,277,259,99,61,52,49,66,60,57,73
20190317,12,SO2,11,32,19,46,24,41,28,12,14,13,25,12,28,34,16,16,12,5,9,20,24,18,25,11,11,19,24,21,27,18,7,8,8,15,16,13,18,23,22,8,8,16,18,11,11,6,7,18,17,8,14,22,7,9,5,5,19,6,9,13,8,21,7,4,10,5,18,9,3,21,18,13,55,6,14,14,20,15,10,12,9,,11,16,23,24,12,18,12,9,24,38,5,6,21,19,10,5,6,10,10,10,22,17,15,7,18,59,22,97,26,9,15,21,27,27,5,11,2,3,25,44,18,21,36,18,18,16,15,19,15,9,15,3,17,7,18,3,4,12,13,17,7,4,4,18,13,26,22,14,9,32,6,2,49,4,9,14,16,,,,,,10,10,11,10,6,9,29,28,38,53,29,21,30,35,28,30,18,12,4,17,12,11,8,16,24,31,41,18,22,62,21,67,11,2,37,18,7,17,16,27,23,7,6,6,26,5,12,7,4,6,4,6,4,8,27,6,15,25,14,14,42,12,7,19,5,9,10,12,17,10,5,9,14,17,9,5,13,28,51,6,9,14,9,22,36,36,18,11,11,5,15,14,38,17,31,10,6,6,10,15,4,8,11,11,6,6,14,15,26,13,4,10,7,6,17,9,7,5,3,10,10,7,4,6,11,8,9,4,6,7,20,13,14,24,5,9,2,11,26,6,12,6,15,11,11,10,7,5,15,7,6,,,,4,87,,18,26,23,13,9,15,8,17,14,13,15,10,6,12,7,13,24,13,11,8,6,18,94,38,15,7,4,6,8,6,11,36,13,5,9,15,9,6,6,14,12,10,13,25,11,27
20190317,12,SO2_24h,4,18,15,35,28,18,17,10,7,7,27,16,18,17,13,19,15,10,20,11,19,13,20,12,13,15,15,18,20,22,16,12,12,11,12,11,11,27,13,8,6,15,16,9,9,5,6,16,19,11,11,10,8,10,5,6,13,6,10,12,9,20,7,4,9,5,13,15,3,9,14,18,36,7,12,11,20,11,12,21,10,,24,23,24,29,35,28,14,20,22,31,10,6,21,14,9,5,5,10,11,8,17,15,15,10,16,39,20,56,21,20,19,18,22,38,10,14,7,13,23,26,15,15,21,14,11,16,12,10,10,7,9,2,10,8,12,2,4,10,38,12,9,4,5,12,17,11,14,12,10,13,7,10,45,4,7,21,21,,,,,,15,17,24,10,8,11,20,14,22,18,17,10,20,19,16,15,14,9,3,17,7,44,8,14,11,32,48,21,32,26,24,70,9,2,13,20,7,13,10,25,18,16,14,8,16,6,11,10,12,8,7,6,7,11,11,7,32,24,16,14,29,9,7,14,5,10,10,9,9,11,6,8,5,13,9,11,15,26,19,12,19,15,16,19,22,22,17,12,11,6,11,9,16,12,17,16,7,6,7,11,3,10,11,8,15,8,8,10,9,11,4,13,8,9,9,9,6,6,3,11,10,7,7,5,10,7,7,5,7,6,20,12,14,20,4,7,1,26,17,5,8,6,14,13,12,6,7,5,11,8,6,,,,5,18,,10,24,16,6,89,13,7,15,10,13,15,12,7,12,8,16,24,14,14,20,9,7,24,24,14,8,6,6,7,7,9,20,13,4,6,9,9,6,6,13,22,9,12,22,16,29
20190317,12,NO2,55,49,33,69,45,40,32,17,22,52,32,23,36,43,29,20,22,12,11,63,70,55,53,23,19,39,62,52,51,34,20,14,18,45,42,69,50,49,46,28,30,21,26,22,42,31,30,36,47,37,59,58,44,49,17,25,54,27,30,52,16,60,32,10,46,40,25,14,15,61,31,33,62,63,43,35,28,12,15,12,20,,27,25,28,56,20,26,30,26,23,23,12,22,25,35,16,12,17,17,10,14,39,18,41,10,29,33,48,41,40,26,19,16,23,21,7,11,11,9,53,58,30,48,53,27,32,25,28,50,32,33,25,26,30,24,26,5,46,27,16,34,17,41,24,25,8,41,27,55,40,42,7,8,33,24,27,26,18,,,,,,18,14,11,27,13,15,65,72,55,92,51,44,63,45,40,31,34,13,11,32,20,12,11,21,46,46,28,31,28,38,31,30,8,5,26,10,8,3,9,11,40,13,7,11,16,6,10,8,7,3,7,7,6,11,7,11,9,39,24,21,45,36,28,29,40,17,20,21,41,24,19,26,19,20,38,9,28,37,38,18,28,33,26,18,51,41,28,18,18,25,48,20,58,35,36,34,34,24,28,21,34,29,26,51,24,31,21,24,32,29,25,19,17,19,16,22,14,28,18,28,26,27,19,34,21,28,16,22,26,3,12,15,29,17,33,25,14,27,20,7,19,9,20,6,13,12,29,11,38,6,8,,,,5,44,,37,61,35,22,28,34,14,22,31,8,29,20,15,11,14,16,16,20,8,4,2,30,58,45,50,19,14,43,27,19,51,22,25,16,36,40,39,19,21,19,21,22,20,26,10,25
20190317,12,NO2_24h,40,64,41,72,59,44,55,14,24,48,58,45,45,42,41,35,42,43,41,66,83,77,101,31,53,73,78,63,64,74,43,38,31,61,40,56,46,69,63,27,33,42,34,26,73,21,21,47,68,51,63,62,58,74,21,35,60,37,43,56,30,64,31,8,47,40,20,27,12,79,37,30,51,63,50,42,43,29,35,36,19,,54,42,64,61,58,48,57,59,57,40,22,36,46,28,18,11,15,32,15,15,36,20,49,24,57,29,47,48,44,31,34,31,31,31,25,21,27,21,80,67,41,61,55,36,29,34,47,36,32,34,28,17,23,20,22,6,29,30,39,32,20,34,25,21,22,67,45,56,44,61,18,18,41,24,41,48,49,,,,,,49,47,60,26,35,33,71,71,64,72,60,51,87,60,59,49,44,28,27,85,50,36,19,31,39,51,47,41,51,39,45,46,15,6,25,32,19,13,8,18,30,38,29,21,20,24,19,20,21,8,13,13,15,20,9,11,23,53,47,51,54,38,27,56,53,45,74,50,43,46,18,22,16,32,28,27,36,44,33,20,37,34,26,28,59,53,47,31,42,32,46,39,52,31,49,27,30,34,28,25,22,46,21,41,30,36,25,31,18,19,23,21,17,18,18,18,13,16,17,24,19,30,29,38,26,41,21,28,27,5,9,14,22,15,34,18,14,25,11,7,20,8,13,13,11,11,35,9,29,10,7,,,,8,27,,30,61,39,37,19,33,33,32,43,15,19,32,16,22,18,27,18,17,13,9,6,21,47,40,55,39,31,42,21,36,44,37,35,10,35,45,46,20,34,23,33,28,24,32,18,26
20190317,12,O3,47,104,90,81,75,94,93,91,70,70,97,98,87,66,77,76,77,86,79,123,84,117,135,96,95,94,123,88,110,130,100,102,86,91,150,63,154,102,129,137,96,133,81,117,96,77,112,37,80,78,58,63,23,99,109,104,80,98,101,104,129,50,11,65,26,49,58,108,98,50,79,89,36,33,24,24,72,90,74,86,113,,99,99,113,129,117,98,82,103,109,99,94,79,115,47,133,105,97,110,128,92,35,125,67,117,87,72,86,71,72,73,79,76,71,69,95,77,98,82,84,71,68,72,77,101,99,101,102,20,43,50,38,30,42,21,25,110,43,36,105,16,46,39,54,50,114,72,102,36,58,67,118,104,58,57,79,105,99,,,,,,109,126,104,89,109,107,134,69,141,96,142,122,126,103,130,122,93,98,52,124,158,89,114,117,88,89,76,81,100,57,63,67,85,85,55,101,79,81,108,86,57,83,81,71,93,78,68,112,79,90,96,86,89,103,87,56,89,97,106,102,71,87,68,99,90,82,78,109,92,114,115,33,58,70,56,84,26,27,26,43,42,35,27,90,80,93,100,100,91,101,51,98,69,74,84,39,85,85,67,86,24,52,52,31,36,43,44,29,21,13,21,25,27,15,24,26,35,33,23,39,41,57,75,42,47,31,65,40,61,81,56,83,43,55,49,52,29,62,42,119,68,93,113,119,101,58,85,108,57,95,108,,,,75,46,,37,35,38,92,71,64,100,87,63,104,91,83,83,104,108,70,125,97,123,116,92,86,26,38,72,85,75,39,36,79,54,58,55,40,31,18,12,73,133,79,65,92,137,67,91,67
20190317,12,O3_24h,87,117,104,91,96,112,103,107,98,91,97,104,108,95,97,86,85,94,89,161,122,140,136,138,146,107,147,107,138,146,135,141,124,151,157,141,156,121,150,184,119,157,126,146,122,144,155,80,110,94,122,109,44,196,118,117,156,125,211,160,131,114,34,84,72,88,65,111,120,104,114,125,103,46,63,54,101,99,84,91,158,,145,116,116,129,124,150,93,116,133,102,139,105,135,66,142,148,145,118,130,147,98,137,104,124,110,96,129,134,99,82,89,85,85,82,102,83,98,98,129,135,99,116,119,126,121,158,125,113,116,104,92,98,72,115,56,120,106,93,119,79,65,93,94,79,123,121,124,123,115,126,125,114,113,80,133,109,109,,,,,,112,130,112,108,113,107,150,156,155,149,169,155,144,155,154,165,112,114,58,164,190,102,165,149,143,134,103,108,133,105,90,98,85,92,83,103,81,85,110,89,92,83,82,71,96,82,97,112,80,91,96,87,91,104,104,69,94,149,143,141,107,124,124,128,140,137,94,139,126,125,154,94,117,102,112,124,78,64,95,88,70,67,52,122,117,126,113,150,154,130,135,147,118,107,110,115,117,124,112,143,108,53,97,83,48,68,64,84,86,60,35,43,54,95,57,52,60,70,47,85,102,82,98,80,71,92,99,93,74,104,70,124,78,67,63,79,45,64,65,123,92,102,139,119,123,69,166,114,122,115,112,,,,85,94,,111,92,98,118,138,125,119,124,123,122,121,123,120,138,127,88,143,124,142,116,108,105,113,116,128,102,103,56,71,175,122,79,102,88,48,33,26,103,155,137,80,92,141,85,94,92
20190317,12,O3_8h,20,30,33,25,28,33,29,65,37,21,35,35,39,29,29,31,51,43,53,50,26,35,43,74,54,40,46,35,42,45,75,80,60,32,59,37,61,43,35,74,69,58,36,59,27,67,104,15,31,38,18,20,8,37,98,83,40,68,61,51,77,18,16,60,18,34,51,60,83,17,57,85,27,26,9,11,25,51,33,41,103,,49,54,38,53,41,63,34,48,54,57,71,50,60,45,112,108,96,43,97,81,27,67,20,56,47,29,32,35,24,30,39,37,32,38,59,53,46,55,36,30,44,20,26,57,82,60,38,14,27,26,21,22,49,25,25,98,33,33,36,20,27,24,49,45,31,30,60,14,27,24,83,66,30,56,30,51,43,,,,,,64,57,49,85,65,51,51,32,61,38,56,49,43,34,47,54,49,50,26,47,54,42,75,57,51,24,24,34,39,26,21,27,56,69,35,29,48,64,95,49,35,40,37,31,51,50,46,53,54,78,76,61,68,72,81,46,45,45,54,58,38,53,39,49,60,44,31,50,49,69,105,28,51,52,39,31,15,20,11,41,43,28,22,34,26,34,40,63,39,54,27,47,22,44,25,29,37,36,25,41,20,34,44,14,26,42,17,22,12,18,25,22,28,17,20,32,36,39,24,32,41,33,46,12,42,16,32,32,33,54,46,61,37,50,14,47,24,46,34,91,67,84,59,70,81,49,33,103,19,78,94,,,,46,45,,24,16,22,39,69,38,52,32,39,70,79,49,75,66,104,63,113,95,121,65,84,89,19,26,27,67,63,32,46,67,35,35,36,24,23,9,4,77,62,63,40,37,75,29,48,31
20190317,12,O3_8h_24h,27,30,52,26,29,50,29,66,42,27,49,62,39,37,30,34,60,43,53,76,30,40,43,81,54,40,52,40,42,46,75,80,61,34,97,38,64,50,35,123,85,58,53,66,34,87,136,21,31,56,20,22,8,40,103,87,42,78,61,59,91,31,28,78,23,36,52,85,104,17,66,100,48,27,9,15,26,53,38,43,136,,60,64,38,53,41,68,34,48,54,57,72,60,60,47,125,131,107,43,113,107,44,102,35,93,49,30,35,39,30,31,47,37,44,52,59,53,46,61,38,32,48,20,27,88,97,94,38,22,50,30,33,34,60,49,30,98,53,43,69,25,27,42,66,57,33,30,60,14,33,27,83,89,39,62,33,51,43,,,,,,64,57,49,93,65,51,51,48,85,83,66,49,43,39,47,62,59,56,26,47,54,45,99,80,115,33,24,34,44,35,21,30,59,74,37,30,49,64,97,52,41,40,37,36,57,50,54,53,54,79,76,66,71,77,96,63,45,62,63,58,59,57,45,49,67,52,46,54,68,77,134,39,60,63,57,31,20,32,26,56,64,50,45,39,26,39,46,65,82,72,40,73,33,55,27,74,77,36,45,45,30,35,46,17,26,43,17,26,12,42,32,33,38,25,26,46,39,42,37,47,46,37,52,27,38,16,46,42,50,63,58,78,39,51,14,69,40,55,34,99,72,85,74,102,82,52,40,107,52,78,97,,,,58,77,,27,20,28,39,114,44,52,36,39,73,95,59,76,75,116,70,132,112,139,65,94,94,20,26,28,67,63,32,71,67,35,35,45,39,32,15,11,78,62,72,50,44,122,40,54,37
20190317,12,CO,1.042,1.239,0.837,3.133,0.92,0.9,0.567,0.8,0.64,1.05,0.6,0.667,0.75,1.322,0.825,0.627,0.45,0.544,0.523,0.98,0.987,0.8,0.94,0.74,0.457,0.64,1.213,0.911,0.875,0.975,0.34,0.56,0.6,0.855,0.775,0.925,0.767,0.974,0.867,0.6,0.567,0.5,0.667,0.6,0.656,0.733,0.45,0.933,0.827,0.667,0.833,1.45,0.9,0.61,0.592,0.6,0.771,0.525,0.575,0.7,0.52,0.767,0.875,0.58,0.745,0.667,0.54,0.675,0.483,0.923,0.733,1.25,1.557,2.6,1.071,1.214,0.65,0.52,0.225,0.567,0.45,,0.55,0.867,0.833,1.4,0.45,0.48,0.417,0.58,0.933,0.833,0.233,0.35,0.8,0.875,0.567,0.567,0.633,0.7,0.6,0.7,0.767,0.8,0.867,0.7,1.15,1.067,1.72,1.45,0.85,0.4,0.671,0.483,1.74,0.58,0.471,0.82,0.46,0.36,0.975,1.28,0.456,0.771,1.2,0.833,1.083,0.6,0.65,0.86,0.733,1.033,0.86,0.775,0.825,1,0.75,0.65,0.625,0.833,0.54,0.725,0.55,0.7,0.6,0.65,0.5,1.05,0.675,0.95,0.913,1.375,0.6,0.35,2.35,0.82,0.533,0.8,0.65,,,,,,0.5,0.5,0.8,0.9,0.7,0.65,1.467,1.6,1.2,2.7,1.2,1.15,0.9,1.25,0.95,1.65,0.7,0.8,0.8,0.6,0.7,0.35,0.475,0.8,0.9,2.25,0.68,0.875,1.3,0.733,0.9,0.9,0.4,0.5,0.9,0.35,0.433,0.1,0.467,0.4,0.45,0.45,0.6,0.6,1,0.6,0.25,0.433,0.325,0.4,0.467,0.45,0.35,0.4,0.5,0.35,0.45,0.717,0.583,0.733,1.05,0.76,0.533,0.575,0.6,0.6,0.6,0.5,0.633,0.6,0.6,0.667,0.775,0.65,0.933,0.38,0.82,1.067,0.48,1.02,0.65,0.657,0.875,0.4,1.233,1.375,1.4,0.867,0.425,0.72,1.414,0.6,1.517,0.825,0.767,0.82,0.85,0.9,0.6,0.767,0.9,0.85,0.86,1.46,0.925,0.52,0.7,0.68,1.133,1.125,0.833,1.067,0.7,0.867,0.75,0.55,0.667,0.7,0.8,0.575,0.525,0.525,0.525,0.675,0.6,0.6,0.425,0.5,0.525,2.233,0.35,0.68,0.88,0.533,0.65,0.65,0.1,0.5,0.2,0.5,0.75,0.667,1,0.65,0.933,1.05,1.35,0.65,1.15,0.85,0.55,,,,0.667,0.5,,1.2,1.043,0.7,0.55,0.45,0.733,0.4,0.4,0.6,0.45,0.6,0.55,0.4,0.5,0.3,0.5,0.5,0.9,0.6,1.1,0.3,0.5,1.1,0.933,1.033,0.75,1.15,1.733,0.2,0.55,1.25,0.6,0.8,1.9,0.5,1.85,3.9,0.1,0.7,0.525,0.525,0.967,0.65,1.25,0.8,1.05
20190317,12,CO_24h,0.542,1.2,0.737,1.783,1.16,0.725,0.7,0.7,0.5,0.9,0.867,0.667,0.6,0.678,0.925,0.545,0.67,0.978,0.885,0.86,0.967,0.725,0.78,0.74,0.7,0.8,1.013,0.967,0.775,1.025,0.54,0.86,0.74,0.891,0.763,0.825,0.828,0.991,0.967,0.567,0.567,0.6,0.533,0.567,0.74,0.6,0.425,0.767,0.864,0.9,0.678,0.9,1.03,0.73,0.538,0.525,0.788,0.425,0.625,0.68,0.56,0.8,0.863,0.54,0.745,0.678,0.47,0.725,0.467,0.777,0.617,1.075,1.014,2.429,1.071,0.843,0.95,0.68,0.425,0.767,0.425,,0.925,1,0.967,1.267,1.35,0.74,0.85,1.06,0.867,1.2,0.4,0.533,0.875,0.88,0.55,0.55,0.567,0.733,0.567,0.667,0.667,0.733,0.867,0.933,0.967,2.033,1.26,1.263,0.75,0.6,1.214,0.633,1.24,0.72,0.757,0.82,0.7,0.4,1.025,0.9,0.511,0.729,1.08,0.833,0.7,0.65,0.7,0.7,0.633,1.017,0.88,0.675,0.8,0.925,0.75,0.65,0.5,0.733,1.26,0.65,0.65,0.55,0.55,0.6,1.1,0.94,0.525,0.875,0.875,0.575,0.733,0.45,1.25,0.8,0.567,1.2,0.75,,,,,,1.3,1,1.6,0.9,0.95,1.15,1.067,1.2,0.8,0.95,0.85,1.1,1.1,0.95,0.95,1.35,0.6,0.9,0.8,0.85,0.7,0.7,0.5,0.825,0.633,2.083,0.76,0.75,2.14,0.567,0.9,1.033,0.5,0.35,0.667,0.55,0.633,0.1,0.433,0.38,0.55,0.95,1,0.65,1,0.7,0.35,0.567,0.8,0.5,0.525,0.367,0.38,0.6,0.467,0.4,0.7,0.833,0.617,0.767,1.183,0.68,0.567,0.75,0.633,0.6,0.65,0.5,0.667,0.667,0.54,0.525,0.625,0.7,0.9,0.46,0.86,0.867,0.38,1.06,0.75,0.643,0.95,0.425,1.067,1.05,0.95,0.8,0.475,0.78,0.929,0.5,1.267,0.875,0.733,0.64,0.95,0.85,0.55,0.667,0.65,1,0.8,1.2,1,0.52,0.76,0.6,0.8,0.875,0.933,1.2,0.7,0.833,0.8,0.55,0.633,0.85,0.8,0.475,0.5,0.55,0.68,0.675,0.783,0.62,0.425,0.5,0.54,0.667,0.3,0.66,0.62,0.533,0.7,0.55,0.1,0.5,0.2,0.55,0.7,0.667,0.85,0.8,0.933,1,1.35,0.55,1.05,0.85,0.5,,,,0.967,0.5,,0.95,1.014,0.7,0.5,0.65,0.7,0.6,0.6,0.6,0.45,0.567,0.55,0.5,0.9,0.4,0.5,0.5,1,0.7,1.3,0.4,0.3,0.833,0.733,0.867,0.95,1.3,1.6,0.25,0.7,1.25,0.8,1,2.1,0.6,1.95,3.1,0.1,0.85,0.5,0.7,1,0.675,1.1,0.8,1.15
20190317,13,AQI,77,81,85,79,52,103,73,43,40,78,61,57,91,64,56,43,40,58,47,108,78,80,175,46,80,106,91,88,117,141,70,67,58,73,103,113,117,91,81,87,59,60,61,59,70,61,59,69,70,57,113,72,54,69,56,57,76,55,64,65,59,70,24,44,57,54,49,44,43,84,55,55,76,109,70,75,64,31,27,32,55,,72,56,96,80,51,89,56,74,82,80,52,62,70,64,64,57,66,57,57,62,70,65,59,52,113,63,87,69,63,64,52,34,32,83,34,76,59,56,70,81,62,116,165,76,72,66,83,81,55,62,50,35,33,103,30,50,50,65,54,87,74,83,60,40,69,80,61,59,70,96,46,61,65,80,203,89,58,,,,,,49,42,37,45,39,52,101,121,153,177,138,124,135,104,116,86,94,64,81,75,82,34,52,75,87,67,64,58,82,60,52,63,33,38,59,33,38,45,49,55,51,54,35,45,59,29,66,54,31,41,45,34,37,57,42,41,31,109,78,88,71,66,61,88,69,90,72,83,61,57,56,45,50,58,68,52,61,69,57,50,65,59,63,52,99,88,106,58,64,47,233,61,86,65,76,71,60,67,61,70,56,39,58,75,45,53,65,65,56,62,16,18,15,35,27,42,18,20,22,42,38,49,37,64,31,49,33,49,32,30,25,36,49,28,32,24,13,29,33,48,35,44,81,41,85,43,142,59,77,43,48,,,,29,42,,62,58,65,59,48,50,56,50,47,70,59,53,40,38,55,53,68,84,102,118,43,199,136,66,67,86,299,87,53,118,185,136,71,78,20,158,189,130,81,54,58,55,61,43,48,63
20190317,13,PM2.5,56,59,58,51,26,73,39,9,9,49,39,29,65,28,27,20,14,21,12,80,51,58,132,17,45,79,67,65,88,107,31,35,39,52,76,84,73,67,59,64,41,42,43,34,50,38,35,41,28,27,84,52,37,38,30,31,42,26,31,38,28,48,11,23,39,37,28,29,15,61,27,38,47,81,50,54,45,11,10,8,22,,32,22,53,58,23,39,24,40,57,47,26,19,37,45,27,27,35,30,32,31,50,46,35,26,60,44,63,42,39,34,23,14,12,18,13,17,23,14,50,59,36,87,125,55,51,47,49,59,32,41,35,19,22,76,21,24,31,46,26,64,53,61,38,24,49,58,36,26,50,56,12,15,31,58,80,44,20,,,,,,20,14,10,16,15,12,53,91,116,133,105,93,102,77,87,63,70,41,59,54,57,13,29,54,64,45,27,28,54,27,30,27,10,7,21,16,16,4,18,13,17,32,18,24,41,,19,21,13,9,16,9,11,20,10,17,7,81,54,65,51,45,35,65,45,66,42,61,38,35,33,29,34,38,45,25,43,49,35,33,46,41,44,24,74,64,79,37,38,27,182,37,56,39,54,51,31,46,34,50,23,27,40,54,31,36,46,46,34,41,11,12,8,24,14,29,7,8,15,29,26,34,23,45,13,34,23,34,20,8,7,20,34,19,8,10,4,18,23,20,16,5,59,20,62,30,108,41,49,13,22,,,,17,29,,35,24,41,31,33,21,27,27,23,20,34,28,10,8,17,36,35,46,45,49,11,59,103,47,32,31,56,64,30,44,122,66,33,29,12,120,142,59,59,30,11,28,37,22,16,44
20190317,13,PM2.5_24h,26,53,51,58,35,50,45,16,15,38,57,48,45,22,17,29,27,54,35,69,50,76,92,33,58,64,67,76,77,92,57,62,51,57,43,53,57,73,75,41,30,35,30,39,48,37,32,39,52,47,63,43,57,40,24,19,39,23,28,32,24,60,16,14,44,41,33,37,14,47,28,30,34,114,58,52,33,13,25,20,30,,63,45,58,67,55,55,53,73,57,52,46,35,58,42,25,20,24,26,22,24,43,29,50,47,50,24,40,49,30,20,30,36,25,26,38,31,34,24,52,65,36,47,73,58,39,51,31,35,26,34,25,13,33,62,31,20,36,57,34,48,57,44,33,23,39,61,34,26,36,39,18,16,27,53,70,62,36,,,,,,59,45,39,22,27,34,89,67,84,90,91,81,86,60,90,66,50,32,50,53,39,40,36,53,45,40,36,23,53,19,29,31,26,13,22,19,32,6,15,17,41,64,48,22,29,51,39,27,36,17,24,14,17,27,13,31,23,70,68,58,59,41,35,57,55,57,43,60,40,38,32,31,33,28,38,40,34,47,36,38,51,37,43,25,49,41,49,47,57,37,125,44,50,30,46,34,44,42,32,36,20,47,33,45,56,41,39,36,23,35,31,40,36,44,22,39,15,36,31,22,25,42,41,39,31,38,31,36,35,16,10,20,22,34,25,19,8,27,23,29,16,8,57,33,65,29,108,23,51,28,21,,,,26,12,,28,26,34,25,21,25,31,44,21,19,28,25,19,19,19,40,29,40,36,25,9,37,44,25,37,33,23,81,35,60,114,48,44,17,12,131,172,61,67,32,20,32,31,30,20,51
20190317,13,PM10,97,83,117,106,52,154,93,42,39,103,70,61,129,76,60,42,39,64,46,90,104,96,173,45,108,125,127,91,119,165,88,81,63,93,123,156,181,89,97,96,64,67,68,65,66,69,65,86,88,62,137,77,42,85,59,61,99,58,76,78,66,88,23,43,62,55,48,43,29,115,57,54,100,131,61,64,69,29,25,31,42,,91,60,139,75,50,126,60,96,111,108,51,71,88,60,49,61,80,62,62,72,71,64,66,51,174,67,121,86,73,76,51,33,31,114,30,99,66,60,81,105,71,152,145,84,92,77,113,98,57,72,46,34,32,105,26,42,49,50,55,80,80,71,68,39,63,96,70,65,73,140,45,70,78,89,351,126,64,,,,,,48,34,36,44,33,52,129,150,167,229,143,146,157,113,121,96,106,76,95,85,77,33,51,95,104,81,75,63,111,68,52,74,32,24,65,31,37,44,34,57,50,55,34,44,63,,80,55,25,22,44,24,32,62,28,40,11,143,103,108,84,80,69,119,86,127,91,96,69,61,53,44,49,64,83,52,56,78,61,49,62,62,69,52,110,123,121,63,76,46,204,69,119,77,99,75,68,81,69,83,60,37,44,72,44,44,68,69,59,72,10,15,14,31,26,41,15,12,,34,37,45,36,61,30,48,28,45,31,10,18,35,47,24,31,16,12,28,,40,33,22,85,40,80,42,143,49,101,31,31,,,,28,,,71,64,78,65,21,49,59,49,46,88,65,53,18,20,33,47,84,116,151,183,41,345,143,78,82,119,418,84,53,184,318,219,89,104,19,205,242,208,77,55,63,58,69,42,47,60
20190317,13,PM10_24h,67,98,115,126,86,119,92,38,38,78,109,93,112,68,51,53,57,87,61,88,105,102,128,72,129,112,128,116,113,143,110,105,87,106,76,107,104,113,131,75,53,69,55,63,108,59,62,95,146,115,124,83,70,81,45,43,80,46,57,65,64,85,21,42,70,65,51,61,36,114,69,65,72,185,77,71,62,38,51,47,56,,146,106,137,109,133,148,125,150,111,113,105,77,111,58,52,44,52,51,54,48,56,60,70,76,142,54,84,94,68,49,61,66,48,69,53,66,63,41,89,104,81,110,114,91,81,82,84,64,51,60,39,30,43,80,44,38,47,69,73,61,79,64,50,36,80,112,66,86,78,105,58,60,79,89,325,139,130,,,,,,112,97,96,49,83,83,137,114,139,147,125,144,139,95,116,110,87,74,86,112,71,67,67,104,79,113,135,58,109,55,90,100,46,19,46,36,55,21,27,55,66,96,61,34,47,,63,43,57,41,41,29,30,46,27,45,42,130,130,105,106,72,60,104,118,114,93,96,67,70,48,46,40,57,63,75,65,83,52,59,84,66,70,59,104,91,84,74,102,72,161,89,99,63,89,62,80,81,71,65,46,69,43,70,80,55,63,69,41,52,43,59,46,59,34,51,20,45,38,36,37,59,53,58,53,65,40,57,51,19,17,36,37,44,51,27,18,38,22,51,39,28,73,54,77,38,156,49,93,63,29,,,,39,16,,54,66,74,53,48,54,66,76,60,60,63,71,35,44,40,70,57,75,65,44,32,232,74,43,107,106,115,135,59,222,312,208,121,44,27,197,276,257,97,59,52,49,67,60,57,72
20190317,13,SO2,8,27,15,26,16,31,19,12,17,13,27,10,26,24,17,15,12,4,9,17,22,14,21,10,10,13,19,18,32,15,6,8,11,14,16,16,17,25,17,11,7,14,12,11,10,6,9,10,11,7,12,23,7,9,5,5,13,5,7,11,8,22,8,4,10,4,18,9,2,19,18,16,57,6,14,11,36,12,4,10,8,,7,8,18,13,11,16,9,8,22,54,5,4,18,13,9,5,5,10,10,7,21,15,11,7,17,46,17,63,20,8,21,17,21,17,5,9,2,3,17,29,15,19,26,14,14,14,15,20,13,9,13,3,11,7,13,3,3,11,18,16,8,4,3,14,12,23,21,13,12,28,31,4,34,4,13,10,19,,,,,,11,11,12,10,6,9,20,26,29,34,27,20,27,32,22,28,17,12,4,13,,13,7,15,18,13,19,11,14,40,16,42,12,1,29,20,11,18,19,18,13,4,13,4,18,4,9,6,4,6,4,6,4,9,24,5,14,27,17,12,22,14,8,18,5,9,9,10,13,11,7,8,6,17,8,5,12,30,20,4,8,12,13,15,25,27,17,11,10,5,14,12,16,16,23,9,6,12,14,12,5,11,11,17,7,6,7,10,17,13,4,10,6,6,18,7,7,5,2,11,10,10,4,5,14,7,9,4,6,15,16,14,19,29,4,8,2,10,16,5,11,6,13,10,14,10,8,5,13,7,5,,,,4,39,,14,24,21,43,9,11,6,16,12,15,10,7,5,13,4,20,14,11,10,6,6,10,83,26,13,7,2,6,7,5,8,17,10,5,10,15,45,7,6,15,12,9,11,21,10,22
20190317,13,SO2_24h,5,18,15,35,27,19,18,10,8,7,27,16,19,18,13,19,15,10,20,11,19,13,20,12,13,15,16,18,20,22,15,12,12,11,12,12,11,27,13,8,6,15,16,9,9,6,6,16,18,10,11,10,8,10,5,6,13,6,9,12,9,20,7,4,9,5,13,15,3,9,14,18,38,7,12,11,20,11,11,21,9,,24,22,24,29,34,28,14,19,22,32,9,6,21,13,9,5,5,10,11,8,17,15,15,10,16,40,21,57,21,20,19,18,22,38,10,14,7,12,23,27,15,15,22,14,11,16,12,10,10,7,9,2,10,8,12,2,4,10,35,12,9,3,5,12,17,11,15,12,10,14,7,8,46,4,8,20,21,,,,,,14,16,23,10,8,12,19,14,22,19,18,11,21,20,17,16,15,8,3,16,7,45,8,15,12,33,48,20,31,27,23,71,9,2,14,20,7,13,11,25,18,15,15,8,16,6,11,10,12,8,7,6,7,11,12,7,33,25,17,14,29,9,7,14,5,10,10,9,9,12,6,7,5,13,9,11,14,25,19,11,19,14,15,19,22,22,18,11,12,6,11,9,16,12,16,16,7,6,7,10,3,10,10,9,13,7,8,10,9,11,4,12,8,8,10,9,6,6,3,11,10,7,7,5,10,7,7,5,7,7,20,13,14,22,4,7,1,26,17,5,8,6,14,13,12,6,7,4,10,8,6,,,,5,18,,10,24,16,7,83,13,7,15,11,13,15,11,7,12,8,17,24,14,14,19,9,7,26,25,14,8,5,6,7,7,9,20,13,4,6,9,10,6,6,13,21,9,13,22,16,29
20190317,13,NO2,47,41,24,49,40,38,25,15,24,25,24,18,36,36,22,15,20,11,11,53,48,40,42,20,18,32,45,46,48,25,19,13,18,36,32,76,39,51,38,27,21,19,18,17,28,31,27,35,33,30,48,53,34,41,15,20,53,21,23,41,15,55,31,8,47,37,24,13,11,57,30,34,67,63,37,30,32,9,11,10,18,,23,20,20,33,18,24,27,22,18,21,11,14,25,27,15,9,12,15,10,10,36,14,27,8,24,23,38,29,27,13,23,13,19,19,6,11,10,8,29,47,23,44,47,17,21,19,24,53,28,29,28,22,29,21,25,4,36,23,17,35,20,32,15,20,6,37,26,61,37,36,8,8,30,25,19,15,18,,,,,,22,13,12,22,12,14,27,72,65,67,43,39,48,24,45,26,26,14,11,27,18,16,9,16,37,24,13,18,19,28,17,21,8,4,21,8,10,3,11,10,23,11,7,9,11,6,5,8,6,3,6,7,6,8,7,56,8,34,22,15,40,23,17,27,33,11,16,20,31,20,23,23,21,21,31,8,27,34,32,16,27,27,29,13,39,34,27,17,15,20,45,11,46,28,30,31,25,22,24,12,32,30,28,38,27,29,12,20,26,23,25,20,15,18,14,21,16,23,17,31,24,24,14,27,20,28,12,23,29,2,11,13,32,20,13,21,11,23,15,5,12,8,6,5,9,11,28,9,31,5,7,,,,5,19,,40,53,35,20,30,22,11,10,24,9,16,23,13,11,13,18,11,8,4,13,2,22,62,46,32,18,10,41,25,12,40,17,19,11,30,38,30,20,13,16,17,20,16,23,8,21
20190317,13,NO2_24h,40,64,41,72,59,46,55,15,25,48,58,45,46,42,41,35,42,43,41,66,83,77,101,31,53,73,79,64,64,74,42,37,31,61,41,59,46,69,62,28,33,42,34,26,73,22,21,47,68,51,64,61,57,74,21,35,60,36,41,56,30,64,31,8,48,41,20,27,12,78,37,31,53,63,49,42,43,29,34,36,19,,53,41,63,61,58,48,57,58,57,39,22,36,46,29,19,11,15,32,15,14,37,20,49,24,56,29,47,48,44,32,34,31,31,32,25,21,28,21,80,68,40,62,56,35,29,34,47,36,33,34,28,17,23,20,22,6,30,30,38,32,20,35,25,20,21,67,45,57,44,61,17,17,41,24,41,47,49,,,,,,49,47,59,26,35,34,71,71,64,74,60,52,88,60,60,50,44,29,27,84,50,36,18,31,39,52,48,41,51,40,44,46,15,6,25,32,19,13,9,18,30,38,29,21,20,24,20,20,21,8,13,13,15,20,9,14,23,54,47,51,54,38,27,57,53,45,74,51,43,46,18,21,17,32,28,27,36,43,34,19,36,34,26,28,60,53,47,31,42,32,47,39,52,31,48,27,27,34,28,26,22,45,22,42,29,36,24,30,18,19,23,21,17,18,18,18,13,16,17,24,20,30,29,37,25,41,20,28,27,5,9,14,23,16,33,18,13,25,11,7,20,8,13,13,11,11,35,9,29,10,7,,,,8,27,,30,61,38,37,20,33,33,31,44,15,19,32,16,22,17,27,18,17,13,10,6,21,48,41,55,39,31,42,21,36,44,37,35,10,35,45,46,20,34,22,33,28,24,32,18,26
20190317,13,O3,65,96,107,92,81,117,111,101,73,118,107,102,98,78,94,89,81,89,81,147,117,140,161,100,107,117,146,100,126,159,109,108,96,106,175,70,190,104,152,154,114,162,111,135,124,84,119,45,100,86,81,77,46,119,116,116,106,109,114,133,143,77,12,70,34,57,64,110,110,67,85,91,44,36,38,39,75,98,84,90,120,,106,106,128,119,122,107,89,107,118,106,98,86,119,49,140,111,108,130,134,106,43,139,91,119,103,88,115,96,95,81,77,85,78,72,100,81,102,79,115,90,82,86,104,126,125,117,116,22,48,62,39,43,49,21,25,106,60,47,109,22,45,62,71,55,117,85,102,37,74,82,120,109,63,56,95,110,104,,,,,,107,133,105,97,118,114,200,69,151,131,163,144,156,149,141,144,114,97,57,149,184,88,131,137,105,141,94,99,119,80,92,82,87,94,72,104,78,83,108,91,79,88,83,71,100,80,101,112,84,88,98,88,90,100,92,68,98,113,116,118,82,107,98,108,107,105,85,126,114,122,124,44,57,72,75,92,32,36,38,47,51,45,28,100,109,109,119,112,111,111,62,112,90,88,101,40,105,116,81,119,33,56,53,53,31,45,73,40,47,17,20,26,29,20,31,29,36,42,24,38,49,70,96,71,53,34,87,44,69,91,73,96,32,59,90,58,33,77,52,115,82,99,129,119,115,68,118,116,82,100,107,,,,79,70,,34,45,52,113,69,80,110,109,72,103,107,79,89,111,114,70,120,106,122,130,94,99,20,45,96,87,85,44,39,89,79,72,67,42,46,20,20,81,138,97,71,105,159,72,96,78
20190317,13,O3_24h,87,122,110,94,96,117,111,107,98,118,107,105,108,95,98,89,86,93,88,161,123,142,161,138,146,122,152,108,138,160,135,141,124,151,175,141,193,121,153,184,123,162,126,146,126,144,155,80,112,96,122,109,53,196,122,121,156,125,211,160,143,114,34,84,71,88,65,114,120,104,114,125,103,46,63,53,101,99,85,92,158,,145,116,124,129,126,150,93,116,133,106,139,105,135,66,143,148,145,130,134,147,98,146,104,122,116,96,129,134,99,82,89,86,85,80,101,84,102,97,129,135,99,116,119,131,126,158,125,113,116,104,92,98,72,115,56,120,106,93,119,79,65,92,94,79,121,121,124,123,115,126,125,114,113,80,133,113,109,,,,,,112,133,112,108,118,114,200,156,156,149,172,155,156,163,154,165,133,114,58,164,190,102,165,149,143,141,103,108,133,105,101,98,87,94,83,103,82,85,110,91,92,88,83,71,100,82,97,113,84,91,98,88,92,104,104,69,98,149,143,141,107,124,124,128,140,137,94,139,127,124,154,94,114,99,112,124,78,61,84,88,70,67,50,121,117,126,119,150,154,130,135,147,117,105,110,115,117,124,106,143,108,58,97,83,48,68,73,80,86,60,35,43,54,95,54,52,59,70,47,85,102,82,98,80,71,92,99,93,74,104,78,124,78,67,90,79,45,77,65,122,89,100,139,119,124,69,166,116,122,115,112,,,,85,94,,111,92,98,118,138,125,119,124,123,122,121,123,120,138,127,88,143,124,142,130,108,105,113,116,128,102,103,56,71,175,122,79,102,88,49,33,26,103,154,137,80,105,159,85,97,92
20190317,13,O3_8h,27,41,45,34,38,47,43,70,43,36,48,46,49,37,40,41,54,53,58,61,42,51,63,82,62,53,62,44,55,64,80,83,65,45,75,45,79,53,53,85,75,74,47,69,40,68,103,20,42,45,26,29,13,48,99,88,52,74,70,63,86,26,15,60,20,37,52,67,85,24,63,83,30,28,13,16,34,60,40,51,104,,57,64,50,66,56,72,44,60,65,66,73,55,72,44,115,107,97,57,101,83,28,75,30,65,59,39,44,42,35,37,47,45,40,43,66,58,57,59,50,40,50,30,39,65,87,65,51,14,29,31,24,24,47,22,26,99,33,34,47,18,29,27,50,46,43,39,67,18,34,32,90,70,36,55,38,65,58,,,,,,77,74,63,86,76,64,77,36,75,53,78,70,64,55,66,68,63,58,32,68,79,53,81,69,58,41,35,45,52,32,32,37,60,74,40,31,54,67,97,56,41,50,47,38,59,56,57,63,61,80,80,66,72,78,82,47,56,55,64,71,45,60,48,57,66,56,39,61,57,75,106,30,52,55,42,42,18,21,15,41,41,30,22,45,39,47,53,70,51,61,34,56,31,50,37,29,44,52,33,51,20,40,48,19,28,43,25,25,17,16,23,23,27,17,21,31,35,39,23,32,41,38,48,20,43,19,39,33,35,58,49,65,37,54,25,47,25,49,36,95,68,86,67,76,86,50,44,104,27,84,95,,,,50,49,,26,21,26,51,69,44,63,40,44,74,81,53,79,75,104,67,113,96,122,74,85,90,19,27,37,71,67,34,44,77,42,41,41,25,26,10,7,77,73,68,47,48,87,37,56,37
20190317,13,O3_8h_24h,31,41,53,35,38,52,43,70,46,36,50,62,49,41,40,41,61,53,58,78,46,52,63,85,62,53,65,46,55,64,80,83,65,46,97,45,82,58,53,123,85,74,54,69,44,87,136,25,42,59,28,30,13,51,104,91,52,80,70,66,93,34,28,78,25,39,53,86,104,24,69,100,48,28,13,18,34,60,42,51,136,,62,65,50,66,56,73,44,60,65,66,73,62,72,47,125,131,107,57,113,107,45,102,39,93,59,39,45,43,40,37,52,45,46,53,66,58,57,62,50,41,53,30,39,88,97,94,51,23,50,34,35,34,60,49,30,99,53,43,69,25,29,42,66,57,43,39,67,18,37,33,90,89,44,62,39,65,58,,,,,,77,74,63,93,76,64,77,48,85,83,78,70,64,55,66,72,73,58,32,68,79,53,99,80,115,47,35,45,52,38,32,37,62,76,41,32,54,67,97,56,43,50,47,38,59,56,57,63,61,81,80,70,73,82,96,63,56,64,68,71,60,61,52,57,72,60,51,61,68,78,134,40,60,64,57,42,21,33,28,56,64,50,45,47,39,49,53,70,82,72,42,73,38,57,37,74,77,52,47,52,30,40,49,20,28,44,25,28,17,42,32,33,38,25,26,46,39,42,37,47,46,39,52,29,39,19,47,42,50,63,58,78,39,55,25,69,40,55,36,100,72,86,74,102,86,52,47,108,52,84,98,,,,58,77,,28,24,32,51,114,48,63,41,44,75,95,61,79,80,116,70,132,112,139,74,94,94,20,28,37,71,67,34,71,77,42,41,45,39,32,15,11,78,73,73,53,48,122,42,60,41
20190317,13,CO,0.792,1.139,0.686,1.067,0.7,0.867,0.567,0.74,1.02,0.8,0.6,0.567,0.8,1.067,0.763,0.645,0.46,0.533,0.508,0.91,0.756,0.663,0.9,0.68,0.471,0.64,0.95,0.867,0.875,0.925,0.34,0.625,0.6,0.755,0.725,0.9,0.742,1.034,0.8,0.633,0.533,0.433,0.533,0.6,0.567,0.7,0.45,0.811,0.609,0.633,0.744,1.44,0.78,0.61,0.6,0.6,0.75,0.525,0.55,0.68,0.54,0.7,0.888,0.58,0.75,0.644,0.556,0.663,0.483,0.9,0.883,1.45,1.657,2.7,1.1,1.043,1,0.48,0.175,0.567,0.425,,0.35,0.7,0.633,0.9,0.45,0.44,0.35,0.5,0.867,0.667,0.233,0.3,0.7,0.88,0.533,0.58,0.6,0.7,0.6,0.667,0.767,0.733,0.733,0.6,0.95,0.7,1.26,1.25,0.75,0.3,0.714,0.55,1.46,0.56,0.443,1.04,0.46,0.3,0.8,1.06,0.422,0.7,1.08,0.767,0.833,0.6,0.675,0.9,0.733,1.1,0.92,0.75,0.825,1,0.733,0.65,0.525,0.767,0.74,0.7,0.567,0.55,0.533,0.633,0.5,1.04,0.7,1.05,0.888,1.225,0.6,0.35,1.675,0.86,0.567,0.7,0.75,,,,,,0.5,0.5,0.8,0.75,0.7,0.65,1,1.6,0.9,1.65,0.95,1.05,0.933,1.05,0.85,1.4,0.7,0.8,0.7,0.5,0.6,0.35,0.425,0.8,0.8,0.933,0.5,0.725,0.88,0.7,0.767,0.733,0.333,0.25,0.833,0.3,0.967,0.1,0.567,0.4,0.35,0.3,0.6,0.55,0.85,0.5,0.1,0.433,0.325,0.375,0.325,0.3,0.325,0.433,0.467,0.35,0.45,0.7,0.6,0.633,0.933,0.78,0.467,0.575,0.567,0.6,0.6,0.5,0.6,0.55,0.64,0.6,0.75,0.65,0.767,0.4,0.9,1.117,0.36,1.04,0.65,0.614,0.9,0.375,0.867,1.125,1.4,0.733,0.467,0.72,1.371,0.5,1.033,0.775,0.7,0.76,0.85,0.8,0.7,0.633,0.8,0.8,0.86,1.2,0.925,0.54,0.58,0.66,1,1.075,0.833,1.1,0.725,0.867,0.75,0.55,0.667,0.75,0.8,0.575,0.525,0.475,0.54,0.55,0.58,0.56,0.375,0.55,0.475,1.367,0.3,0.68,0.88,0.55,0.55,0.55,0.1,0.45,0.1,0.65,0.75,0.667,0.8,0.6,0.767,1.1,1.4,0.65,1,0.85,0.5,,,,0.533,0.5,,1.2,0.9,0.833,0.65,0.45,0.533,0.4,0.35,0.45,0.6,0.467,0.65,0.4,0.55,0.4,0.6,0.4,0.8,0.5,1.1,0.3,0.4,1.267,0.867,0.8,0.85,1.15,1.8,0.15,0.45,0.9,0.5,0.767,1.6,0.35,1.85,4.4,0.2,0.65,0.475,0.475,0.933,0.675,1.15,0.75,0.925
20190317,13,CO_24h,0.567,1.194,0.75,1.783,1.1,0.775,0.683,0.72,0.54,0.9,0.8,0.667,0.6,0.711,0.925,0.564,0.67,0.967,0.885,0.86,0.978,0.738,0.78,0.74,0.7,0.8,1.025,0.967,0.775,1.025,0.54,0.84,0.74,0.891,0.763,0.825,0.853,0.991,0.967,0.567,0.567,0.6,0.567,0.567,0.74,0.6,0.425,0.767,0.864,0.867,0.689,0.91,1.02,0.73,0.538,0.525,0.775,0.425,0.625,0.68,0.56,0.8,0.863,0.54,0.75,0.678,0.47,0.725,0.467,0.792,0.617,1.075,1.029,2.443,1.071,0.886,0.95,0.68,0.425,0.767,0.425,,0.9,0.967,0.967,1.267,1.35,0.74,0.817,1.06,0.867,1.2,0.4,0.533,0.875,0.86,0.55,0.55,0.567,0.733,0.567,0.667,0.667,0.733,0.867,0.933,0.967,2.033,1.28,1.275,0.767,0.6,1.243,0.633,1.26,0.72,0.757,0.84,0.7,0.4,1.025,0.9,0.511,0.729,1.12,0.833,0.7,0.6,0.7,0.7,0.633,1.017,0.88,0.675,0.8,0.925,0.75,0.65,0.5,0.733,1.22,0.65,0.65,0.575,0.533,0.6,1.1,0.94,0.55,0.9,0.888,0.625,0.733,0.35,1.275,0.82,0.567,1.2,0.75,,,,,,1.2,1,1.6,0.9,0.95,1.15,1.067,1.2,0.8,1,0.85,1.1,1.1,0.95,0.95,1.4,0.6,0.9,0.8,0.85,0.7,0.7,0.5,0.825,0.633,2.1,0.76,0.75,2.1,0.567,0.9,1.033,0.5,0.35,0.7,0.55,0.667,0.1,0.433,0.38,0.55,0.95,1,0.65,1,0.7,0.35,0.567,0.775,0.475,0.525,0.367,0.38,0.6,0.467,0.4,0.7,0.833,0.617,0.767,1.183,0.72,0.567,0.75,0.633,0.6,0.675,0.5,0.667,0.667,0.54,0.525,0.625,0.7,0.9,0.46,0.86,0.867,0.38,1.06,0.725,0.643,0.95,0.425,1.1,1.05,0.975,0.8,0.5,0.78,0.929,0.5,1.267,0.875,0.733,0.64,0.95,0.85,0.575,0.667,0.65,1,0.78,1.2,1,0.52,0.76,0.6,0.8,0.875,0.9,1.167,0.7,0.833,0.8,0.55,0.633,0.85,0.8,0.475,0.5,0.55,0.68,0.675,0.783,0.62,0.425,0.5,0.54,0.7,0.3,0.66,0.62,0.525,0.7,0.55,0.1,0.5,0.2,0.55,0.7,0.667,0.85,0.8,0.933,1,1.35,0.55,1.05,0.85,0.5,,,,0.967,0.5,,0.95,1.014,0.7,0.5,0.65,0.667,0.6,0.6,0.6,0.5,0.567,0.6,0.5,0.9,0.4,0.5,0.5,1,0.7,1.2,0.4,0.3,0.833,0.733,0.9,0.95,1.3,1.6,0.25,0.7,1.25,0.8,1,2.1,0.6,1.95,3.2,0.1,0.85,0.5,0.65,1,0.7,1.125,0.8,1.15
20190317,14,AQI,87,69,75,68,51,104,66,39,49,68,50,54,97,60,54,49,39,60,54,120,71,80,154,50,79,110,81,88,125,127,65,65,58,81,127,82,103,92,72,83,59,69,69,56,65,61,60,65,61,55,100,70,53,70,57,57,74,59,63,64,60,72,20,44,58,52,48,39,45,82,58,64,84,130,58,70,55,35,28,37,56,,70,48,85,43,52,86,59,64,84,74,44,44,60,60,67,58,65,56,61,63,60,55,60,39,104,57,73,63,56,52,42,32,29,98,38,74,54,86,65,74,65,120,139,69,74,58,74,88,57,59,46,33,30,98,29,50,43,55,48,85,77,66,44,35,47,76,59,62,74,92,50,74,57,89,184,59,58,,,,,,51,44,35,48,42,47,107,99,165,189,153,115,130,93,111,106,87,71,88,70,100,35,47,77,87,69,48,47,70,57,44,55,44,40,52,34,54,54,50,64,45,52,29,39,53,90,64,51,35,42,43,36,40,56,43,38,33,106,79,78,74,65,50,89,66,89,67,86,64,61,58,50,53,54,64,44,64,67,48,47,60,56,63,48,99,87,105,57,71,46,228,60,76,60,68,69,60,64,58,56,59,45,61,71,45,49,56,60,57,59,15,13,15,36,31,40,24,32,20,38,39,49,37,53,37,54,29,50,36,34,27,37,53,39,33,25,14,33,32,50,39,44,69,42,80,48,199,56,71,46,49,,,,29,53,,61,54,63,56,53,31,53,42,45,71,53,51,42,43,56,59,112,111,130,104,44,138,153,54,59,83,198,91,54,112,172,128,70,56,19,156,211,148,76,54,55,55,58,54,41,58
20190317,14,PM2.5,64,49,49,42,22,72,35,8,9,45,28,23,72,22,22,25,13,21,12,90,43,58,117,20,45,82,57,65,94,96,31,36,37,59,96,59,57,68,52,61,41,38,49,29,46,38,36,43,23,25,75,50,36,40,32,33,42,29,34,41,29,50,11,23,40,34,27,26,9,60,31,45,51,98,40,50,37,9,8,5,28,,32,11,41,23,22,39,22,28,46,41,22,18,26,42,22,28,32,29,33,31,41,38,33,24,55,32,50,39,36,13,15,16,12,19,11,16,23,20,46,53,39,90,106,49,51,40,53,65,30,38,32,18,19,73,20,21,28,38,26,62,56,47,30,20,23,55,36,26,53,53,10,24,27,66,87,24,24,,,,,,22,12,11,20,13,8,55,74,125,142,116,86,98,69,83,72,64,51,65,50,60,11,26,56,64,34,11,23,46,27,22,23,8,6,26,16,14,4,22,14,21,24,13,20,28,35,15,21,14,11,18,7,12,17,8,9,7,79,53,57,53,40,25,66,41,58,43,63,43,42,38,29,36,36,37,21,45,48,25,30,42,38,44,20,74,64,78,38,38,28,177,39,45,35,41,49,32,40,36,32,27,31,43,51,28,34,39,41,36,38,10,9,8,25,14,28,8,14,14,23,27,34,24,36,17,33,20,35,22,7,11,20,30,27,7,11,4,20,22,13,17,7,49,18,58,33,149,15,34,12,21,,,,14,36,,41,23,34,29,36,18,25,20,22,22,36,26,11,8,11,40,34,49,45,49,8,30,116,26,26,32,59,67,32,39,102,32,36,27,11,118,160,50,55,32,14,25,31,24,17,40
20190317,14,PM2.5_24h,28,53,52,59,35,52,45,16,15,39,57,47,48,22,17,29,27,54,35,71,50,76,95,32,58,66,68,77,80,94,56,62,51,57,46,54,58,73,74,40,31,35,30,39,49,38,32,39,51,46,65,43,56,40,25,19,39,23,26,32,24,60,15,15,44,41,33,36,14,47,28,30,35,113,58,52,34,13,25,19,30,,62,45,58,65,55,55,53,73,57,51,46,35,57,42,25,21,24,27,23,24,43,31,50,47,51,25,41,49,31,20,31,36,25,26,38,30,35,25,53,66,36,50,76,59,39,51,32,36,26,35,25,14,32,64,30,20,36,57,34,49,58,44,33,23,38,61,34,27,37,40,18,16,27,53,71,61,36,,,,,,58,44,37,22,28,34,88,70,88,94,93,83,89,60,91,68,51,33,51,53,40,40,36,53,47,41,37,23,53,20,29,31,26,13,23,20,32,6,15,17,42,63,48,23,30,34,40,28,36,18,24,13,17,27,13,30,23,72,69,59,59,42,34,58,56,58,44,62,40,38,32,31,34,29,38,39,34,47,36,37,51,36,44,24,52,43,51,46,57,37,125,45,50,30,46,35,43,42,33,36,20,46,33,46,55,40,39,37,23,35,29,38,35,43,21,39,14,33,30,23,25,42,41,39,32,39,30,36,35,16,11,20,22,34,24,19,8,27,23,28,16,8,57,33,65,29,109,22,50,27,20,,,,26,13,,29,26,34,25,22,25,31,44,22,19,28,25,19,19,19,40,29,41,37,26,9,38,48,26,38,33,25,81,35,59,111,48,44,17,12,130,171,61,67,31,20,32,31,30,21,50
20190317,14,PM10,99,72,98,83,50,155,79,35,48,84,49,56,124,67,55,48,38,67,55,102,90,81,157,49,105,129,110,91,121,149,78,78,63,100,149,111,153,90,81,82,66,59,76,59,62,70,67,78,70,58,117,79,37,87,62,62,96,65,74,76,68,91,19,43,64,51,47,38,25,103,64,73,115,148,56,61,58,31,23,36,43,,87,47,117,42,51,120,66,75,116,96,43,43,67,57,48,64,77,60,56,73,67,58,67,38,156,61,93,74,60,51,41,31,28,144,28,96,55,119,70,91,77,144,122,74,95,48,90,111,62,65,40,32,29,126,26,42,42,43,47,85,76,62,43,34,46,96,66,72,74,131,43,95,62,95,316,66,63,,,,,,50,35,34,47,39,46,91,130,187,219,156,141,147,95,139,159,100,86,107,79,72,34,46,97,92,86,47,46,87,62,43,57,43,23,51,29,55,55,38,76,44,51,27,38,53,127,75,50,30,24,42,30,30,60,28,37,13,133,106,93,83,77,49,114,79,125,81,97,76,69,61,49,46,55,76,43,60,78,47,46,58,60,66,47,103,120,130,62,90,45,194,67,100,68,83,72,67,76,64,60,66,39,48,70,44,45,56,67,61,66,12,12,11,32,30,36,23,31,,37,38,40,36,52,36,55,24,48,35,12,18,36,53,33,21,18,12,32,,44,38,38,63,40,81,47,186,39,89,30,31,,,,21,,,70,56,73,60,21,30,53,41,44,89,52,50,17,16,36,66,172,169,208,156,31,223,187,56,66,114,344,92,55,171,291,204,88,60,18,195,221,244,64,55,58,58,63,55,40,55
20190317,14,PM10_24h,69,99,117,127,85,125,92,38,38,80,108,92,116,68,51,54,56,89,62,89,105,103,130,70,129,114,130,117,115,145,108,103,86,106,79,109,105,113,129,75,54,69,55,63,109,59,62,94,144,113,126,82,70,81,46,44,80,46,57,65,65,85,21,42,70,65,51,61,36,114,69,64,75,184,78,71,62,38,50,47,55,,143,104,138,107,131,148,124,147,113,112,99,76,109,58,52,45,53,51,55,49,57,61,71,76,144,55,86,94,70,49,61,66,48,73,53,68,64,45,89,105,82,113,118,92,81,81,85,65,51,61,39,30,41,83,43,38,46,68,72,62,79,65,50,37,78,113,66,87,79,106,58,60,80,89,330,137,128,,,,,,108,93,93,49,83,82,135,116,143,151,128,147,142,96,118,114,88,76,87,112,71,67,66,104,81,115,135,58,109,56,88,101,46,20,47,36,56,22,28,56,67,95,61,35,48,127,64,44,56,41,41,30,31,47,27,45,42,132,130,106,106,73,59,104,117,115,94,97,67,71,48,46,40,57,63,74,64,82,52,57,82,65,69,58,107,94,88,74,103,70,162,90,99,63,88,63,78,81,70,64,47,67,43,71,78,55,63,69,42,53,41,56,44,57,33,51,20,40,38,36,37,57,53,58,54,64,38,57,50,19,17,36,36,44,50,27,17,37,23,49,39,27,73,53,77,39,157,48,92,60,29,,,,39,16,,56,67,73,53,48,54,66,75,60,61,64,71,35,43,40,70,63,80,72,50,32,240,81,44,108,107,126,133,59,221,311,207,120,44,25,196,273,255,97,58,52,50,67,60,56,71
20190317,14,SO2,8,24,13,19,14,33,13,11,12,12,18,10,30,12,13,16,11,4,9,18,22,13,20,12,11,13,17,19,31,12,6,7,12,14,17,15,15,25,14,9,8,13,10,10,8,6,7,9,11,7,13,20,7,7,5,5,12,5,5,10,7,22,7,5,10,4,17,9,2,18,17,14,69,6,14,11,44,8,3,8,10,,7,6,25,16,12,13,6,7,25,31,4,3,14,13,8,4,3,9,9,5,17,11,10,6,16,27,15,45,16,8,17,19,15,16,5,14,3,3,14,22,15,17,19,11,14,15,16,20,11,8,16,3,7,7,13,2,3,9,16,16,7,4,4,12,12,22,22,14,12,23,39,10,27,4,7,10,19,,,,,,11,10,11,9,7,6,17,19,34,22,27,21,24,22,22,28,15,13,4,12,11,12,7,16,17,11,5,9,14,27,16,37,9,2,12,17,8,22,18,18,11,4,5,4,18,5,9,5,3,6,4,5,5,13,13,4,14,23,15,12,19,12,7,16,5,9,9,5,12,10,8,6,5,16,8,5,11,23,14,3,5,9,15,13,18,24,16,10,9,5,13,7,16,15,19,8,6,12,15,11,5,14,11,9,6,6,5,6,12,17,4,9,6,6,13,6,6,6,2,9,9,10,4,5,16,7,6,4,6,30,16,14,19,21,4,8,2,10,12,5,8,6,12,11,13,8,8,5,11,8,5,,,,4,6,,17,22,14,23,11,10,4,10,11,29,7,5,5,11,17,17,10,9,10,7,6,6,117,11,11,9,3,6,7,6,7,17,8,6,8,15,41,6,6,15,13,8,10,24,9,20
20190317,14,SO2_24h,5,19,15,35,27,21,18,10,8,8,27,16,20,17,13,19,16,10,20,12,19,13,20,12,13,16,16,18,21,22,15,11,12,11,12,12,11,27,14,8,6,15,16,9,9,6,6,16,17,10,11,11,8,10,5,6,12,6,9,12,9,20,7,4,9,5,13,15,3,10,14,17,39,7,12,11,21,12,11,21,9,,23,22,24,29,33,28,14,19,23,33,9,6,21,13,9,5,5,10,11,8,17,15,15,10,16,41,21,58,22,20,19,19,22,38,10,14,7,12,23,27,15,15,22,14,12,15,12,10,10,7,9,2,10,8,12,2,4,10,33,12,9,3,5,12,17,12,15,13,10,14,9,7,45,4,7,19,21,,,,,,14,15,23,10,8,12,19,14,23,19,18,11,22,21,17,16,15,9,3,16,7,45,8,15,12,33,48,20,30,28,24,72,9,2,14,21,7,14,11,26,18,15,14,7,17,6,11,10,12,8,7,6,7,11,12,7,33,25,17,14,29,9,7,15,5,10,10,9,9,12,6,7,5,13,9,11,14,24,19,11,18,13,15,19,23,22,18,11,12,6,11,9,16,12,16,17,7,6,7,10,4,10,10,8,11,7,8,10,10,11,4,12,7,8,10,8,6,6,3,10,10,8,7,5,10,7,7,5,7,8,20,13,14,22,4,7,1,25,17,5,8,6,14,13,12,7,7,5,10,8,6,,,,5,18,,11,24,16,8,83,13,7,15,11,14,15,11,7,12,9,17,23,14,14,19,9,7,31,25,14,8,5,6,7,7,9,20,13,4,6,9,12,6,6,13,20,9,13,23,16,29
20190317,14,NO2,40,34,20,33,35,35,19,12,18,20,14,17,37,20,15,17,21,12,11,55,40,38,36,23,20,34,36,47,45,22,19,14,19,32,37,58,28,50,34,26,20,21,17,13,22,34,25,35,28,32,38,53,31,39,15,18,42,22,16,34,15,54,32,7,45,34,22,13,9,52,29,30,60,62,28,29,33,8,10,10,20,,20,20,22,26,17,22,24,18,21,14,9,16,24,22,14,8,8,16,10,7,34,9,32,8,19,16,27,25,20,10,19,16,15,20,7,12,11,9,20,36,25,40,31,13,20,19,22,53,28,28,29,14,24,18,21,3,34,21,15,32,26,19,16,17,9,37,25,68,35,29,7,6,27,26,12,13,18,,,,,,22,13,11,25,12,13,23,31,67,46,51,38,41,21,45,24,23,21,14,23,21,12,7,15,38,22,5,13,16,24,21,23,8,4,12,7,9,3,10,12,18,11,5,10,11,4,5,7,7,4,7,7,6,8,6,5,8,25,19,12,39,13,12,27,27,10,23,17,25,23,27,24,22,21,28,10,24,29,15,22,24,20,25,11,34,37,25,14,10,18,42,6,39,22,27,26,26,19,20,9,29,28,25,30,25,28,7,17,20,22,21,15,13,21,13,20,17,20,14,38,20,25,13,29,21,22,13,30,23,1,10,12,30,18,10,20,8,23,12,4,13,9,4,5,7,10,21,8,14,6,7,,,,5,5,,47,48,23,21,31,23,8,6,21,8,15,26,9,11,17,20,9,8,4,9,2,20,64,17,20,18,8,39,23,11,34,16,14,6,28,39,29,20,13,15,22,15,15,24,8,18
20190317,14,NO2_24h,41,65,41,72,59,47,54,15,25,48,57,44,47,42,42,35,42,43,40,67,83,77,101,31,53,74,79,64,65,74,42,37,31,61,41,60,46,69,62,28,33,42,34,26,74,23,22,47,67,50,65,62,55,73,21,35,59,36,40,55,30,65,31,8,49,41,20,27,12,77,37,31,55,64,49,42,44,29,34,36,20,,52,41,63,61,57,48,57,57,57,39,22,36,45,28,18,11,15,32,15,14,37,21,50,24,56,30,48,48,45,32,34,31,31,32,25,21,28,21,79,68,40,62,57,35,29,34,46,37,33,34,29,17,23,21,22,6,31,30,37,33,21,35,25,21,20,67,45,59,45,61,17,17,41,24,40,47,48,,,,,,49,46,58,26,35,34,70,72,66,75,61,53,89,60,61,51,44,29,28,84,50,36,18,31,40,52,48,41,50,40,44,47,15,6,25,32,19,13,9,19,31,38,29,21,20,13,20,20,21,8,13,13,15,20,9,14,23,54,47,51,55,37,27,57,54,45,74,50,43,46,18,21,17,32,28,27,36,42,33,19,35,32,25,28,61,54,48,30,42,31,47,39,51,31,47,28,27,33,28,26,23,45,22,42,29,35,24,30,19,20,23,21,17,19,18,18,13,15,17,25,20,30,29,37,26,41,20,28,28,4,9,14,22,16,32,19,13,25,12,7,19,8,13,13,11,12,35,9,29,10,7,,,,8,27,,31,62,38,37,20,34,32,31,44,16,19,33,16,22,17,27,18,17,13,10,6,21,50,42,56,38,31,42,21,35,44,37,35,10,34,44,46,20,34,22,33,28,24,32,18,25
20190317,14,O3,90,104,111,109,89,131,125,111,83,130,110,110,107,96,102,93,82,92,82,164,132,148,171,102,113,118,153,104,138,168,118,108,105,124,191,98,158,112,160,156,122,174,119,137,141,85,131,53,112,84,97,85,61,130,118,120,129,115,131,160,146,86,11,72,44,65,72,108,112,82,93,98,48,38,59,53,82,103,88,92,127,,114,107,130,115,124,118,91,106,116,122,103,89,115,53,143,114,108,137,148,111,58,153,86,117,119,93,143,116,103,83,87,88,87,75,101,80,101,84,137,116,81,103,130,142,132,122,128,22,55,59,45,65,53,22,26,100,67,68,114,41,53,82,74,59,119,91,104,33,86,106,123,109,67,64,124,116,113,,,,,,111,139,108,94,123,117,212,176,154,175,173,160,180,149,143,179,117,102,54,167,199,99,141,142,112,157,105,110,134,95,91,84,90,93,82,105,79,81,112,95,88,90,86,73,102,88,96,109,85,93,99,89,91,100,100,54,100,131,129,121,91,129,112,117,123,114,84,144,133,122,125,44,51,77,89,91,41,45,59,48,59,56,34,104,120,112,134,121,125,113,70,127,101,96,113,52,105,121,94,128,37,59,55,58,29,47,87,56,69,19,24,33,31,18,36,28,35,34,25,27,67,86,107,76,57,44,84,39,76,107,62,112,38,60,102,64,36,78,61,116,99,99,129,118,126,75,151,119,110,104,107,,,,81,81,,28,52,82,113,69,75,116,116,83,108,114,68,94,119,113,67,118,103,121,141,93,105,22,98,120,96,96,45,41,97,95,74,78,45,49,21,20,99,137,103,72,113,159,74,101,83
20190317,14,O3_24h,97,125,113,104,97,131,125,111,98,130,110,110,109,98,102,93,89,92,88,167,133,148,171,138,146,124,156,111,141,168,135,141,124,151,191,140,193,123,160,182,131,174,125,144,136,144,155,78,116,98,122,109,65,196,123,124,161,125,211,164,146,114,34,84,70,87,72,113,120,105,114,125,103,47,67,58,101,103,88,92,158,,145,116,130,129,129,149,93,116,133,122,139,101,135,66,147,148,145,137,148,147,98,153,104,122,122,97,143,134,104,83,89,88,89,79,102,84,103,96,137,135,98,117,128,142,131,152,129,113,116,102,92,98,72,115,55,118,106,93,115,79,65,91,94,78,119,120,124,123,115,126,125,114,112,80,139,116,113,,,,,,111,139,112,108,123,117,212,166,158,175,177,160,180,163,154,179,136,108,58,169,199,102,165,149,142,157,105,113,135,105,101,98,90,94,84,105,81,85,112,95,90,90,86,73,102,88,96,113,85,93,99,89,93,104,104,69,100,149,143,141,106,132,124,119,140,137,94,144,133,124,154,92,113,93,99,120,74,62,79,88,70,68,50,117,123,126,134,150,154,130,134,147,117,105,118,115,117,126,99,143,108,59,97,82,48,68,87,73,86,60,35,43,54,95,52,52,58,70,47,84,102,87,101,80,70,92,99,93,76,107,78,124,78,67,102,74,45,78,61,121,99,100,139,119,126,75,166,119,122,115,112,,,,85,94,,111,92,98,118,138,125,119,125,123,122,121,123,120,138,127,88,143,124,142,141,108,105,113,110,128,102,103,56,71,175,122,79,102,88,52,33,26,103,151,137,80,113,160,85,101,94
20190317,14,O3_8h,37,53,56,43,48,63,57,76,51,52,61,59,59,48,52,52,58,63,64,79,60,68,84,87,72,65,78,55,71,84,86,87,72,59,94,56,94,64,73,95,82,91,60,82,56,69,105,26,54,54,37,39,20,63,102,94,66,83,78,79,98,35,15,61,24,42,54,75,88,33,68,83,33,29,18,22,44,69,49,61,106,,70,74,68,80,71,82,55,73,76,78,81,61,84,45,119,107,99,68,111,87,32,94,41,74,72,50,60,52,47,45,56,55,49,51,74,62,68,64,66,53,56,43,52,77,92,71,64,15,33,36,27,29,46,21,25,99,36,37,60,19,32,34,52,47,57,48,75,22,42,45,99,76,41,55,50,71,65,,,,,,82,82,68,86,82,71,94,55,85,68,90,81,79,66,76,82,70,64,35,80,94,59,90,81,66,60,47,54,66,43,43,46,66,78,46,38,59,70,99,64,50,60,57,44,68,77,61,73,68,83,85,71,78,86,84,48,65,66,77,84,54,70,59,65,74,68,49,78,69,84,108,32,53,58,49,53,21,24,21,42,41,32,24,58,53,60,69,79,66,67,39,69,41,57,50,32,56,58,43,63,21,45,50,26,29,44,34,30,24,14,22,23,28,18,23,30,35,39,22,31,43,46,51,28,45,22,46,33,41,65,52,70,37,55,37,49,26,52,39,98,71,87,77,83,92,54,59,106,39,91,96,,,,56,54,,26,26,34,62,68,50,73,51,49,78,84,54,82,85,105,66,113,97,121,84,87,92,20,35,50,76,72,36,42,82,51,45,47,28,30,11,9,80,84,73,54,59,100,45,65,44
20190317,14,O3_8h_24h,38,53,61,44,48,63,57,76,52,52,61,64,59,49,52,52,63,63,64,83,63,68,84,90,72,65,79,55,71,84,86,87,72,60,103,56,96,69,73,123,86,91,61,82,56,89,136,30,54,63,37,39,20,65,106,94,66,84,78,79,99,39,28,78,28,43,55,88,104,33,72,100,48,30,18,23,44,69,49,61,136,,70,74,68,80,71,82,55,73,76,78,81,66,84,48,126,131,107,68,113,107,48,102,44,93,72,50,60,52,50,45,59,55,50,54,74,62,68,65,66,53,58,43,52,88,98,94,64,23,50,38,36,35,60,49,30,100,53,43,72,25,32,42,66,57,57,48,75,22,43,45,99,89,48,62,50,71,65,,,,,,82,82,68,93,82,71,94,60,86,83,90,81,79,66,76,82,80,64,35,80,94,59,100,82,115,62,47,54,66,45,43,46,66,78,46,39,59,70,99,64,50,60,57,44,68,77,61,73,68,83,85,74,78,87,96,63,65,70,77,84,60,70,60,65,78,68,57,78,72,84,134,40,60,65,57,53,22,35,31,56,64,51,45,58,53,60,69,79,82,74,45,74,46,62,50,74,77,58,51,63,30,45,51,26,30,45,34,31,24,42,32,33,38,25,26,46,39,42,37,47,48,46,54,32,41,22,50,42,50,65,58,78,41,55,37,69,40,57,39,102,72,87,77,102,92,54,59,109,52,91,98,,,,58,77,,28,30,39,62,114,51,73,51,49,78,95,62,82,85,116,70,132,112,139,84,94,94,21,35,50,76,72,36,71,82,51,45,48,39,32,15,11,80,84,75,57,59,122,45,67,45
20190317,14,CO,0.683,1.011,0.562,0.867,0.58,0.867,0.483,0.7,0.725,0.775,0.4,0.467,0.825,0.611,0.638,0.709,0.45,0.511,0.483,0.956,0.778,0.6,0.9,0.72,0.471,0.633,0.913,0.911,0.975,0.85,0.34,0.6,0.66,0.745,0.788,0.825,0.667,0.974,0.7,0.533,0.533,0.433,0.533,0.6,0.522,0.7,0.467,0.744,0.555,0.611,0.722,1.156,0.711,0.63,0.608,0.6,0.75,0.567,0.55,0.64,0.54,0.7,0.888,0.58,0.736,0.633,0.522,0.638,0.483,0.9,0.833,1.425,1.657,2.671,1.017,0.871,1.117,0.46,0.2,0.533,0.425,,0.333,0.6,0.6,0.7,0.417,0.4,0.34,0.44,0.8,0.533,0.233,0.3,0.6,0.84,0.517,0.567,0.5,0.7,0.633,0.667,0.7,0.633,0.767,0.533,0.85,0.54,0.98,1.188,0.7,0.25,0.5,0.683,1.18,0.54,0.443,0.86,0.44,0.3,0.7,0.84,0.433,0.657,0.94,0.7,0.717,0.575,0.775,0.92,0.733,1.167,0.92,0.675,0.8,0.975,0.767,0.55,0.525,0.733,0.82,0.675,0.55,0.467,0.517,0.617,0.55,1.08,0.675,1,0.9,1,0.6,0.4,1,0.88,0.633,0.65,0.75,,,,,,0.5,0.5,0.8,0.75,0.7,0.55,0.8,1.1,1.1,0.9,0.95,1.1,0.9,0.9,0.85,1.4,0.7,0.9,0.6,0.45,0.6,0.35,0.375,0.825,0.8,0.767,0.4,0.725,0.78,0.567,0.8,0.733,0.4,0.3,0.567,0.4,0.667,,0.533,0.4,0.233,0.4,0.6,0.5,0.8,0.5,0.1,0.433,0.367,0.3,0.375,0.333,0.233,0.433,0.467,0.3,0.45,0.683,0.55,0.6,0.95,0.74,0.433,0.575,0.533,0.533,0.525,0.4,0.633,0.55,0.68,0.6,0.75,0.675,0.767,0.42,0.88,0.883,0.275,1.04,0.625,0.557,0.9,0.35,0.667,1,1.35,0.767,0.45,0.72,1.357,0.333,0.917,0.725,0.667,0.76,0.85,0.8,0.725,0.7,0.75,0.767,0.92,1.04,0.88,0.58,0.52,0.54,0.8,1.05,0.867,0.867,0.7,0.933,0.7,0.5,0.667,0.85,0.8,0.575,0.5,0.475,0.475,0.55,0.56,0.56,0.375,0.525,0.45,0.4,0.3,0.72,0.66,0.65,0.55,0.5,0.1,0.45,0.1,0.55,0.75,0.667,0.7,0.6,0.7,1.1,1.15,0.6,0.85,0.85,0.5,,,,0.467,0.4,,1.275,0.871,0.7,0.55,0.5,0.533,0.35,0.25,0.4,0.75,0.467,0.8,0.4,0.5,0.4,0.6,0.4,0.7,0.5,1.1,0.3,0.2,1.467,0.6,0.6,0.85,1.1,1.833,0.15,0.4,0.7,0.45,0.667,1.5,0.3,1.95,4,0.2,0.65,0.525,0.55,0.867,0.625,1.075,0.8,0.875
20190317,14,CO_24h,0.575,1.2,0.75,1.783,1.1,0.775,0.683,0.74,0.56,0.9,0.8,0.667,0.6,0.722,0.963,0.582,0.66,0.956,0.877,0.87,0.944,0.738,0.78,0.72,0.714,0.8,1.025,0.978,0.825,1.025,0.52,0.82,0.74,0.882,0.763,0.825,0.878,0.991,0.967,0.567,0.567,0.6,0.533,0.567,0.74,0.6,0.425,0.789,0.845,0.867,0.689,0.92,1.01,0.73,0.546,0.525,0.788,0.425,0.625,0.68,0.56,0.8,0.863,0.54,0.764,0.678,0.47,0.725,0.467,0.808,0.633,1.05,1.071,2.486,1.071,0.9,1,0.68,0.425,0.767,0.425,,0.9,0.967,0.967,1.267,1.35,0.74,0.817,1.04,0.867,1.2,0.367,0.533,0.85,0.86,0.55,0.55,0.567,0.767,0.567,0.667,0.733,0.733,0.867,0.933,0.967,2.05,1.28,1.287,0.767,0.6,1.243,0.65,1.28,0.72,0.757,0.86,0.7,0.4,1.025,0.9,0.511,0.729,1.16,0.833,0.7,0.65,0.7,0.7,0.633,1.017,0.88,0.65,0.8,0.95,0.733,0.65,0.5,0.733,1.22,0.675,0.65,0.575,0.533,0.617,1.1,0.96,0.55,0.95,0.888,0.625,0.733,0.35,1.3,0.82,0.567,1.2,0.75,,,,,,1.2,1,1.5,0.9,0.95,1.15,1.067,1.2,0.9,1,0.85,1.1,1.1,0.95,0.95,1.4,0.6,0.9,0.8,0.85,0.7,0.7,0.5,0.825,0.633,2.117,0.76,0.75,2.1,0.567,0.9,1.033,0.5,0.3,0.667,0.55,0.667,0.1,0.433,0.4,0.575,0.95,1,0.65,1,0.6,0.4,0.567,0.775,0.475,0.55,0.367,0.38,0.6,0.467,0.4,0.7,0.833,0.633,0.767,1.2,0.72,0.567,0.75,0.633,0.6,0.675,0.5,0.7,0.7,0.54,0.525,0.625,0.7,0.9,0.46,0.86,0.883,0.36,1.06,0.725,0.629,0.95,0.425,1.1,1.075,1,0.8,0.5,0.76,0.929,0.5,1.25,0.875,0.733,0.66,0.9,0.85,0.575,0.667,0.65,1,0.78,1.22,1,0.52,0.76,0.6,0.8,0.9,0.9,1.133,0.7,0.833,0.8,0.55,0.633,0.85,0.8,0.5,0.5,0.55,0.68,0.675,0.783,0.62,0.425,0.5,0.54,0.7,0.3,0.66,0.6,0.525,0.65,0.55,0.1,0.5,0.2,0.55,0.75,0.667,0.85,0.8,0.933,1,1.35,0.55,1.05,0.85,0.5,,,,0.967,0.5,,0.95,1.014,0.7,0.5,0.65,0.667,0.6,0.6,0.6,0.5,0.567,0.65,0.5,0.9,0.3,0.5,0.5,1,0.7,1.2,0.4,0.3,0.933,0.733,0.9,0.95,1.3,1.6,0.25,0.7,1.2,0.8,1,2.1,0.6,1.95,3.3,0.1,0.85,0.5,0.625,1,0.7,1.125,0.8,1.15
20190317,15,AQI,82,63,71,68,52,99,63,43,39,70,49,73,100,58,49,49,38,63,58,133,74,89,120,50,78,113,78,94,135,119,64,66,62,86,133,70,112,100,74,64,63,73,70,61,61,64,61,59,60,52,81,67,54,69,58,58,75,56,62,77,59,70,17,41,61,52,47,43,46,78,58,75,80,143,58,69,53,39,31,43,60,,68,50,108,53,55,82,60,53,81,67,48,36,54,58,71,58,60,57,67,59,59,59,52,43,99,47,64,62,53,34,40,47,30,79,42,93,51,91,67,72,63,121,139,61,78,55,74,91,54,59,48,28,28,83,24,50,39,45,52,77,74,49,53,31,53,76,58,64,75,83,57,79,63,86,213,54,59,,,,,,54,50,41,50,47,46,117,106,195,188,156,109,142,99,92,92,78,85,80,72,106,37,51,74,81,75,33,42,64,53,37,54,57,42,36,35,45,57,52,90,56,59,34,36,45,98,105,51,38,44,45,40,43,57,44,44,39,94,82,67,81,59,40,87,73,85,67,81,60,72,60,43,55,58,58,47,58,67,39,42,53,54,58,46,96,91,106,58,66,54,225,47,72,55,61,64,58,70,80,50,59,48,55,78,40,40,52,57,56,57,15,15,15,36,36,38,18,31,19,53,39,44,38,46,46,48,30,49,40,37,30,41,45,50,34,27,15,37,25,54,38,45,59,46,78,54,139,57,61,49,50,,,,31,29,,59,56,60,54,67,29,50,42,52,81,54,49,43,49,61,85,107,132,123,110,45,99,122,37,55,83,166,88,54,115,153,123,72,45,23,171,249,137,80,56,54,58,63,51,40,55
20190317,15,PM2.5,60,43,39,37,23,64,32,11,6,43,26,34,70,21,19,23,13,22,12,101,43,66,90,20,41,84,54,70,102,89,32,34,41,63,101,42,66,75,53,40,44,34,50,31,37,41,35,36,22,25,59,48,37,40,33,35,43,35,37,42,30,50,10,22,42,33,27,24,10,57,30,47,54,109,40,49,28,7,8,12,41,,37,15,53,18,22,34,19,24,47,36,22,17,18,40,19,28,28,29,27,26,40,34,29,24,51,22,39,41,32,5,13,20,11,21,10,16,25,17,48,52,36,91,106,43,57,33,53,67,32,38,33,16,19,61,16,20,26,31,25,56,53,31,36,17,24,55,35,24,54,46,10,24,37,63,91,20,26,,,,,,23,8,16,15,16,6,67,79,146,141,118,81,108,74,68,68,57,62,58,52,60,11,23,46,59,35,7,19,32,18,21,21,6,6,17,14,15,6,18,17,22,21,11,19,20,28,15,21,12,12,21,16,8,15,8,14,7,70,50,47,59,28,20,64,44,50,37,59,41,52,42,30,38,37,34,20,40,48,23,28,36,37,40,21,71,67,79,39,40,37,174,30,43,31,32,45,34,46,35,24,25,32,38,57,25,28,31,37,33,39,10,9,6,24,15,26,7,13,13,27,21,29,24,28,23,29,21,32,21,10,7,19,28,35,7,12,8,23,17,12,19,7,41,16,57,37,106,20,24,11,11,,,,12,15,,39,25,33,26,48,15,24,17,18,25,37,34,10,8,15,42,36,50,43,45,5,28,92,24,22,33,55,65,32,37,88,32,41,19,13,129,198,57,58,33,16,29,27,16,16,38
20190317,15,PM2.5_24h,30,54,53,59,35,55,45,16,15,40,56,47,51,22,18,30,27,54,35,72,50,77,96,32,58,67,69,78,82,96,55,61,51,58,49,54,59,74,73,39,31,35,31,39,49,38,33,40,50,47,67,43,56,39,25,20,39,23,25,32,24,60,15,15,44,41,33,36,14,48,28,30,36,111,58,52,33,13,24,19,31,,62,44,58,64,55,54,52,72,58,51,44,35,57,42,25,21,24,28,24,24,43,31,50,47,52,25,42,49,31,20,31,36,25,26,38,30,35,25,53,67,36,53,80,60,41,50,33,37,27,35,26,14,31,65,29,20,35,56,33,50,57,44,33,23,38,62,34,27,39,40,18,17,28,54,72,60,36,,,,,,56,42,36,22,27,33,89,71,92,99,96,86,91,62,92,69,52,34,52,54,41,40,35,54,48,42,37,23,53,21,29,31,26,13,23,20,32,6,16,18,42,63,48,23,30,32,41,28,36,18,24,14,17,27,13,31,22,73,69,59,60,42,34,59,56,59,45,63,41,40,33,31,34,30,38,39,34,47,36,37,50,36,44,24,54,45,54,45,57,37,126,45,50,31,46,36,42,42,33,36,21,45,33,47,53,39,39,37,24,36,28,36,33,42,20,38,14,31,29,24,25,41,40,38,33,39,29,36,34,16,11,20,22,35,24,18,9,27,23,27,16,8,56,33,65,29,109,22,48,26,20,,,,26,14,,30,26,34,25,23,26,31,44,22,20,29,26,19,19,19,40,30,42,38,27,9,38,52,26,38,33,26,79,35,59,111,48,44,18,12,129,171,60,67,31,20,32,32,30,21,50
20190317,15,PM10,98,74,89,83,52,145,73,37,38,88,48,93,149,63,48,48,37,73,64,128,95,86,151,49,104,133,104,99,126,135,75,79,72,107,155,88,172,93,81,75,73,61,86,69,69,75,67,65,68,51,110,82,43,85,63,64,97,59,71,68,61,86,16,40,69,52,46,36,22,103,63,97,108,151,46,55,53,22,22,42,58,,83,49,164,54,57,111,68,53,109,82,47,35,56,50,42,63,67,62,60,66,65,51,52,38,146,46,75,72,54,33,39,46,23,106,28,133,50,130,69,90,74,141,117,65,96,57,96,105,56,66,42,27,25,108,23,37,38,42,52,64,82,48,46,30,54,92,64,75,78,114,40,106,73,91,358,56,65,,,,,,55,31,33,49,36,45,95,134,224,195,183,135,150,100,108,116,92,104,95,80,79,35,50,96,92,98,31,41,76,54,36,56,61,16,35,27,44,61,34,128,60,65,26,35,44,144,158,50,35,24,42,32,31,61,39,43,25,122,111,81,91,66,39,113,94,117,81,104,68,74,63,41,42,64,63,46,59,74,38,41,52,55,61,45,117,118,139,63,79,52,187,46,92,58,70,65,63,87,107,49,66,47,46,73,39,37,51,62,60,62,10,14,11,35,35,32,17,30,,54,38,43,37,45,45,47,26,48,39,16,29,37,44,42,13,20,11,36,21,47,33,36,60,34,73,53,147,37,70,44,24,,,,15,,,66,59,68,55,21,25,49,41,52,110,51,48,19,20,70,118,161,211,193,167,28,145,176,34,58,113,280,89,55,177,253,193,91,44,22,196,312,222,62,60,56,63,56,50,39,53
20190317,15,PM10_24h,70,99,119,127,85,129,92,39,38,82,107,93,121,68,52,54,56,90,63,91,106,104,134,69,129,116,130,118,117,147,108,102,86,107,84,109,108,113,128,75,54,69,56,64,109,60,62,93,143,112,129,81,69,81,47,45,81,47,56,65,65,86,20,42,71,65,51,61,35,115,68,65,78,182,78,71,63,37,50,47,55,,140,103,141,105,130,148,122,144,115,111,95,75,108,58,52,46,54,52,56,50,59,61,71,75,147,55,88,95,71,49,61,67,47,75,53,72,64,49,89,106,81,117,122,93,82,81,87,67,52,62,40,30,39,85,42,38,47,66,71,63,79,65,49,37,77,115,66,88,81,108,57,62,81,89,335,135,128,,,,,,105,90,89,50,83,82,135,117,149,156,131,151,145,97,120,116,89,78,88,112,72,67,65,104,82,118,135,57,109,58,87,103,48,19,47,37,57,23,29,60,68,96,61,35,48,136,69,45,57,42,42,29,31,49,28,46,41,133,132,107,107,73,58,106,118,117,96,98,68,73,49,45,39,58,63,74,64,82,51,56,79,64,68,58,111,97,92,73,103,69,163,89,99,64,87,64,75,81,71,65,49,67,43,72,75,54,63,70,42,54,39,53,42,56,32,49,20,39,38,38,37,57,52,58,55,63,37,57,50,20,17,36,35,45,48,27,17,38,23,49,38,28,73,53,77,39,158,48,91,57,26,,,,39,16,,57,67,73,53,47,55,66,76,61,63,64,71,34,42,41,72,67,87,79,56,33,245,88,45,108,108,137,132,58,220,306,206,121,44,25,195,275,252,98,58,53,51,68,61,56,71
20190317,15,SO2,7,22,15,14,18,20,9,10,6,10,15,15,28,11,12,15,10,4,10,18,19,15,16,10,9,12,16,20,23,10,7,7,10,13,17,14,19,25,14,8,8,12,11,9,10,6,7,8,10,9,14,18,8,7,4,5,10,4,4,9,6,18,6,4,9,4,15,8,2,18,15,13,67,6,12,8,19,8,3,9,12,,8,7,20,21,12,13,5,6,23,17,5,4,10,13,8,4,3,9,9,5,16,11,9,6,15,19,10,34,14,9,14,22,13,20,4,10,5,4,13,21,13,16,18,10,15,15,20,20,11,6,10,3,7,7,10,3,4,8,17,11,8,4,5,10,12,19,21,14,12,21,14,1,54,4,4,11,21,,,,,,14,9,11,11,7,6,18,19,31,16,25,15,25,20,14,26,13,13,4,10,11,10,7,13,16,12,6,10,12,15,17,22,14,2,5,17,7,25,15,21,12,4,8,3,21,5,9,5,3,6,4,5,5,12,27,4,13,19,11,11,29,10,6,15,5,8,15,8,10,14,8,4,10,19,9,14,9,18,11,4,4,9,15,17,16,22,16,10,9,5,12,6,14,13,16,8,6,23,16,14,4,12,12,9,7,6,4,6,10,13,4,11,6,6,11,6,7,6,2,11,9,8,4,5,13,8,7,4,6,11,16,15,15,18,4,12,1,12,25,4,11,6,12,10,12,6,9,5,9,8,5,,,,4,6,,14,23,12,20,16,10,4,11,7,19,7,13,5,9,24,15,11,8,10,6,6,6,107,7,9,10,7,6,6,6,6,17,7,5,11,12,25,6,6,15,13,7,9,16,8,19
20190317,15,SO2_24h,5,19,16,35,27,21,18,10,8,8,26,16,21,18,13,19,16,10,20,12,19,13,20,12,14,15,16,18,21,21,14,11,12,11,12,12,11,28,14,8,6,15,16,9,9,6,6,16,17,10,11,11,8,10,5,6,12,6,9,12,9,20,7,4,9,5,13,15,3,10,14,17,41,7,12,11,22,12,11,20,10,,22,22,24,29,33,28,13,18,23,33,8,6,20,13,9,5,5,10,11,8,17,15,15,10,17,42,21,58,22,20,20,19,21,38,10,14,7,12,22,27,15,15,22,14,12,16,13,11,10,7,10,2,10,8,11,2,4,10,33,12,9,3,5,12,17,13,15,13,10,14,9,6,46,4,7,19,21,,,,,,14,14,22,10,8,11,19,14,23,19,19,12,22,21,17,17,15,9,3,16,7,45,8,15,12,33,48,20,30,29,23,73,10,2,14,21,8,14,12,26,18,15,14,7,17,6,11,10,12,8,7,6,6,11,13,7,33,25,17,14,30,9,7,15,6,10,10,10,9,12,6,7,5,13,9,11,13,23,19,10,17,13,15,20,23,23,18,11,11,6,11,9,16,12,16,17,7,6,7,10,4,11,10,8,10,7,8,9,10,11,4,12,7,8,10,8,6,6,3,10,10,8,7,5,10,7,7,5,7,8,19,13,14,22,4,7,1,25,15,5,8,6,14,13,12,7,7,5,10,8,6,,,,5,18,,11,24,15,8,83,13,7,15,11,14,15,11,7,12,10,16,23,14,13,19,9,7,35,24,14,8,5,6,7,6,9,20,13,4,6,9,13,6,6,13,20,8,13,23,17,28
20190317,15,NO2,30,33,17,27,32,24,18,12,11,23,14,18,36,20,14,18,21,13,12,58,36,46,31,26,22,33,38,47,38,17,20,15,20,30,45,56,34,56,37,29,23,20,19,15,24,43,24,34,24,23,29,51,31,37,18,20,39,17,15,30,14,51,31,8,45,32,21,13,9,48,28,21,52,55,30,30,18,10,11,11,25,,20,18,24,26,18,24,22,17,17,13,10,16,24,22,14,7,8,18,10,4,36,11,25,9,18,14,18,23,19,12,18,22,13,27,7,12,12,10,20,33,24,39,31,12,23,20,26,47,27,32,28,8,25,16,23,3,34,23,16,29,20,13,12,17,8,39,27,64,39,28,6,5,34,28,8,15,19,,,,,,24,12,13,40,13,13,27,39,53,39,52,28,50,24,33,22,20,38,13,29,26,11,8,13,38,21,5,13,12,19,25,17,9,5,11,7,8,4,8,15,19,11,7,9,11,5,5,7,7,3,7,7,6,10,8,3,8,20,16,13,45,12,10,22,28,8,26,16,21,21,27,22,23,24,27,15,23,29,17,23,26,21,23,17,35,32,25,15,12,18,41,5,36,17,32,24,18,26,36,12,34,28,23,23,27,28,7,19,11,22,24,17,13,21,15,21,14,23,18,40,12,27,13,21,23,22,11,27,20,2,10,12,29,17,10,22,8,25,10,5,18,8,6,5,6,13,16,8,10,8,6,,,,5,4,,44,46,29,19,29,20,8,6,17,6,19,22,9,11,18,19,8,7,6,10,1,20,59,8,23,18,8,35,22,9,27,15,12,4,35,44,27,15,13,18,18,15,15,19,8,18
20190317,15,NO2_24h,42,65,42,71,60,48,53,16,26,48,56,45,49,43,42,35,42,43,40,68,83,77,100,31,53,74,80,64,65,73,42,37,31,61,42,61,47,69,61,29,33,42,34,27,74,24,22,46,67,51,65,62,54,73,20,34,59,36,39,55,30,65,31,8,49,41,20,27,13,76,37,31,56,64,48,41,45,30,34,36,20,,52,41,63,60,58,48,57,57,57,38,22,36,45,28,18,10,15,33,14,14,38,20,50,24,55,30,48,48,46,32,34,31,30,32,25,21,28,21,78,69,40,63,58,35,29,34,47,39,34,35,29,17,23,21,22,6,32,31,37,33,21,35,24,21,20,67,45,60,46,61,17,16,42,24,40,46,48,,,,,,49,45,57,28,36,33,70,72,67,76,62,53,90,61,62,51,43,31,28,84,50,36,18,31,41,52,48,41,50,41,44,47,16,6,25,33,19,13,9,19,31,37,28,21,20,13,20,20,20,8,13,13,15,19,9,13,23,54,48,51,56,37,27,57,54,45,73,50,43,47,19,21,17,32,28,27,36,42,33,18,34,32,25,28,62,55,49,30,42,31,47,39,51,31,47,28,27,33,29,26,25,44,22,42,29,35,24,30,18,20,23,21,17,19,18,18,13,16,16,26,20,29,28,37,26,41,20,28,28,4,9,14,22,16,31,19,13,25,12,7,19,8,13,13,11,12,35,9,28,9,8,,,,8,27,,33,62,38,37,20,35,32,31,45,16,20,33,16,22,17,27,18,16,13,10,6,21,52,41,56,37,31,42,21,35,44,37,35,10,35,44,46,20,34,22,33,28,24,33,18,25
20190317,15,O3,108,107,120,116,96,160,135,119,93,132,117,129,124,101,101,92,85,93,82,185,138,150,157,101,119,127,160,108,155,158,126,108,112,137,193,93,162,110,173,143,130,177,124,136,136,77,140,57,125,95,121,87,65,139,118,123,139,119,131,180,140,95,11,66,51,70,79,107,109,86,98,104,46,37,57,54,96,107,93,97,135,,112,118,137,125,127,124,91,110,128,128,103,85,114,58,137,113,104,137,148,108,65,150,90,116,132,101,154,136,110,84,93,85,92,72,102,79,96,85,144,124,81,114,138,151,129,128,127,31,60,49,57,82,49,24,27,96,62,84,115,61,63,86,84,64,126,89,105,44,88,111,124,108,75,68,114,120,121,,,,,,115,138,110,78,123,119,232,188,196,195,189,182,193,156,166,181,108,97,54,158,210,112,142,143,113,159,102,111,147,105,88,90,91,92,84,109,81,81,111,91,97,93,85,75,99,91,96,108,84,92,98,91,92,99,97,54,102,148,141,120,89,133,119,135,136,119,87,158,143,130,131,52,61,78,93,90,45,48,56,50,60,59,35,97,120,123,141,129,122,113,73,133,104,99,110,61,114,115,59,127,35,59,63,66,26,47,94,59,86,21,22,32,33,20,37,26,41,31,24,30,81,81,108,94,61,51,90,50,91,112,71,128,32,63,108,61,35,80,66,120,100,101,128,118,129,74,164,119,117,105,106,,,,82,78,,25,52,75,114,71,74,120,120,87,112,104,82,97,125,109,70,117,104,122,127,91,107,40,115,125,102,105,48,42,104,103,75,90,58,39,20,16,104,135,102,84,108,154,83,103,82
20190317,15,O3_24h,110,126,120,109,100,160,135,119,97,132,117,129,124,102,103,93,89,94,87,183,138,150,171,138,145,132,160,115,155,168,135,141,124,153,196,128,193,123,173,167,139,177,127,142,137,141,153,69,125,100,124,110,70,196,124,126,166,125,200,180,147,113,33,84,67,84,77,113,120,106,115,125,101,46,60,56,102,107,93,97,157,,145,118,137,129,132,147,94,116,133,128,130,95,135,66,146,148,145,138,148,147,94,153,102,122,132,99,154,139,110,83,93,88,92,78,102,84,103,95,144,136,96,118,139,151,132,152,129,113,116,101,92,98,71,115,53,115,106,94,116,79,67,91,94,78,126,114,124,123,115,126,125,114,111,80,124,120,121,,,,,,116,139,112,108,123,119,232,158,196,195,189,182,193,163,166,181,136,104,58,168,210,112,164,149,136,159,105,114,147,106,100,98,91,94,85,109,83,85,112,95,97,93,86,75,102,91,96,113,85,94,99,91,94,104,105,69,102,152,143,140,103,134,121,135,140,137,90,148,143,130,154,89,98,86,98,113,63,62,79,88,70,67,49,105,123,127,141,150,154,130,134,147,117,107,120,115,118,126,99,142,108,62,97,81,44,65,94,72,87,57,34,43,54,95,50,52,53,66,47,83,102,88,110,94,69,92,93,93,91,112,76,128,77,68,108,70,45,81,66,120,102,101,139,119,129,75,166,119,122,111,110,,,,85,94,,111,90,98,118,138,125,120,126,123,122,121,123,120,138,127,88,143,124,142,141,108,107,113,115,129,104,105,56,71,175,122,79,102,88,52,33,26,104,151,137,84,113,160,85,103,94
20190317,15,O3_8h,50,65,69,54,59,83,72,84,60,68,75,74,72,59,63,62,65,74,70,99,78,86,103,90,83,79,96,67,89,102,94,92,81,75,115,66,110,74,93,108,91,109,73,94,71,71,111,32,67,65,50,49,28,80,105,101,81,93,87,99,109,49,14,62,28,48,57,84,91,43,75,85,36,31,25,28,55,77,60,72,110,,82,86,87,94,86,92,64,84,90,91,88,69,93,46,123,107,99,85,119,91,37,109,51,84,84,61,77,65,59,53,66,64,59,58,83,66,78,70,82,66,63,56,70,92,99,83,78,18,38,39,33,37,45,22,25,99,40,43,72,24,35,42,56,49,71,58,83,27,50,59,107,84,47,56,61,84,79,,,,,,94,98,81,87,93,84,120,82,105,91,112,103,102,85,96,93,81,72,39,98,118,72,100,94,76,78,58,64,82,56,54,56,73,82,53,60,66,72,101,73,60,70,67,53,77,81,65,84,75,87,89,78,84,93,86,50,76,81,88,94,61,82,71,76,86,79,58,91,84,94,110,35,54,63,57,63,25,28,28,42,42,37,27,69,67,74,86,90,78,76,46,82,52,64,64,37,69,64,49,75,23,48,52,33,31,45,45,34,34,14,21,25,29,18,25,29,35,37,21,31,48,52,58,39,48,26,54,36,50,72,56,79,37,55,50,52,28,57,43,103,75,89,87,90,97,57,76,107,52,96,99,,,,61,57,,27,32,41,64,68,56,83,64,56,84,86,59,84,97,105,66,114,97,120,93,88,94,23,47,64,81,76,38,42,84,60,48,54,32,33,12,11,83,89,79,62,70,114,54,75,48
20190317,15,O3_8h_24h,50,65,71,54,59,83,72,84,60,68,75,74,72,59,63,62,67,74,70,99,80,86,103,94,83,79,96,67,89,102,94,92,81,75,117,66,112,80,93,123,92,109,73,94,71,91,136,36,67,69,50,49,28,80,109,101,81,93,87,99,109,49,28,78,32,48,57,92,104,43,78,100,48,31,25,28,55,77,60,72,136,,82,86,87,94,86,92,64,84,90,91,88,72,93,49,127,131,107,85,119,107,50,109,51,93,84,61,77,65,62,53,67,64,59,60,83,66,78,70,82,66,65,56,70,93,99,94,78,23,50,41,40,40,60,49,30,100,53,46,78,27,35,45,66,57,71,58,83,27,50,59,107,89,53,62,61,84,79,,,,,,94,98,81,94,93,84,120,83,105,91,112,103,102,85,96,93,91,72,39,98,118,72,102,94,115,78,58,64,82,56,54,56,73,82,53,60,66,72,101,73,60,70,67,53,77,81,65,84,75,87,89,79,84,93,96,63,76,81,88,94,64,82,71,76,86,79,63,91,84,94,134,41,61,67,59,63,25,36,33,57,64,53,45,69,67,74,86,90,83,78,50,82,55,68,64,74,77,64,56,75,30,48,52,33,31,45,45,35,34,42,32,33,38,25,26,46,39,42,37,47,49,52,58,40,43,26,57,43,52,72,59,81,42,56,50,69,40,59,43,105,75,89,87,102,97,57,76,110,54,96,100,,,,61,77,,29,36,44,64,114,56,83,64,56,84,95,65,84,97,116,70,132,112,139,93,94,94,23,47,64,81,76,38,71,85,60,48,54,39,34,16,11,83,89,79,64,70,122,54,75,49
20190317,15,CO,0.558,0.95,0.562,0.58,0.62,0.767,0.383,0.725,0.48,0.75,0.4,0.533,0.775,0.544,0.612,0.655,0.44,0.522,0.462,1.08,0.722,0.675,0.72,0.7,0.443,0.65,0.875,0.925,0.825,0.725,0.34,0.6,0.66,0.736,0.813,0.8,0.717,0.994,0.7,0.5,0.567,0.433,0.533,0.567,0.511,0.717,0.467,0.7,0.464,0.478,0.644,1.14,0.722,0.63,0.623,0.6,0.737,0.6,0.575,0.64,0.5,0.7,0.871,0.58,0.714,0.611,0.5,0.625,0.467,0.908,0.783,1.1,1.514,2.729,1.043,0.829,0.633,0.46,0.2,0.567,0.525,,0.367,0.567,0.633,0.667,0.467,0.38,0.4,0.42,0.667,0.5,0.167,0.367,0.525,0.82,0.5,0.567,0.4,0.7,0.567,0.6,0.7,0.667,0.7,0.533,0.767,0.575,0.94,1.238,0.683,0.25,0.717,0.883,0.96,0.58,0.429,0.78,0.42,0.24,0.7,0.84,0.422,0.643,0.94,0.7,0.78,0.6,0.875,0.86,0.7,1.267,0.98,0.675,0.8,0.925,0.733,0.55,0.5,0.733,0.56,0.575,0.467,0.45,0.483,0.6,0.6,1.02,0.675,0.85,0.9,0.875,0.533,0.3,1.725,0.84,0.533,0.65,0.8,,,,,,0.5,0.4,0.8,0.8,0.7,0.5,0.833,1.1,0.85,0.7,1.05,1,1.033,1,0.65,1.35,0.55,0.9,0.6,0.4,0.6,0.3,0.375,0.7,0.767,0.8,0.42,0.65,0.72,0.5,0.8,0.567,0.433,0.3,0.5,0.4,0.367,,0.5,0.42,0.325,0.35,0.65,0.4,0.85,0.55,0.1,0.433,0.367,0.3,0.3,0.333,0.233,0.4,0.467,0.3,0.45,0.583,0.45,0.6,1.283,0.68,0.4,0.55,0.567,0.467,0.55,0.4,0.6,0.667,0.78,0.6,0.825,0.7,0.767,0.48,0.72,0.833,0.3,1.06,0.575,0.543,0.875,0.4,0.633,0.95,1.325,0.767,0.433,0.74,1.3,0.233,0.883,0.725,0.633,0.72,0.85,0.8,1.05,0.6,0.75,0.783,0.88,1.06,0.92,0.575,0.5,0.52,0.7,1,0.867,1.2,0.65,0.933,0.65,0.55,0.633,0.85,0.8,0.65,0.5,0.475,0.5,0.5,0.54,0.5,0.375,0.525,0.42,0.333,0.9,0.76,0.64,0.575,0.55,0.55,,0.45,0.1,0.5,0.7,0.667,0.7,0.55,0.567,1.1,1,0.6,0.75,0.9,0.4,,,,0.467,0.4,,1.2,0.886,0.633,0.5,0.65,0.6,0.35,0.25,0.4,0.55,0.467,0.75,0.4,0.5,0.4,0.6,0.4,0.7,0.5,1.1,0.3,0.2,1.267,0.533,0.533,0.9,1.45,1.867,0.15,0.4,0.6,0.35,0.633,1.5,0.4,2,4.1,0.1,0.65,0.525,0.55,0.867,0.6,0.825,0.775,0.85
20190317,15,CO_24h,0.575,1.211,0.763,1.783,1.1,0.8,0.683,0.74,0.58,0.9,0.8,0.667,0.625,0.722,0.963,0.582,0.66,0.956,0.877,0.92,0.933,0.763,0.78,0.74,0.714,0.8,1.025,0.978,0.85,1.025,0.52,0.82,0.74,0.882,0.763,0.825,0.878,1.011,0.967,0.6,0.567,0.6,0.567,0.567,0.74,0.6,0.425,0.778,0.827,0.833,0.7,0.95,1,0.73,0.554,0.525,0.8,0.425,0.6,0.68,0.56,0.8,0.863,0.54,0.764,0.678,0.48,0.713,0.467,0.815,0.633,1.05,1.129,2.5,1.071,0.914,1,0.68,0.425,0.767,0.425,,0.9,0.967,0.967,1.267,1.333,0.72,0.8,1.04,0.9,1.2,0.367,0.533,0.85,0.86,0.55,0.55,0.567,0.767,0.567,0.667,0.733,0.733,0.867,0.933,1,2.067,1.3,1.3,0.8,0.625,1.229,0.683,1.26,0.72,0.757,0.88,0.7,0.4,1.025,0.9,0.5,0.743,1.16,0.833,0.7,0.65,0.7,0.72,0.633,1.033,0.92,0.65,0.8,0.95,0.733,0.65,0.5,0.733,1.22,0.675,0.65,0.575,0.55,0.617,1.05,1,0.575,0.975,0.888,0.65,0.733,0.35,1.35,0.84,0.6,1.2,0.75,,,,,,1.2,1,1.5,0.9,0.95,1.15,1.067,1.2,0.9,1,0.9,1.1,1.133,1,0.95,1.4,0.65,0.9,0.8,0.85,0.8,0.7,0.5,0.825,0.7,2.15,0.76,0.75,2.1,0.567,0.9,1.033,0.5,0.3,0.667,0.55,0.7,0.1,0.467,0.42,0.55,0.9,1,0.6,1,0.6,0.4,0.6,0.75,0.475,0.55,0.367,0.4,0.6,0.467,0.4,0.7,0.85,0.633,0.767,1.233,0.72,0.567,0.75,0.667,0.6,0.675,0.5,0.7,0.7,0.56,0.525,0.65,0.7,0.9,0.46,0.82,0.883,0.36,1.06,0.7,0.629,0.95,0.425,1.1,1.075,1.025,0.8,0.5,0.76,0.957,0.5,1.25,0.875,0.733,0.66,0.9,0.85,0.575,0.7,0.7,1,0.78,1.24,1,0.52,0.72,0.6,0.8,0.925,0.9,1.133,0.7,0.833,0.8,0.55,0.633,0.85,0.8,0.5,0.5,0.55,0.68,0.675,0.783,0.62,0.425,0.5,0.54,0.667,0.35,0.66,0.6,0.525,0.65,0.55,0.1,0.5,0.2,0.55,0.75,0.667,0.85,0.8,0.933,1,1.35,0.55,1.05,0.85,0.5,,,,0.967,0.5,,0.975,1.014,0.7,0.5,0.7,0.667,0.6,0.6,0.6,0.55,0.567,0.65,0.5,0.9,0.3,0.5,0.5,1,0.6,1.2,0.4,0.3,0.933,0.733,0.9,0.95,1.3,1.6,0.25,0.7,1.25,0.8,1,2.1,0.6,1.95,3.4,0.1,0.85,0.5,0.625,1,0.7,1.125,0.825,1.15
20190317,16,AQI,82,63,78,69,53,100,67,48,38,63,49,77,108,56,49,47,38,72,67,143,72,124,82,52,78,119,81,104,139,87,66,65,63,75,126,70,121,103,73,69,72,74,72,58,70,60,67,58,63,51,75,67,60,67,62,60,75,54,63,87,67,76,16,41,63,52,48,48,48,82,62,88,72,149,55,71,43,44,36,54,64,,72,56,103,58,57,80,58,53,81,70,48,50,61,55,75,57,55,56,73,57,59,71,58,48,94,36,58,62,54,32,42,55,35,77,46,77,48,93,76,78,59,122,122,66,89,58,74,92,54,61,46,44,26,66,23,50,40,43,48,80,71,36,44,29,55,87,59,63,74,81,63,91,83,86,213,62,57,,,,,,,,44,50,61,45,83,147,165,141,136,89,150,97,97,58,66,,,71,,,61,69,82,78,40,42,59,45,39,47,53,44,36,40,54,65,55,102,63,71,39,34,56,100,127,47,40,45,47,43,45,50,45,43,44,87,76,68,86,54,42,82,76,78,73,92,71,99,64,42,54,60,58,52,50,63,43,39,48,52,56,49,97,87,103,63,68,55,221,54,69,55,62,64,58,69,89,44,59,44,49,80,40,43,50,60,51,56,15,15,15,26,35,33,19,31,19,51,41,50,36,43,47,52,35,47,37,42,74,46,47,58,33,28,17,41,24,59,43,47,58,51,70,55,150,58,60,55,52,,,,34,31,,57,55,61,54,122,32,53,53,33,90,55,52,44,56,62,97,102,149,87,86,46,80,99,39,55,89,158,94,55,111,145,94,75,43,27,207,225,140,67,57,70,50,74,45,43,36
20190317,16,PM2.5,60,42,46,36,27,63,32,16,5,35,22,41,80,22,18,18,12,24,14,109,45,93,54,20,43,89,55,77,106,64,31,37,43,54,95,40,76,76,44,36,52,31,52,30,37,35,36,35,23,19,44,47,42,39,35,37,44,37,39,48,31,55,9,21,43,32,25,22,13,57,34,47,44,114,38,51,22,8,9,8,45,,45,20,51,19,23,35,19,22,59,40,22,14,20,38,19,28,22,31,26,27,38,33,29,24,47,16,34,37,32,5,15,20,13,21,11,18,22,17,55,57,36,92,92,47,66,36,53,68,31,43,32,13,18,38,16,17,27,30,23,58,50,23,29,16,26,64,32,24,53,42,10,27,49,63,65,23,25,,,,,,,,13,19,25,7,61,112,125,107,103,66,115,72,72,39,40,,,51,,,23,47,60,46,9,12,30,16,18,18,9,6,12,,11,7,14,17,27,17,15,17,26,15,49,21,16,14,23,13,8,15,7,9,8,64,41,48,63,25,20,60,44,47,37,68,51,74,42,29,37,37,40,24,35,44,27,27,33,34,36,17,72,60,76,41,42,38,170,29,40,32,32,45,35,26,38,23,26,29,34,58,25,30,25,42,28,38,10,10,5,15,13,23,9,10,13,35,22,35,24,25,26,32,24,28,20,11,53,19,31,40,9,13,8,25,13,18,19,10,40,17,47,35,115,19,21,18,16,,,,12,16,,36,25,32,18,92,15,25,20,12,25,28,30,8,8,15,41,30,48,43,43,4,28,74,27,21,33,55,70,32,38,79,30,42,22,8,156,174,62,48,28,19,28,29,16,14,21
20190317,16,PM2.5_24h,32,55,55,60,35,57,44,16,15,40,55,48,53,22,19,30,26,52,35,74,51,78,96,31,58,69,70,79,85,97,55,60,51,58,52,54,60,75,72,39,35,36,32,39,50,39,34,39,50,46,68,43,55,38,26,21,39,24,25,33,24,58,14,15,45,41,32,36,13,49,29,31,37,110,58,53,34,14,24,19,32,,62,44,60,63,54,54,51,71,59,51,43,35,56,42,26,21,25,28,23,25,44,32,49,47,52,25,43,49,32,20,31,36,25,26,38,30,35,25,54,68,36,55,84,60,42,51,35,39,27,36,26,14,30,65,28,20,35,55,33,50,57,45,33,23,37,63,35,27,40,41,17,17,29,54,70,58,34,,,,,,,,34,22,27,32,85,67,91,97,92,83,92,59,89,67,51,,,50,,,35,53,50,44,37,22,53,21,29,32,25,12,23,16,32,6,17,18,43,63,48,23,31,31,43,29,36,18,25,14,17,27,13,30,22,74,70,60,61,42,34,59,56,60,46,64,42,42,34,32,34,31,39,38,35,47,35,36,49,36,43,24,57,47,56,45,58,37,127,44,51,32,45,37,42,43,33,36,21,45,34,48,51,39,38,37,24,36,26,35,31,41,20,37,13,30,28,24,25,41,39,38,33,39,29,36,33,16,13,20,22,36,23,18,9,27,23,26,16,8,55,33,65,29,139,22,47,24,19,,,,26,14,,30,27,33,26,27,25,31,45,22,20,29,27,19,18,18,41,30,43,39,28,9,39,54,27,38,34,28,78,35,59,111,47,45,18,12,137,170,59,67,31,20,32,33,30,21,52
20190317,16,PM10,107,74,104,86,53,147,81,38,37,73,48,101,151,60,48,46,37,91,81,122,91,114,112,51,104,140,110,108,133,117,80,77,73,96,146,87,189,94,71,73,84,61,89,64,87,68,57,64,73,50,97,82,51,82,64,67,97,51,73,78,60,95,14,40,74,51,47,38,28,112,72,124,92,161,47,,42,31,28,56,68,,92,60,154,45,62,108,64,54,110,87,44,49,65,51,41,62,57,59,52,61,66,54,63,45,135,35,64,71,56,30,41,57,24,102,30,101,47,133,73,87,66,142,115,65,115,64,92,98,56,63,45,43,24,80,22,41,39,41,47,66,89,35,43,28,57,102,66,74,94,110,37,129,113,97,358,71,61,,,,,,,,33,49,70,43,100,148,193,174,180,113,168,98,100,64,80,,,83,,,47,86,87,103,39,30,66,44,38,46,53,15,35,,56,77,31,151,73,90,28,33,59,147,202,45,31,25,33,32,29,38,22,42,17,115,100,83,107,56,38,107,99,103,94,112,87,90,68,39,53,67,63,51,43,69,42,37,46,51,59,48,118,121,140,73,84,51,179,56,85,57,72,70,63,85,125,42,66,43,44,77,39,38,49,58,50,60,13,14,11,25,34,26,18,30,,50,40,48,35,42,46,51,28,46,36,20,,38,46,48,16,21,16,40,14,45,42,38,55,39,88,57,144,38,67,58,27,,,,14,,,61,57,70,55,,31,53,53,32,127,58,51,21,18,72,141,152,245,121,120,23,107,134,33,57,126,264,95,57,170,238,136,97,42,26,217,330,227,64,62,88,49,61,44,37,35
20190317,16,PM10_24h,73,99,121,128,85,133,94,39,38,83,106,95,125,68,53,54,55,91,66,93,107,106,135,68,129,117,132,119,120,148,107,102,86,108,88,109,110,114,126,75,58,70,58,64,110,60,62,92,143,109,131,81,68,80,48,46,81,47,56,66,65,94,20,42,72,65,50,61,34,115,69,67,81,180,78,72,63,38,49,48,55,,139,102,144,104,130,148,119,142,118,110,91,74,107,58,51,47,55,52,52,51,60,61,72,75,148,55,89,95,71,48,61,67,47,78,53,74,65,54,90,107,80,121,126,94,85,82,89,70,53,63,40,31,38,86,40,38,47,65,69,64,80,65,49,37,76,117,67,88,82,110,57,64,85,91,338,128,121,,,,,,,,84,48,82,79,127,107,145,151,126,147,143,94,116,112,86,,,104,,,64,104,84,121,136,56,110,58,85,103,48,19,46,35,57,25,29,64,70,98,61,35,49,140,79,46,58,42,42,30,32,49,28,47,41,134,133,108,108,73,58,108,119,118,98,99,69,75,49,44,39,59,63,74,64,81,50,54,76,62,68,57,115,101,96,74,103,68,164,89,99,65,86,64,73,81,73,65,50,65,43,73,72,53,63,69,43,54,36,51,40,54,31,47,20,37,38,39,38,56,51,58,55,64,36,57,49,20,19,36,35,46,47,26,17,38,22,48,38,28,71,52,77,39,185,48,89,55,26,,,,38,16,,59,68,73,55,44,55,66,76,61,66,64,71,34,42,43,74,72,94,82,61,33,248,92,45,107,110,146,130,58,218,305,207,121,45,25,204,277,249,99,58,55,51,68,62,51,70
20190317,16,SO2,8,21,22,14,15,14,9,11,5,7,17,17,19,10,10,14,10,5,11,17,19,15,12,11,11,12,17,20,17,7,6,8,9,12,16,43,22,24,14,9,8,11,11,8,14,6,6,6,13,7,9,17,7,7,4,5,11,4,5,9,5,17,7,4,9,4,16,8,3,20,15,9,46,9,11,5,27,10,6,9,13,,8,8,17,23,13,12,5,6,16,14,5,3,12,15,7,4,2,9,9,5,16,12,8,6,13,18,10,25,11,8,18,21,13,29,5,12,5,4,13,20,9,17,15,10,14,15,18,19,10,9,10,3,7,7,9,2,4,9,11,11,8,4,5,9,12,20,16,13,11,27,6,2,81,4,4,10,20,,,,,,,,10,11,7,5,16,17,24,14,22,12,23,19,14,12,11,,,10,,,7,12,14,15,8,9,10,9,9,11,9,2,5,16,6,16,11,15,13,5,10,3,18,5,9,5,3,6,4,5,6,8,7,6,15,16,9,11,21,8,6,15,6,8,12,9,18,18,9,3,6,18,7,24,7,15,12,3,4,9,10,29,16,18,14,11,11,5,11,8,7,13,19,8,7,13,16,12,3,10,13,7,8,11,4,6,9,11,4,13,6,6,9,8,7,6,2,13,11,8,4,4,10,9,5,5,7,5,20,19,17,23,3,10,1,14,19,5,13,6,12,12,10,6,5,5,6,8,5,,,,4,5,,15,22,10,6,543,12,4,12,5,10,7,9,5,7,1,20,10,9,9,6,6,5,67,8,8,17,6,6,6,7,6,14,6,5,6,10,6,6,6,15,13,7,10,15,6,12
20190317,16,SO2_24h,5,19,16,35,27,21,18,11,8,8,26,16,21,18,13,19,16,10,20,12,19,14,20,11,14,16,17,19,22,21,14,11,12,11,13,13,12,28,14,8,5,16,16,9,10,6,6,16,17,10,11,11,8,9,5,6,13,6,9,12,9,19,7,4,9,5,13,15,3,10,14,17,41,8,12,11,23,12,10,20,10,,22,22,25,29,33,28,13,17,23,33,8,6,21,13,9,4,5,10,10,8,18,15,15,10,17,42,21,58,22,20,20,19,21,39,10,14,7,12,22,27,15,16,22,14,12,16,13,11,10,7,10,2,10,8,11,2,4,10,33,12,9,3,5,12,17,13,16,13,11,14,9,5,49,4,7,17,19,,,,,,,,19,9,7,10,18,14,22,18,17,11,21,20,16,16,14,,,15,,,8,15,13,34,48,21,30,29,23,73,10,2,14,18,8,15,12,27,19,15,13,7,17,6,11,10,12,9,7,6,6,11,13,7,32,25,17,14,30,9,7,15,6,10,10,10,9,13,6,7,5,14,9,11,13,23,19,9,16,13,14,20,23,23,18,11,11,6,11,9,16,13,17,17,7,6,7,10,4,10,10,8,10,7,8,8,10,11,4,13,7,8,10,8,7,6,3,10,10,8,7,5,11,8,7,5,7,8,19,13,14,22,4,7,1,25,12,5,8,6,14,13,11,7,5,5,10,8,6,,,,5,17,,11,24,15,9,123,13,7,15,11,14,15,11,7,12,10,17,22,14,13,19,9,7,37,24,14,9,5,6,7,7,9,20,13,4,6,10,13,6,6,13,20,8,13,23,17,28
20190317,16,NO2,26,34,23,31,40,24,21,11,9,21,16,20,29,20,13,16,27,15,13,56,35,55,25,26,22,33,46,48,37,16,21,18,22,28,48,71,43,62,38,36,26,24,27,14,32,39,25,40,25,23,19,48,33,41,21,27,46,17,16,37,17,60,30,8,47,32,23,12,7,47,29,15,46,57,29,32,17,12,13,12,29,,23,19,29,28,21,25,26,18,17,14,10,18,28,21,14,8,9,19,12,5,33,10,26,8,20,13,16,20,18,11,19,22,14,27,8,13,11,9,23,34,27,43,25,13,26,21,25,49,27,34,29,8,25,17,23,4,40,25,13,31,20,15,14,17,9,42,30,70,50,32,5,4,49,23,6,18,18,,,,,,,,12,46,13,12,29,,36,30,42,20,53,31,39,15,18,,,33,,,10,12,37,21,5,10,15,14,16,11,10,5,11,6,7,4,5,15,23,13,8,10,8,4,6,7,8,4,7,7,7,11,6,5,8,19,16,14,35,11,10,23,32,9,21,18,36,29,30,24,20,24,25,24,27,25,26,29,26,19,23,22,28,24,25,15,12,19,38,6,22,19,35,24,13,23,44,13,37,29,20,21,34,28,6,17,9,23,27,19,14,19,15,23,15,21,27,31,12,32,15,20,23,26,14,22,18,1,16,13,31,20,14,20,11,27,12,5,19,8,6,5,8,14,14,8,8,10,5,,,,5,4,,39,45,21,13,32,26,8,7,13,4,15,22,10,12,14,18,8,8,4,6,2,19,59,10,20,20,8,37,24,8,20,10,11,4,21,,28,15,14,21,20,12,16,18,7,11
20190317,16,NO2_24h,42,65,42,71,61,48,53,16,26,48,55,45,49,43,42,35,42,40,41,68,83,78,99,32,53,75,81,65,65,73,42,36,32,61,44,63,48,70,61,29,36,42,34,27,74,25,23,46,67,50,65,64,53,73,21,34,59,36,39,55,30,66,30,8,50,41,20,27,13,75,38,31,57,64,47,42,45,30,33,36,21,,53,40,64,60,58,48,56,57,57,38,22,36,45,28,18,10,15,33,16,14,39,20,51,24,54,30,48,47,46,32,34,31,30,32,25,21,28,21,77,70,40,64,59,35,29,34,47,40,35,36,29,17,23,21,22,5,32,31,37,34,21,35,24,21,20,67,45,62,47,61,17,16,44,25,40,43,46,,,,,,,,52,27,32,31,64,77,61,70,58,49,84,57,58,48,41,,,77,,,18,31,42,52,48,40,51,42,44,48,16,6,25,28,19,13,9,20,32,37,27,21,20,13,20,21,20,8,13,13,15,19,8,13,23,55,48,51,56,37,27,58,55,45,74,49,44,47,20,21,17,32,28,28,35,41,32,18,32,30,25,27,63,55,50,30,42,31,48,39,51,32,48,29,27,34,30,26,25,43,22,42,29,35,23,29,18,20,23,21,17,18,18,18,15,17,16,27,20,30,28,37,27,42,19,28,28,4,12,14,22,16,31,19,12,25,11,7,19,8,13,13,12,12,41,9,27,9,8,,,,8,27,,34,62,38,38,24,35,32,31,45,16,20,34,16,22,16,28,17,16,13,10,6,21,54,42,56,37,31,42,22,35,45,38,34,10,34,44,46,20,35,22,33,28,24,33,18,25
20190317,16,O3,116,102,131,116,81,165,134,128,99,127,122,139,145,103,103,82,78,93,82,199,147,155,133,100,120,133,158,105,166,144,127,114,116,147,186,75,163,104,177,127,157,173,119,140,116,89,136,50,132,97,138,89,63,135,120,119,111,113,128,188,135,83,12,59,50,74,74,107,109,91,99,103,59,42,63,52,103,116,102,100,133,,113,125,132,131,129,130,87,114,136,133,105,83,127,59,132,107,96,135,148,100,72,145,86,119,137,99,156,145,123,82,97,86,89,79,102,79,92,85,146,122,73,111,146,153,121,130,136,33,66,42,68,83,48,25,27,88,48,86,119,61,70,87,80,65,129,83,106,41,73,108,125,110,69,71,112,109,117,,,,,,,,107,63,118,112,177,,198,168,191,189,172,142,152,163,92,,,140,,,142,139,111,160,104,114,141,108,102,97,93,95,84,111,82,83,121,89,98,93,89,75,99,86,95,104,84,90,96,91,93,100,102,53,103,153,145,123,103,129,119,143,138,117,97,154,131,128,127,49,67,72,81,79,42,51,45,40,60,65,32,87,129,127,152,127,123,115,78,133,111,96,105,66,113,122,46,125,34,61,70,72,20,46,97,67,89,22,17,30,32,20,36,24,42,35,18,47,85,77,105,104,63,55,87,63,96,119,47,138,28,59,104,65,30,77,68,123,106,102,127,120,122,76,161,117,117,106,107,,,,84,74,,31,55,76,128,84,74,122,125,91,110,105,88,98,128,111,69,117,103,122,120,92,109,50,111,121,106,100,48,41,106,112,78,96,76,64,28,18,100,136,102,87,110,152,87,103,88
20190317,16,O3_24h,117,128,131,114,99,165,135,128,99,132,122,139,145,104,105,93,89,94,86,205,144,155,171,138,143,139,161,118,166,168,133,133,122,159,197,120,193,123,178,161,157,177,127,141,137,140,149,68,132,101,132,110,70,196,126,124,166,120,178,189,148,103,32,84,65,82,78,113,120,108,114,122,101,47,66,60,104,116,102,100,156,,142,125,138,131,135,146,96,116,136,133,119,91,131,63,146,148,145,138,148,147,91,153,99,120,137,99,156,145,123,84,97,88,92,79,103,83,103,93,147,129,93,117,146,153,132,152,136,111,112,97,91,90,71,112,52,110,97,93,119,78,69,88,92,74,129,109,124,122,115,123,126,114,109,80,124,111,117,,,,,,,,107,98,118,112,213,117,198,179,191,189,177,149,154,167,127,,,153,,,156,149,128,160,105,114,147,108,103,97,93,95,85,111,83,84,121,95,98,93,90,75,102,91,96,113,85,94,99,91,95,104,104,66,103,153,146,137,105,136,119,143,140,136,97,148,143,131,152,89,87,79,95,97,56,66,76,88,72,70,49,105,129,128,153,141,153,130,135,143,116,106,118,114,118,126,98,139,106,64,91,76,42,59,98,72,89,54,34,40,53,86,47,52,49,57,47,83,102,88,111,104,69,92,92,89,96,119,71,138,76,68,108,70,45,83,68,123,106,102,139,120,131,77,161,119,122,106,110,,,,88,94,,111,89,97,123,145,125,122,128,123,122,118,122,118,138,126,88,143,124,142,141,108,109,113,115,128,106,105,56,71,175,122,78,102,87,64,28,26,104,151,134,89,113,160,87,103,96
20190317,16,O3_8h,64,76,84,66,68,102,87,94,70,83,88,90,88,70,75,71,71,84,76,123,92,104,118,94,93,93,113,79,108,119,103,100,90,91,136,73,125,83,115,121,106,127,86,107,86,75,119,38,82,78,72,59,35,94,113,108,92,100,99,119,119,69,13,62,32,54,60,94,94,57,82,89,40,33,33,34,67,87,71,82,114,,93,96,103,108,100,102,74,93,102,102,94,75,111,48,128,107,100,99,126,94,43,123,60,94,96,70,94,78,73,62,76,72,68,66,91,71,86,76,97,79,68,69,87,107,104,96,93,21,45,43,39,45,46,22,25,99,42,50,85,30,40,50,60,52,85,66,91,31,56,72,114,91,54,58,74,87,86,,,,,,,,86,79,96,89,130,62,119,104,126,117,114,95,106,107,85,,,106,,,112,108,88,97,68,82,96,68,66,66,80,87,60,79,74,76,104,80,69,78,77,61,85,83,86,93,78,89,93,84,88,98,89,51,86,98,104,102,71,94,83,88,97,89,69,104,96,105,115,39,57,66,64,71,29,33,33,42,45,42,28,78,82,89,103,101,90,88,54,94,63,70,76,43,83,85,54,87,25,52,53,41,31,45,56,40,44,15,21,26,29,18,27,27,36,35,20,33,53,59,66,52,51,32,62,42,62,82,47,90,35,54,62,54,30,63,47,109,80,92,97,100,105,60,89,108,66,99,101,,,,67,60,,30,38,49,79,71,60,95,79,63,90,88,68,87,106,106,67,116,99,120,101,90,96,27,58,78,87,80,40,40,87,69,55,60,40,39,18,13,85,102,85,70,82,127,62,84,70
20190317,16,O3_8h_24h,64,77,84,66,68,102,87,94,70,83,88,90,88,70,75,71,72,84,76,123,92,104,118,97,93,93,113,79,108,119,103,100,90,92,136,73,127,89,115,128,106,127,86,107,86,93,136,41,82,80,65,59,35,94,116,108,92,100,99,119,119,73,28,78,35,55,60,97,104,57,84,100,49,33,33,34,67,87,71,82,136,,93,96,103,108,100,102,74,93,102,102,94,77,111,51,128,131,107,99,126,107,53,123,60,96,96,70,94,78,74,62,76,72,68,66,91,71,86,76,97,79,70,69,87,107,104,98,93,24,50,44,46,46,60,49,30,100,53,52,89,30,40,50,66,57,85,66,91,31,56,72,114,91,58,62,74,87,86,,,,,,,,86,86,96,89,130,62,119,104,126,117,114,95,106,107,95,,,106,,,112,108,115,97,68,82,96,68,66,66,80,87,60,79,74,76,104,80,69,78,77,61,85,84,86,93,78,89,93,84,88,98,96,63,86,98,104,102,72,94,83,88,97,89,71,104,96,105,134,42,62,68,64,71,29,39,36,57,64,55,45,78,82,89,103,101,91,88,58,94,66,74,76,74,83,85,59,87,30,52,55,41,31,46,56,40,44,42,32,33,38,25,27,46,40,42,37,47,53,59,66,52,46,32,63,45,62,82,47,90,42,56,62,69,40,63,47,109,80,92,97,102,105,60,89,111,66,99,101,,,,67,77,,30,42,50,79,141,60,95,79,63,90,95,69,87,106,116,70,132,112,139,101,94,96,27,58,78,87,80,40,71,89,69,55,60,40,40,18,13,85,102,85,70,82,127,62,84,70
20190317,16,CO,0.483,0.933,0.725,0.72,0.6,0.733,0.42,0.725,0.4,0.625,0.4,0.567,0.65,0.511,0.575,0.545,0.46,0.54,0.485,1.03,0.756,0.65,0.58,0.72,0.457,0.667,0.888,0.988,0.725,0.675,0.36,0.68,0.66,0.718,0.837,0.833,0.767,1.034,0.7,0.5,0.6,0.4,0.533,0.6,0.57,0.7,0.45,0.722,0.436,0.556,0.556,1.13,0.81,0.66,0.633,0.6,0.775,0.6,0.575,0.68,0.54,0.767,0.838,0.58,0.709,0.589,0.522,0.613,0.433,0.97,0.9,0.925,1.043,2.9,1.043,0.85,0.633,0.48,0.225,0.567,0.55,,0.375,0.633,0.7,0.7,0.5,0.4,0.4,0.4,0.667,0.533,0.167,0.333,0.5,0.8,0.467,0.567,0.4,0.733,0.55,0.6,0.667,0.667,0.7,0.45,0.667,0.575,0.82,1.238,0.667,0.233,0.75,0.8,0.88,0.66,0.429,0.68,0.42,0.28,0.775,0.88,0.433,0.714,0.92,0.733,0.75,0.625,0.8,0.88,0.7,1.383,0.875,0.675,0.8,0.9,0.675,0.55,0.55,0.72,0.48,0.625,0.467,0.425,0.483,0.617,0.6,0.98,0.575,0.825,0.957,1.125,0.533,0.3,3.075,0.84,0.467,0.6,0.65,,,,,,,,0.8,0.7,0.7,0.45,0.8,,0.8,0.6,1,0.85,1.233,0.9,0.8,1.05,0.5,,,0.45,,,0.4,0.65,0.7,0.817,0.42,0.533,0.68,0.467,0.7,0.467,0.467,0.3,0.467,0.2,0.333,0.1,0.433,0.4,0.425,0.35,0.6,0.4,0.7,0.55,0.1,0.433,0.367,0.35,0.4,0.333,0.3,0.433,0.467,0.3,0.45,0.533,0.417,0.6,1.15,0.66,0.4,0.575,0.533,0.433,0.525,0.4,0.767,0.8,0.76,0.6,0.775,0.667,0.767,0.46,0.72,0.767,0.325,1.06,0.55,0.471,0.85,0.45,0.633,0.9,1.125,0.767,0.433,0.72,1.257,0.267,0.72,0.775,0.8,0.74,0.85,0.8,1.225,0.567,0.9,0.75,0.775,1.12,0.98,0.62,0.5,0.54,0.567,0.95,0.867,1,0.675,0.933,0.75,0.6,0.6,0.85,0.8,0.6,0.475,0.45,0.54,0.475,0.54,0.46,0.35,0.5,0.42,0.3,0.3,0.88,0.7,0.575,0.55,0.5,,0.4,0.1,0.5,0.8,0.667,0.7,0.6,0.65,1.05,,0.55,0.75,0.85,0.4,,,,0.5,0.4,,1.1,0.871,0.6,0.4,0.8,0.633,0.35,0.3,0.25,0.45,0.467,0.8,0.4,0.5,0.4,0.5,0.4,0.6,0.5,1.1,0.3,0.2,0.967,0.533,0.533,0.9,1.3,1.767,0.15,0.35,0.55,0.2,0.533,1.4,0.3,1.9,3.6,0.1,0.65,0.525,0.575,0.833,0.625,0.8,0.675,0.55
20190317,16,CO_24h,0.575,1.228,0.75,1.767,1.1,0.8,0.68,0.74,0.58,0.9,0.8,0.667,0.65,0.722,0.963,0.582,0.65,0.91,0.877,0.92,0.944,0.763,0.8,0.74,0.714,0.833,1.05,0.978,0.85,1.025,0.52,0.8,0.74,0.882,0.775,0.825,0.878,1.031,0.933,0.6,0.6,0.6,0.567,0.567,0.76,0.6,0.425,0.778,0.827,0.822,0.711,0.95,0.99,0.72,0.558,0.525,0.8,0.425,0.6,0.68,0.56,0.8,0.863,0.54,0.764,0.678,0.48,0.7,0.467,0.8,0.65,1.05,1.143,2.543,1.086,0.95,1.017,0.68,0.425,0.767,0.425,,0.9,0.967,0.967,1.267,1.333,0.72,0.8,1,0.9,1.167,0.333,0.533,0.833,0.86,0.55,0.55,0.567,0.767,0.55,0.667,0.733,0.733,0.867,0.933,1.033,2.067,1.3,1.3,0.8,0.625,1.214,0.7,1.26,0.74,0.757,0.88,0.7,0.4,1.025,0.92,0.489,0.771,1.18,0.833,0.717,0.675,0.7,0.74,0.633,1.083,0.92,0.675,0.8,0.95,0.733,0.65,0.5,0.733,1.22,0.675,0.65,0.575,0.55,0.617,1,1,0.575,1,0.913,0.675,0.733,0.35,1.425,0.84,0.6,1.1,0.65,,,,,,,,1.4,0.8,0.95,1.05,0.967,1.1,0.8,0.9,0.85,1,1.1,0.95,0.9,1.3,0.6,,,0.75,,,0.5,0.825,0.7,2.167,0.76,0.667,2.1,0.567,0.867,1.033,0.5,0.3,0.667,0.4,0.7,0.1,0.5,0.42,0.55,0.9,0.95,0.6,1,0.6,0.35,0.6,0.75,0.475,0.525,0.367,0.4,0.6,0.467,0.4,0.7,0.85,0.633,0.8,1.233,0.72,0.567,0.75,0.667,0.6,0.675,0.5,0.7,0.7,0.56,0.525,0.65,0.725,0.867,0.46,0.84,0.883,0.36,1.06,0.675,0.629,0.95,0.4,1.1,1.075,1.075,0.8,0.525,0.76,0.971,0.5,1.25,0.875,0.733,0.66,0.95,0.85,0.6,0.7,0.7,1,0.78,1.24,0.98,0.54,0.7,0.6,0.833,0.95,0.9,1.133,0.7,0.833,0.8,0.55,0.6,0.85,0.8,0.5,0.5,0.55,0.7,0.675,0.783,0.66,0.425,0.5,0.54,0.667,0.2,0.66,0.6,0.55,0.65,0.55,0.1,0.5,0.2,0.55,0.75,0.667,0.85,0.8,0.95,1,1.6,0.55,1.05,0.85,0.5,,,,0.967,0.5,,1,1.014,0.7,0.55,0.9,0.7,0.6,0.6,0.6,0.55,0.567,0.65,0.5,0.9,0.3,0.5,0.5,1,0.6,1.2,0.4,0.3,0.967,0.733,0.9,0.95,1.35,1.667,0.25,0.7,1.2,0.85,1,2.1,0.6,1.8,3.4,0.1,0.85,0.5,0.625,1,0.7,1.125,0.85,1.167
20190317,17,AQI,82,69,98,77,60,103,60,54,40,58,52,94,98,57,47,46,38,84,82,144,74,141,76,53,77,94,91,116,133,78,65,69,65,82,110,72,101,94,80,76,70,85,72,66,61,58,71,59,68,52,67,67,70,66,65,62,76,56,61,81,74,85,20,41,64,51,51,54,50,84,62,95,72,168,56,72,43,49,42,52,69,,71,66,97,66,62,82,56,54,80,72,50,45,63,63,78,57,55,62,81,53,60,81,57,56,95,42,60,65,56,36,51,58,39,83,49,68,47,89,80,71,57,126,120,69,89,66,88,97,56,65,46,41,29,53,26,50,44,46,53,80,74,45,49,29,56,87,58,61,69,91,66,138,92,82,382,68,62,,,,,,,,57,53,56,50,115,137,125,106,109,85,136,98,86,82,62,,,80,,,71,68,78,88,40,46,60,40,40,42,63,47,35,47,65,59,58,93,64,68,41,35,70,104,139,51,41,46,48,44,46,51,47,46,48,78,71,71,69,56,47,87,70,73,69,103,78,110,66,42,48,53,56,55,46,61,61,39,47,49,55,53,100,77,91,63,69,53,224,57,62,57,66,66,64,77,80,50,59,45,50,80,42,48,53,56,45,59,17,15,15,20,27,28,26,24,18,43,42,55,38,40,50,54,36,33,36,47,26,52,55,54,38,29,16,42,26,63,57,48,61,61,74,59,132,60,63,57,57,,,,37,32,,53,56,46,49,66,33,56,66,37,140,47,48,45,61,113,98,95,144,98,61,46,83,92,39,48,90,145,100,55,114,132,86,68,48,23,212,185,128,66,55,64,47,83,55,46,37
20190317,17,PM2.5,57,43,64,39,31,63,30,17,9,32,27,59,72,25,17,15,12,23,18,110,48,107,53,19,48,68,67,87,101,52,31,42,46,60,82,42,53,70,43,35,50,29,52,34,41,35,41,36,27,22,38,48,50,37,36,39,45,39,41,54,31,62,11,20,45,30,29,21,10,59,41,38,42,127,39,52,20,12,10,10,49,,43,24,47,23,24,37,18,26,55,52,26,16,25,44,22,31,24,35,28,30,42,34,35,24,50,17,28,42,37,5,19,20,15,25,16,19,20,19,58,51,35,95,90,47,63,39,65,72,29,46,32,13,20,29,18,18,29,32,22,58,53,26,29,16,24,64,34,23,49,52,11,36,50,60,72,28,24,,,,,,,,27,19,22,7,86,104,94,75,81,62,103,73,63,60,38,,,58,,,25,38,57,57,9,11,32,11,15,17,15,7,10,17,15,5,17,27,21,17,14,16,24,19,35,23,15,14,18,12,12,19,9,12,13,54,40,48,47,24,17,64,41,41,39,76,57,82,38,29,33,36,39,28,32,40,43,27,31,32,37,21,75,56,65,41,33,33,173,29,34,32,33,47,45,42,46,23,24,31,35,58,27,33,28,33,22,38,10,8,6,14,9,19,11,11,12,30,18,38,24,28,28,35,25,22,15,9,18,17,35,37,6,17,9,26,15,17,17,9,43,18,53,33,100,18,19,19,18,,,,13,15,,31,23,21,14,47,14,24,25,14,28,24,24,8,10,26,43,25,48,39,30,4,27,63,27,21,32,50,75,35,38,74,30,44,21,7,161,139,43,47,30,22,31,29,19,15,21
20190317,17,PM2.5_24h,34,55,57,60,36,59,44,16,15,41,55,49,56,22,20,30,26,51,35,76,52,80,97,31,59,70,72,81,88,97,54,60,51,58,54,54,61,76,71,39,36,36,33,39,51,39,34,40,50,45,69,44,55,37,27,22,39,25,25,34,25,59,14,16,45,40,32,36,14,50,30,31,39,109,58,52,35,14,23,18,33,,63,43,60,63,54,55,50,69,60,53,42,34,55,42,26,22,25,29,24,26,44,32,49,47,53,26,43,49,33,20,30,37,25,27,38,30,35,25,55,68,36,59,87,61,44,51,36,41,28,37,28,14,29,64,28,20,36,55,32,51,57,45,33,23,37,65,35,27,42,41,17,18,31,55,71,57,34,,,,,,,,34,21,26,31,86,73,92,99,93,85,95,60,90,71,51,,,51,,,34,53,51,46,37,23,53,22,28,31,25,12,23,21,32,6,17,19,43,65,47,24,31,32,44,29,36,18,25,14,18,27,12,30,22,75,70,60,62,42,34,61,57,60,47,65,43,45,34,31,34,31,39,38,35,47,35,36,48,36,43,24,59,48,58,45,57,37,128,44,51,32,45,38,42,44,34,36,22,44,34,50,50,38,39,37,24,36,24,33,29,40,19,35,13,28,27,26,25,41,39,39,34,40,28,35,33,16,13,20,22,36,22,18,9,27,23,25,16,8,54,32,66,29,138,22,46,23,19,,,,26,15,,31,27,33,27,24,26,31,45,22,21,29,28,18,18,19,41,30,43,39,29,9,40,56,28,38,34,30,77,35,59,110,47,44,19,12,129,168,59,67,31,20,33,33,30,21,51
20190317,17,PM10,112,86,143,102,67,154,68,41,26,63,52,136,143,62,46,45,37,115,111,128,95,122,99,53,102,136,126,122,137,104,78,86,72,99,130,92,150,93,77,65,85,76,90,56,69,63,60,65,83,52,82,82,56,80,65,72,99,53,69,86,59,98,19,40,76,50,50,38,22,115,71,138,91,190,51,57,42,31,28,52,80,,89,79,141,55,71,112,59,55,107,86,46,44,74,52,40,61,57,71,49,53,64,52,61,44,138,41,63,78,59,29,50,64,28,114,34,83,46,125,82,84,61,151,123,70,126,79,96,106,60,68,44,40,24,53,19,40,43,43,54,82,81,44,48,28,59,99,64,70,83,129,38,223,132,99,484,83,71,,,,,,,,62,53,52,45,109,155,146,159,165,107,186,87,101,,71,,,92,,,53,77,85,124,38,30,68,39,39,41,74,11,30,24,77,65,41,133,75,84,27,33,87,155,225,42,30,28,40,30,30,38,17,45,25,103,90,89,85,53,37,110,87,94,86,118,100,94,68,29,12,53,47,58,44,70,54,38,46,48,57,54,131,91,130,74,85,53,177,52,71,61,80,78,73,102,107,38,66,36,41,75,41,39,54,59,44,66,16,14,9,18,26,23,25,23,,38,41,51,33,38,49,56,28,32,34,21,,36,57,48,23,27,14,41,,42,62,39,56,34,73,66,138,34,73,61,34,,,,13,,,53,59,45,48,75,27,55,79,32,228,45,47,25,19,173,143,137,236,144,63,21,113,132,28,47,128,237,100,57,175,211,120,83,47,19,228,234,204,61,58,75,44,62,57,43,36
20190317,17,PM10_24h,76,100,125,128,87,138,94,40,37,83,105,99,130,68,54,55,55,103,69,95,108,107,136,68,130,119,135,121,123,148,106,101,86,109,91,110,111,114,123,75,58,71,60,64,111,60,62,91,143,106,132,81,68,80,49,48,82,47,57,67,66,94,19,42,72,65,50,60,34,116,69,71,82,178,78,71,63,38,48,48,56,,139,101,148,104,129,149,117,139,120,111,89,72,105,57,51,47,55,54,52,51,60,60,72,74,150,56,91,95,72,47,61,68,47,80,54,76,65,59,91,108,80,125,129,95,88,83,90,73,54,64,41,33,37,85,39,38,47,65,68,66,80,64,49,37,75,119,67,89,84,114,56,71,89,91,347,126,121,,,,,,,,83,48,80,77,127,117,147,155,130,149,148,94,118,124,87,,,105,,,64,104,85,125,136,58,111,58,84,103,50,19,47,37,59,28,30,66,72,106,61,35,51,144,91,46,58,42,43,30,33,49,27,48,41,135,133,109,109,73,57,109,120,120,99,100,70,77,49,43,39,59,62,74,63,80,50,53,74,61,67,57,117,103,101,74,103,68,165,89,99,66,86,65,73,80,75,65,52,64,43,74,70,53,64,69,43,55,33,48,37,53,30,45,20,35,38,40,39,56,51,57,56,64,34,56,48,20,19,36,34,46,46,26,17,39,22,48,38,28,71,51,77,39,184,47,88,53,26,,,,38,16,,59,68,72,50,46,55,66,78,61,73,65,71,33,41,48,76,74,101,86,62,33,251,96,46,106,113,153,129,58,216,304,205,120,46,24,197,274,245,98,59,57,52,68,63,49,72
20190317,17,SO2,9,21,26,17,15,15,8,10,6,6,16,20,14,12,12,12,11,6,12,14,18,15,13,11,10,11,17,20,16,32,6,8,9,13,15,15,15,21,12,8,8,13,12,9,18,5,7,5,17,6,8,16,7,7,4,4,12,5,4,12,5,19,7,3,8,4,17,8,2,22,14,7,46,10,10,5,27,11,6,9,14,,8,10,18,21,13,13,5,7,16,18,5,4,11,12,8,4,3,9,8,5,13,13,9,6,11,17,9,25,10,8,19,23,18,40,6,12,6,4,14,16,7,18,16,11,13,16,19,17,11,11,8,3,8,6,7,3,4,10,19,10,10,3,5,9,11,18,15,11,8,26,5,4,56,4,4,11,27,,,,,,,,12,10,7,5,17,18,20,9,18,12,17,21,14,18,11,,,9,,,7,11,12,18,8,9,11,7,10,6,16,2,5,20,5,14,11,14,13,5,8,4,12,5,11,6,3,6,3,5,6,10,6,3,15,17,11,11,13,8,6,16,6,10,10,9,22,19,9,3,5,18,5,16,6,16,13,3,4,10,7,38,16,17,12,11,9,5,11,8,10,19,17,8,8,13,13,11,4,9,10,4,8,9,4,5,10,11,4,11,6,6,8,7,8,6,3,12,15,9,4,4,8,8,6,4,7,5,26,14,19,30,3,16,1,15,22,5,9,6,13,13,9,5,5,5,6,9,5,,,,4,5,,15,21,7,4,223,11,4,10,6,8,7,6,5,6,1,10,7,9,9,6,7,6,50,7,8,18,2,6,9,11,6,14,5,4,6,9,5,6,6,15,16,7,9,17,7,16
20190317,17,SO2_24h,5,20,17,35,27,21,17,11,9,8,26,17,22,18,13,19,15,9,20,13,19,14,20,11,14,16,17,19,22,22,14,11,12,11,13,13,12,28,14,8,5,15,16,9,10,6,6,15,17,10,12,11,8,9,5,6,13,6,8,12,9,20,7,4,9,5,13,15,3,11,14,17,42,8,12,10,24,12,11,20,10,,22,22,25,29,33,28,13,17,23,33,8,6,20,12,9,4,5,10,10,7,18,15,15,10,17,43,21,58,23,20,20,20,21,40,10,15,7,12,22,28,15,16,22,14,12,16,14,11,10,7,10,2,10,8,11,2,4,10,32,12,9,3,5,12,17,13,16,13,11,15,9,4,50,4,7,17,20,,,,,,,,19,9,7,10,18,13,22,18,17,11,21,20,16,15,14,,,15,,,8,15,13,34,48,20,30,29,23,73,10,2,14,22,8,15,12,27,19,14,12,7,18,6,11,10,12,9,7,6,6,11,13,7,32,25,17,14,30,9,7,15,6,11,10,10,10,13,6,7,5,14,8,12,13,23,19,9,16,13,13,21,24,23,19,11,11,5,11,9,16,13,17,17,7,8,8,10,4,10,10,8,10,7,8,8,10,11,4,12,7,7,10,7,7,6,3,11,10,7,7,5,11,8,7,5,7,8,20,13,14,22,4,8,1,26,12,5,8,6,14,13,12,6,5,5,9,8,6,,,,5,17,,12,24,15,8,94,13,7,15,11,14,15,11,7,12,9,17,22,14,12,18,9,7,38,24,14,9,5,6,7,7,9,20,13,4,5,9,12,6,6,13,19,8,13,23,17,29
20190317,17,NO2,23,37,31,40,44,23,20,14,13,21,21,25,26,26,16,16,33,17,16,61,35,66,30,26,25,33,56,54,43,15,23,20,24,31,55,69,34,61,37,40,29,33,56,15,35,36,29,43,29,24,18,63,36,53,21,31,49,23,18,47,19,79,33,9,50,31,24,13,8,55,32,12,42,64,32,29,18,13,14,13,32,,28,21,23,29,24,30,26,23,19,21,14,27,31,22,16,9,10,28,12,6,34,12,35,8,20,16,16,23,18,13,22,25,19,30,10,18,14,9,29,31,24,51,24,15,27,23,26,52,31,33,20,9,27,16,24,4,39,26,16,33,17,15,19,19,10,40,34,61,44,40,6,6,48,26,6,20,19,,,,,,,,17,57,14,13,44,40,35,28,36,30,49,34,36,25,21,,,36,,,10,12,44,28,7,12,16,15,20,9,19,5,11,8,7,4,6,17,22,18,9,12,8,5,8,11,10,4,7,7,8,13,8,5,9,21,18,17,22,11,16,29,31,9,20,17,41,37,35,34,18,24,22,29,28,26,33,33,29,20,23,29,29,23,20,16,11,19,40,9,26,22,40,28,18,28,38,14,42,28,22,24,36,29,7,18,14,26,27,19,21,20,12,24,18,24,14,29,14,31,15,19,28,26,16,19,17,1,13,12,32,26,13,26,10,34,17,5,25,8,6,5,10,14,15,8,10,11,5,,,,5,4,,38,42,15,12,25,25,10,6,12,5,14,15,10,12,13,13,8,9,6,3,2,19,54,10,23,20,6,39,27,11,17,10,9,4,19,42,30,14,15,25,27,16,19,20,9,14
20190317,17,NO2_24h,43,65,43,71,62,49,53,16,26,48,55,46,50,44,42,35,42,40,41,69,83,79,98,32,54,76,82,65,67,72,41,36,32,61,45,64,48,70,60,30,36,42,36,26,74,26,23,46,67,48,65,65,52,73,21,34,59,35,39,55,30,66,30,8,50,40,20,27,13,78,38,30,58,64,46,42,46,30,32,35,21,,53,40,64,60,58,49,56,56,57,39,21,36,46,28,17,10,14,33,15,13,39,20,51,24,54,30,48,47,47,32,34,31,30,32,25,21,27,21,77,70,39,65,59,34,29,34,47,41,35,36,30,17,23,21,22,5,33,31,36,33,21,35,25,21,20,67,46,63,49,62,17,15,45,25,40,43,46,,,,,,,,52,28,32,30,64,67,61,70,58,50,85,58,59,53,40,,,77,,,18,32,42,53,48,43,51,42,44,48,17,6,25,35,19,13,9,20,32,39,27,21,20,13,20,20,20,8,13,13,15,19,8,13,22,55,48,51,55,36,27,58,55,45,74,49,44,48,21,22,17,31,28,28,35,39,32,19,31,29,24,28,63,56,50,30,42,31,48,39,51,32,48,30,28,26,31,26,27,43,22,42,29,35,23,28,19,21,22,21,17,19,17,18,15,17,16,28,20,30,28,37,27,42,19,28,27,4,12,14,22,17,31,19,12,26,12,7,19,8,13,13,11,12,41,9,27,9,8,,,,8,26,,35,62,37,35,22,36,32,31,45,16,20,34,16,22,16,27,17,15,13,10,6,22,56,41,56,37,31,42,22,35,45,38,34,10,33,45,46,20,34,22,33,28,24,33,19,27
20190317,17,O3,120,103,123,117,84,168,128,126,98,123,121,145,154,100,105,85,68,89,81,174,155,154,125,100,121,118,161,104,154,120,127,112,113,151,168,69,139,108,173,118,156,154,96,132,120,92,128,43,131,97,136,76,54,113,119,114,91,112,126,178,131,61,9,62,47,75,71,105,105,79,96,104,68,42,61,52,108,122,108,100,138,,100,135,149,128,124,125,83,108,132,133,101,78,124,55,135,105,94,115,149,97,61,138,67,121,134,93,154,141,124,82,99,82,86,81,100,78,85,80,146,135,70,100,144,150,121,130,146,31,62,53,77,79,43,28,29,86,51,88,116,69,77,89,74,61,123,85,104,56,67,94,123,109,69,70,114,102,119,,,,,,,,128,51,117,111,161,194,162,135,176,165,146,134,145,161,87,,,148,,,143,136,105,146,103,112,143,107,99,100,88,97,84,116,81,82,121,86,89,94,80,74,98,80,97,100,79,89,94,88,90,96,99,54,103,152,142,117,121,127,111,128,140,118,90,138,127,125,114,39,78,69,71,67,37,49,34,37,55,60,36,70,130,123,139,122,124,114,77,128,104,93,93,59,104,108,50,122,31,61,67,74,20,39,98,69,89,20,16,25,24,16,38,22,38,30,28,49,86,84,108,106,59,63,87,72,98,123,56,129,28,53,105,60,28,68,61,120,89,102,126,120,116,103,,115,118,104,109,,,,83,73,,34,63,80,,93,81,119,124,95,108,107,100,98,128,110,65,119,101,115,130,91,110,61,110,114,105,102,48,39,104,112,78,100,74,57,32,24,96,136,91,82,101,144,90,101,84
20190317,17,O3_24h,121,129,132,113,98,168,135,128,100,132,122,145,154,104,106,93,88,94,85,206,156,156,171,131,134,139,165,119,168,168,129,118,116,161,197,113,193,123,178,158,157,177,125,140,137,140,147,66,133,101,133,109,69,187,126,125,163,120,141,190,149,102,33,83,63,85,78,113,116,108,109,119,98,48,67,59,108,122,108,101,153,,127,135,149,131,135,137,96,116,136,133,107,92,128,63,146,148,145,138,149,143,83,153,98,121,137,99,156,145,126,84,100,88,92,82,103,83,103,88,147,135,91,114,146,153,132,134,146,103,100,91,86,90,71,78,52,110,88,91,119,76,77,90,90,70,129,98,120,116,110,119,125,111,103,80,124,111,119,,,,,,,,128,94,118,112,213,155,198,179,191,189,177,147,154,170,127,,,153,,,154,144,125,160,105,116,147,108,102,100,93,97,85,116,82,84,121,95,98,94,90,75,102,91,97,113,85,94,99,91,95,104,103,65,103,155,146,125,121,136,119,143,141,130,97,148,143,131,151,87,89,79,95,94,49,66,76,88,73,70,51,105,133,127,153,131,142,117,132,137,114,105,118,113,118,134,95,132,94,64,86,77,42,57,99,73,90,53,34,40,50,72,45,52,47,45,45,78,91,88,112,107,69,79,92,88,99,123,71,138,76,68,108,70,45,83,68,123,106,103,135,120,129,103,161,119,118,106,111,,,,88,81,,101,92,96,113,138,119,122,126,116,120,116,119,109,135,126,88,140,124,142,141,108,110,113,115,128,106,105,55,71,175,122,79,102,87,64,34,26,104,151,132,89,113,160,90,103,94
20190317,17,O3_8h,77,87,97,78,77,121,102,103,78,97,100,105,104,79,85,78,75,88,79,142,108,122,130,97,103,105,130,90,124,130,110,104,97,107,153,76,135,92,134,130,120,140,94,118,100,80,123,42,96,86,88,68,41,105,116,112,99,105,110,136,127,64,11,63,36,63,63,103,99,67,86,93,46,36,40,38,78,97,82,90,120,,99,106,119,117,112,108,81,101,112,110,98,79,113,50,132,107,100,111,135,97,48,135,68,105,106,78,110,90,86,70,83,78,76,72,96,75,90,79,111,92,72,80,102,121,110,107,108,24,50,47,48,53,46,22,26,98,47,58,98,37,48,59,64,55,100,75,98,37,63,83,118,98,60,60,87,94,97,,,,,,,,99,76,106,99,147,113,136,119,144,136,131,110,121,128,91,,,120,,,123,120,98,114,79,90,110,79,77,75,85,93,68,92,77,79,108,85,76,83,81,68,92,84,94,100,80,90,95,87,90,100,92,53,94,113,118,109,82,105,93,97,110,97,78,117,107,113,117,41,61,69,69,77,33,36,36,42,48,47,30,84,96,101,116,109,102,100,61,107,73,79,85,48,93,104,57,99,28,55,57,49,29,44,67,45,54,16,20,27,29,18,30,26,37,33,22,36,60,66,74,64,53,39,70,48,71,93,48,101,35,55,75,56,31,67,51,114,83,95,108,112,107,68,101,110,80,100,107,,,,72,63,,32,45,57,87,78,65,106,93,72,97,93,77,89,112,107,68,118,101,120,111,91,99,32,69,91,92,86,42,39,89,77,62,69,46,44,20,16,88,117,89,74,92,138,71,91,73
20190317,17,O3_8h_24h,77,87,97,78,77,121,102,103,78,97,100,105,104,79,85,78,75,88,79,142,108,122,130,100,103,105,130,90,124,130,110,104,97,108,153,76,138,97,134,133,120,140,94,118,100,94,137,45,96,87,78,68,41,105,117,112,99,105,110,136,127,68,29,78,39,60,63,104,105,67,88,101,52,36,40,38,78,97,82,90,136,,99,106,119,117,112,108,81,101,112,110,98,79,113,53,132,131,107,111,131,107,54,135,68,105,106,78,110,90,86,70,83,78,76,72,96,75,90,79,111,92,73,80,102,121,110,107,108,25,51,48,54,53,60,49,30,100,57,58,99,37,48,59,66,58,100,75,98,37,63,83,118,98,62,63,87,94,97,,,,,,,,99,86,106,99,147,113,136,119,144,136,131,110,121,128,101,,,120,,,123,120,115,114,79,90,110,79,77,75,85,93,68,92,77,79,108,85,76,83,81,68,92,86,94,100,80,90,95,87,90,100,96,63,94,113,118,109,82,105,93,97,110,97,78,117,107,113,134,43,65,71,69,77,33,41,38,57,64,57,46,84,96,101,116,109,102,100,65,107,76,82,85,74,93,104,62,99,30,55,57,49,31,46,67,45,54,42,32,33,38,25,30,46,40,42,37,47,60,66,74,64,48,39,70,49,71,93,48,101,42,56,75,69,40,67,51,114,83,95,108,112,107,68,101,112,80,100,107,,,,72,77,,32,49,57,87,114,65,106,93,72,97,96,77,89,112,116,70,132,112,139,111,94,99,32,69,91,92,86,42,71,92,77,62,69,46,46,20,16,88,117,89,74,92,138,71,91,73
20190317,17,CO,0.467,1.017,0.763,1.167,0.64,0.8,0.4,0.7,0.54,0.6,0.4,0.667,0.525,0.522,0.588,0.5,0.46,0.55,0.538,0.93,0.778,0.7,0.6,0.76,0.471,0.617,0.913,1.044,0.8,0.533,0.4,0.8,0.66,0.718,0.863,0.825,0.717,0.994,0.667,0.567,0.7,0.467,0.6,0.7,0.63,0.817,0.525,0.744,0.455,0.556,0.513,1.1,0.87,0.638,0.625,0.625,0.788,0.625,0.625,0.74,0.56,0.875,0.857,0.6,0.705,0.588,0.52,0.613,0.45,1.013,1.017,0.775,0.971,3.114,0.986,0.8,0.633,0.54,0.267,0.567,0.65,,0.45,0.633,0.767,0.7,0.517,0.44,0.38,0.48,0.767,0.633,0.2,0.367,0.475,0.84,0.517,0.567,0.45,0.833,0.6,0.667,0.7,0.7,0.733,0.4,0.667,0.55,0.8,1.425,0.65,0.3,0.786,0.85,1.02,0.68,0.457,0.7,0.42,0.3,0.8,0.66,0.4,0.786,0.96,0.733,0.7,0.65,0.9,0.92,0.733,1.333,0.84,0.675,0.8,0.875,0.7,0.55,0.525,0.68,0.66,0.667,0.5,0.45,0.5,0.617,0.5,0.96,0.65,0.725,0.875,1.125,0.533,0.35,2.575,0.84,0.467,0.65,0.45,,,,,,,,0.8,0.8,0.65,0.45,0.933,1.3,0.6,0.5,0.8,0.85,1.033,0.85,0.8,1.3,0.5,,,0.45,,,0.425,0.625,0.7,0.9,0.48,0.65,0.7,0.5,0.733,0.367,0.4,0.3,0.467,0.25,0.3,0.1,0.433,0.46,0.4,0.4,0.6,0.45,0.7,0.5,0.1,0.467,0.35,0.35,0.3,0.333,0.32,0.433,0.467,0.3,0.45,0.583,0.433,0.567,0.683,0.66,0.4,0.65,0.533,0.467,0.55,0.5,0.867,0.9,0.7,0.625,0.725,0.7,0.767,0.5,0.78,0.767,0.45,1.1,0.6,0.514,0.825,0.5,0.567,0.9,0.9,0.833,0.35,0.7,1.271,0.333,0.733,0.75,0.733,0.78,1,,1.075,0.6,0.9,0.8,0.86,1.04,0.98,0.65,0.54,0.5,0.6,1.025,0.867,0.867,0.75,0.933,0.65,0.65,0.65,0.95,0.8,0.55,0.45,0.5,0.54,0.5,0.6,0.46,0.375,0.4,0.44,0.3,0.2,0.82,0.78,0.575,0.5,0.55,0.1,0.5,0.1,0.5,0.75,0.667,0.6,0.6,0.8,0.9,,0.5,0.7,0.75,0.45,,,,0.433,0.4,,1.1,0.857,0.567,0.3,0.45,0.533,0.3,0.25,0.3,0.45,0.467,0.55,0.45,0.5,0.4,0.4,0.3,0.5,0.5,1.1,0.3,0.2,1.05,0.567,0.567,0.75,1.1,1.767,0.2,0.4,0.5,0.4,0.467,1.4,0.25,2.3,3.5,0.1,0.65,0.525,0.625,0.933,0.675,0.875,0.75,0.575
20190317,17,CO_24h,0.592,1.228,0.763,1.833,1.1,0.825,0.68,0.74,0.58,0.925,0.8,0.7,0.7,0.722,0.963,0.591,0.65,0.91,0.885,0.94,0.944,0.775,0.8,0.74,0.743,0.833,1.1,0.978,0.85,1.025,0.52,0.8,0.74,0.882,0.788,0.85,0.878,1.031,0.933,0.6,0.6,0.6,0.567,0.567,0.77,0.65,0.45,0.778,0.827,0.822,0.733,0.98,0.99,0.71,0.558,0.525,0.788,0.45,0.6,0.68,0.56,0.85,0.857,0.54,0.764,0.675,0.48,0.7,0.467,0.811,0.683,1.025,1.143,2.571,1.086,0.9,1.017,0.68,0.425,0.767,0.45,,0.9,0.967,1,1.267,1.333,0.72,0.8,1,0.933,1.2,0.333,0.533,0.85,0.86,0.55,0.55,0.533,0.767,0.55,0.667,0.733,0.733,0.867,0.9,1.033,2.067,1.34,1.325,0.817,0.625,1.257,0.717,1.26,0.76,0.757,0.9,0.7,0.4,1.025,0.96,0.489,0.8,1.18,0.9,0.717,0.675,0.75,0.74,0.667,1.083,0.92,0.7,0.8,0.95,0.75,0.65,0.5,0.75,1.2,0.675,0.65,0.575,0.55,0.617,1,1.02,0.575,1,0.925,0.7,0.733,0.35,1.55,0.84,0.6,1.1,0.65,,,,,,,,1.4,0.8,0.95,1,0.967,1.15,0.8,0.95,0.85,1.05,1.1,0.95,0.9,1.5,0.6,,,0.75,,,0.5,0.825,0.7,2.183,0.76,0.775,2.08,0.567,0.867,1.033,0.5,0.3,0.667,0.55,0.7,0.1,0.5,0.42,0.55,0.867,0.95,0.6,1,0.6,0.35,0.6,0.775,0.475,0.525,0.367,0.4,0.6,0.467,0.4,0.7,0.85,0.65,0.8,1.233,0.74,0.533,0.775,0.667,0.6,0.675,0.5,0.7,0.7,0.62,0.55,0.65,0.7,0.833,0.46,0.82,0.883,0.36,1.06,0.675,0.629,0.95,0.4,1.167,1.1,1.075,0.8,0.525,0.76,0.986,0.5,1.25,0.925,0.733,0.68,0.95,0.8,0.65,0.7,0.7,0.983,0.8,1.24,0.98,0.54,0.7,0.58,0.833,0.95,0.9,1.1,0.7,0.867,0.75,0.5,0.6,0.85,0.8,0.525,0.5,0.55,0.7,0.65,0.783,0.66,0.425,0.5,0.54,0.633,0.2,0.66,0.62,0.55,0.65,0.55,0.1,0.5,0.2,0.55,0.75,0.667,0.85,0.8,0.933,1,1.6,0.55,1.05,0.85,0.5,,,,0.967,0.5,,1.025,1.014,0.7,0.4,0.7,0.7,0.6,0.6,0.6,0.5,0.567,0.65,0.5,0.9,0.3,0.5,0.5,1,0.6,1.2,0.4,0.3,1,0.733,0.9,0.95,1.35,1.667,0.25,0.75,1.25,0.85,1,2.2,0.5,1.95,3.5,0.1,0.8,0.5,0.625,1,0.725,1.15,0.875,1.175
20190317,18,AQI,82,65,113,85,58,99,69,59,43,68,58,90,95,61,52,51,39,80,91,130,78,171,81,56,80,87,117,119,121,81,67,71,69,91,106,72,94,88,95,76,77,92,76,74,65,53,74,61,74,54,66,72,75,66,66,64,75,69,66,89,79,85,21,41,69,48,54,57,54,87,67,98,62,185,59,71,44,55,45,47,71,,70,77,107,69,71,85,57,64,77,81,52,52,65,71,80,58,56,65,87,58,71,84,65,64,106,43,72,71,56,38,53,59,42,81,50,76,50,87,82,67,64,133,115,76,86,66,87,104,56,70,47,30,32,42,28,49,46,40,58,74,72,46,46,32,61,93,70,58,65,96,69,113,75,85,405,75,70,,,,,,,,57,55,60,56,165,120,109,97,96,119,109,100,97,99,61,,,100,,,77,76,77,102,45,50,71,45,46,43,68,47,37,57,60,60,62,87,65,66,42,37,49,95,110,60,41,46,49,45,45,52,47,58,50,81,73,75,67,62,51,82,72,75,70,115,75,110,67,50,53,55,60,59,45,62,72,32,47,50,55,57,97,76,89,64,61,56,229,64,64,56,68,71,86,67,70,58,60,40,53,77,44,49,53,45,37,63,18,14,15,18,25,28,27,23,15,38,36,58,40,42,50,52,48,27,43,53,72,59,62,50,43,30,18,47,30,66,68,50,66,67,64,66,89,62,64,61,59,,,,39,34,,55,54,33,53,59,36,61,63,41,172,51,43,47,66,122,91,86,122,88,68,47,70,105,41,51,90,120,104,57,118,109,78,66,59,25,214,153,123,76,59,59,53,86,63,57,40
20190317,18,PM2.5,56,44,84,62,35,54,35,18,11,35,30,50,64,30,20,16,13,26,22,98,54,129,52,21,50,50,88,89,91,41,31,42,49,67,49,43,44,65,63,32,50,32,55,35,41,36,42,38,32,22,37,49,54,37,37,40,41,49,42,56,33,62,11,19,49,29,29,21,8,64,39,32,41,139,41,51,21,13,10,11,46,,45,37,48,26,31,41,18,26,49,59,28,19,24,51,25,38,19,44,35,35,51,34,42,26,79,22,26,49,39,6,21,17,19,27,19,25,22,20,60,45,45,101,86,54,63,44,64,77,29,50,31,15,22,19,16,18,30,27,24,53,52,28,27,17,20,69,50,25,46,53,13,37,43,62,87,32,27,,,,,,,,15,28,19,9,125,90,81,51,68,89,80,75,72,74,36,,,75,,,27,36,56,65,11,13,37,14,19,16,17,13,8,19,15,6,19,29,25,17,16,15,22,16,30,42,18,17,20,16,18,20,9,14,12,59,44,47,47,29,23,60,44,46,34,86,54,82,34,35,36,38,42,34,31,43,52,22,31,33,37,29,72,52,66,41,30,31,178,30,34,32,31,51,63,45,50,22,30,27,36,56,27,34,23,27,19,44,10,8,7,12,9,19,12,11,7,26,21,40,27,28,26,29,33,15,25,11,52,18,43,35,8,18,10,29,21,17,25,10,42,18,45,47,66,15,26,23,17,,,,12,15,,36,27,20,18,41,14,24,24,16,32,23,22,8,10,29,43,24,42,36,23,6,22,36,27,22,38,43,77,37,40,65,25,37,21,3,163,116,31,46,34,25,36,31,24,17,23
20190317,18,PM2.5_24h,36,56,59,62,36,61,44,17,15,42,55,50,58,23,20,30,26,51,35,78,53,83,97,30,59,71,74,82,90,95,54,59,50,59,54,55,61,76,71,40,36,36,34,40,51,39,35,40,50,45,69,45,55,36,27,23,39,26,25,35,26,60,13,16,46,41,31,36,13,51,30,32,39,108,57,52,35,14,23,18,34,,64,43,62,62,54,55,49,68,60,54,42,34,54,43,26,22,25,30,26,26,44,33,49,47,56,26,44,50,34,20,30,36,25,27,38,30,35,25,56,69,36,62,90,62,46,51,38,44,28,38,28,14,29,63,27,20,36,54,32,53,57,45,33,23,37,67,36,28,43,43,17,19,32,55,73,55,35,,,,,,,,33,21,26,30,89,71,93,100,93,87,97,61,92,69,51,,,52,,,34,53,52,49,37,22,54,22,28,32,25,15,23,21,32,6,17,20,43,63,47,24,31,33,44,30,36,18,25,14,18,27,12,29,22,75,70,60,62,42,34,62,58,61,48,65,43,47,33,32,34,31,38,38,36,47,36,36,47,36,41,23,61,50,60,45,57,37,129,44,51,33,45,39,43,44,35,36,22,43,34,51,49,38,38,37,24,37,23,31,26,39,18,34,12,25,14,26,25,41,38,38,34,40,28,35,32,16,15,20,22,35,22,17,9,27,22,25,15,8,53,31,65,29,109,22,46,23,19,,,,26,15,,32,27,33,26,25,26,31,46,23,22,29,29,18,18,20,41,30,44,40,29,9,40,57,28,38,34,31,76,35,61,109,47,44,20,12,136,165,57,67,30,20,33,33,30,21,51
20190317,18,PM10,112,78,160,114,64,145,85,52,32,83,55,127,138,70,52,50,38,107,129,131,104,149,99,60,107,121,159,129,139,91,81,90,74,115,78,91,136,90,114,84,84,67,99,64,77,49,65,70,95,55,80,92,54,79,64,75,98,57,67,84,61,108,20,40,81,47,55,40,22,122,82,144,72,202,49,50,41,35,29,41,86,,87,102,162,60,89,118,61,76,102,103,51,51,68,59,44,58,60,73,57,63,68,53,77,50,133,39,77,89,60,32,53,65,41,109,38,99,49,122,82,82,71,159,113,84,116,80,104,115,59,74,46,29,29,41,27,38,45,39,56,96,79,45,45,31,55,102,79,64,61,140,41,173,97,100,504,97,87,,,,,,,,61,58,53,45,162,123,126,142,140,145,166,94,103,97,69,,,120,,,55,70,90,151,37,36,81,43,45,40,83,,27,28,68,67,41,121,78,79,28,36,44,138,168,56,34,34,47,31,34,52,22,64,24,109,93,98,82,60,45,108,92,97,87,114,97,108,62,36,11,52,,66,41,72,50,31,46,49,57,62,131,99,115,76,70,54,184,53,75,60,83,85,85,82,85,45,68,39,47,73,43,42,54,44,36,67,17,11,12,16,24,22,26,22,14,33,35,54,35,41,49,52,39,22,42,22,,37,72,46,24,29,17,46,,49,83,37,55,41,40,79,113,37,75,70,33,,,,12,31,,57,56,31,45,43,26,57,74,40,291,42,33,24,26,191,130,120,191,123,36,21,87,157,27,46,127,187,102,61,184,165,104,80,66,14,237,204,194,65,65,66,51,64,74,61,39
20190317,18,PM10_24h,79,99,130,130,87,142,95,41,37,84,103,102,133,69,56,55,54,103,74,96,110,110,137,67,131,121,138,123,127,147,106,101,86,110,92,111,111,115,122,76,60,70,61,64,111,60,62,90,144,103,133,83,67,79,51,50,83,48,57,68,66,96,19,42,73,65,49,60,33,118,70,74,84,177,78,71,64,38,48,48,56,,139,101,152,102,129,150,116,135,120,113,87,71,104,57,51,48,56,55,57,52,61,60,73,73,155,56,93,96,73,47,62,69,47,81,53,79,66,63,93,109,79,130,132,97,91,83,93,75,55,65,41,33,36,85,32,38,48,64,67,69,80,64,48,37,74,121,68,90,85,118,56,75,91,91,355,122,122,,,,,,,,82,47,78,74,129,111,147,158,132,152,152,96,120,114,86,,,106,,,63,103,87,132,136,57,112,59,83,103,51,17,47,37,60,30,32,65,73,101,60,36,51,143,100,47,58,42,44,30,34,50,26,48,41,135,133,110,109,73,57,111,120,121,101,102,72,80,50,43,38,57,61,73,62,78,51,51,71,60,64,56,121,105,104,75,102,67,166,88,99,67,86,66,75,80,76,65,53,63,44,75,69,52,64,67,44,56,30,43,34,51,29,44,20,33,14,40,39,56,50,57,57,65,34,55,47,20,19,36,35,45,45,26,17,39,22,47,40,28,70,51,74,40,158,46,87,53,26,,,,37,17,,60,69,71,55,46,55,67,80,60,84,64,70,33,41,54,79,77,105,88,63,33,253,102,46,104,116,159,127,58,202,301,203,119,48,24,203,271,242,97,58,58,52,68,64,48,72
20190317,18,SO2,7,19,25,21,14,12,10,10,6,6,16,18,13,20,13,14,13,9,13,10,17,17,13,11,12,9,15,19,13,6,6,8,9,13,11,12,12,19,15,9,7,12,15,9,16,5,8,5,15,6,8,14,7,7,4,4,13,5,4,11,6,19,7,4,8,4,17,9,2,21,13,7,41,7,9,6,25,11,5,9,14,,9,13,16,17,18,13,7,6,15,18,5,4,9,11,8,4,2,10,8,5,13,12,9,7,11,15,10,27,12,10,21,22,22,47,6,13,5,6,15,16,7,16,16,12,13,17,16,16,10,9,8,3,9,6,6,3,4,11,24,14,8,3,5,9,10,20,19,11,7,23,4,2,40,4,4,10,24,,,,,,,,11,11,7,6,21,18,19,7,15,12,11,21,15,19,10,,,10,,,7,11,10,17,9,10,12,9,12,6,18,1,5,30,3,23,11,15,12,8,10,4,9,5,12,11,4,6,4,5,8,12,6,4,19,23,16,11,10,8,5,19,6,7,12,10,19,20,7,6,5,13,5,9,5,20,11,4,4,12,7,24,15,17,12,11,9,4,11,9,18,16,13,7,9,13,7,12,4,7,11,3,6,8,3,3,10,10,4,12,6,6,20,7,7,5,2,10,13,8,4,4,10,6,7,4,7,5,15,11,29,33,3,15,2,14,10,5,8,6,12,14,14,5,9,5,6,9,5,,,,4,5,,14,22,7,4,199,11,4,10,6,12,6,6,4,5,1,7,6,11,9,6,8,6,28,7,9,17,1,6,11,6,5,14,5,5,5,10,5,6,5,16,23,7,9,20,11,29
20190317,18,SO2_24h,6,20,18,36,27,22,16,11,9,8,26,17,22,19,14,19,15,9,20,12,19,14,20,12,14,16,17,19,22,21,13,11,12,11,13,13,12,28,14,8,5,16,16,9,10,5,6,15,17,9,12,12,8,9,5,6,13,6,8,12,9,20,7,4,9,5,13,15,3,12,15,17,42,8,12,10,24,13,11,20,10,,22,22,25,29,33,27,13,16,24,33,7,6,20,12,9,4,5,10,10,7,18,14,15,10,17,43,21,57,23,20,20,20,21,40,10,15,7,12,23,28,14,17,23,14,13,16,14,12,10,7,10,2,10,8,11,2,4,10,32,13,9,3,5,12,17,14,17,13,11,16,9,3,51,4,7,16,20,,,,,,,,18,9,7,10,18,15,22,18,17,11,21,20,17,16,14,,,15,,,8,15,13,34,48,21,30,30,22,73,11,2,14,22,8,16,12,28,18,14,12,7,18,6,12,10,12,8,7,6,6,11,13,6,32,26,17,14,30,9,7,15,6,10,11,10,10,13,6,7,5,14,8,11,12,22,19,9,15,12,12,21,24,23,19,11,11,5,12,9,16,13,16,17,7,8,8,11,4,10,10,8,9,7,7,8,10,10,4,12,7,7,10,7,7,6,3,11,10,7,7,5,11,8,7,4,7,8,20,13,15,23,4,8,1,25,12,5,8,6,14,13,13,6,7,5,9,8,6,,,,5,17,,12,25,15,9,101,13,7,15,11,14,15,12,7,11,9,16,21,13,12,18,9,7,39,24,14,10,5,6,7,7,9,20,13,4,5,10,12,6,6,13,19,8,12,23,17,29
20190317,18,NO2,25,41,38,49,49,18,26,21,16,24,26,24,31,39,20,19,40,25,23,57,44,74,39,33,33,33,55,58,43,20,26,20,29,38,40,65,34,61,46,47,31,41,85,17,42,29,29,46,36,30,22,72,42,58,22,38,52,27,19,60,23,88,33,10,55,32,24,16,10,58,35,14,44,70,35,32,27,16,14,16,34,,35,28,27,37,31,40,28,26,22,28,16,26,36,25,20,10,8,40,12,10,39,14,45,10,22,20,18,30,20,20,28,27,27,38,14,17,22,13,38,37,32,65,27,18,29,26,28,57,35,32,17,13,30,16,28,5,33,26,19,48,21,13,24,21,10,47,50,70,38,53,6,6,41,24,6,28,26,,,,,,,,32,64,15,17,63,,38,29,39,60,37,40,55,46,22,,,46,,,13,16,54,49,12,23,18,20,31,9,20,8,12,11,7,6,5,21,22,24,13,17,10,7,11,20,14,6,8,10,15,16,19,9,13,32,25,23,18,20,19,45,37,13,30,20,48,42,28,35,23,22,19,25,31,34,33,41,29,26,22,31,33,27,23,19,17,22,43,14,34,23,49,33,26,38,28,18,44,28,24,31,37,33,8,16,20,28,28,22,24,19,14,23,21,25,15,31,14,33,21,22,25,24,18,17,20,2,8,13,32,23,24,24,13,36,15,6,27,9,6,6,11,13,19,9,15,14,5,,,,6,4,,44,47,16,14,20,24,12,6,15,7,13,19,11,15,13,12,9,14,4,4,3,19,28,15,28,23,7,39,29,2,16,11,9,6,20,46,41,12,15,32,33,19,22,28,15,25
20190317,18,NO2_24h,44,65,45,72,63,49,52,17,26,48,54,46,51,45,42,35,42,40,40,68,83,79,97,32,54,75,82,66,67,70,41,35,32,61,45,66,48,70,60,31,35,42,38,26,74,27,24,46,67,47,65,67,51,73,21,34,60,34,38,56,29,68,30,8,51,41,20,27,13,77,38,29,59,65,45,41,47,30,32,35,22,,54,40,64,60,58,50,55,56,57,39,22,35,46,28,17,10,14,34,13,13,39,19,51,24,55,31,48,48,47,33,34,32,30,32,25,21,27,20,76,69,39,66,60,34,30,35,48,43,36,36,29,17,24,21,22,5,34,31,36,34,21,34,25,21,20,68,47,64,50,63,17,15,46,25,40,43,46,,,,,,,,51,29,31,30,64,77,60,70,58,51,85,58,60,49,40,,,75,,,18,32,42,54,48,43,51,42,44,47,17,7,25,35,19,13,9,21,32,37,25,20,20,13,20,20,20,8,13,13,15,18,9,12,22,55,48,51,54,36,26,59,55,45,74,49,45,49,21,22,17,29,23,28,34,38,32,20,29,28,23,28,63,56,50,30,42,31,48,39,51,32,49,30,28,27,31,26,28,41,22,42,29,34,23,27,19,21,22,20,17,19,17,18,15,17,15,28,20,30,28,37,28,42,18,28,27,4,12,14,22,17,30,19,12,26,12,7,19,8,13,13,11,12,35,9,27,9,7,,,,8,26,,36,63,37,39,22,37,32,31,45,16,20,34,15,22,16,27,16,15,12,10,6,22,56,42,57,37,31,42,22,28,45,38,34,10,32,44,46,20,34,23,34,28,24,33,19,27
20190317,18,O3,118,98,108,115,79,154,120,114,98,124,111,142,149,87,101,87,59,80,75,129,153,160,112,92,109,98,157,97,133,112,127,110,99,149,151,68,124,108,174,101,151,134,67,128,113,98,121,35,126,89,130,60,45,92,119,106,81,117,121,143,135,50,11,55,40,73,69,103,101,73,91,101,68,38,53,46,100,119,108,97,127,,82,128,140,112,112,106,84,91,125,127,97,94,115,49,133,108,91,89,151,90,43,121,49,122,125,90,148,128,123,68,96,79,78,74,94,73,69,74,139,126,54,79,131,140,121,122,135,27,47,61,83,68,36,28,27,82,67,91,110,54,81,93,70,57,117,74,83,44,67,77,119,108,69,69,116,83,106,,,,,,,,83,44,114,110,153,,137,111,143,121,131,118,129,135,81,,,167,,,136,127,106,115,93,105,145,99,90,102,83,92,81,112,78,78,122,83,71,92,79,65,95,74,90,84,73,87,92,85,79,91,84,51,98,139,131,111,122,121,106,104,131,108,86,131,117,119,116,37,62,65,65,58,32,40,32,29,53,48,35,59,118,112,133,111,112,104,68,107,93,89,75,51,88,88,59,110,30,59,62,66,19,30,95,69,84,19,17,20,19,17,40,26,32,29,29,47,88,88,99,103,57,68,80,73,96,124,58,123,36,59,90,63,23,63,57,121,76,102,126,120,108,103,146,114,107,98,108,,,,81,74,,28,58,79,120,98,75,117,121,92,104,110,97,95,123,110,64,117,96,121,130,94,106,90,106,104,105,101,51,38,133,111,76,102,70,57,29,22,92,137,78,79,90,121,85,93,71
20190317,18,O3_24h,122,129,132,118,99,168,135,128,100,132,122,145,154,104,106,93,88,94,86,206,159,160,171,115,128,139,167,119,168,168,131,117,116,165,197,109,193,124,178,158,157,177,125,140,137,136,146,66,134,101,132,99,69,167,124,125,153,124,133,190,150,94,32,83,63,83,79,113,115,107,108,117,88,48,67,59,108,122,108,101,151,,116,135,149,131,135,131,96,114,136,133,107,96,128,63,146,148,144,138,151,126,75,155,93,121,137,99,156,145,126,84,100,88,92,82,103,83,103,88,147,135,90,114,146,153,132,131,146,87,86,77,86,85,71,63,51,110,82,94,119,72,82,93,85,70,129,95,110,98,96,112,125,110,93,77,124,111,119,,,,,,,,128,91,118,112,213,117,198,179,191,189,177,147,154,167,127,,,167,,,145,144,125,161,105,116,147,108,102,102,93,98,85,116,82,84,122,95,98,94,90,75,102,91,97,113,85,94,99,91,93,104,103,65,103,155,146,124,125,136,120,143,141,120,97,148,143,131,150,80,88,79,102,94,48,64,75,85,73,70,49,105,133,127,153,130,126,116,131,134,112,105,118,103,115,134,94,130,81,65,80,78,42,56,100,72,90,47,34,40,49,70,43,52,47,45,38,70,89,89,112,107,66,69,92,83,99,125,71,138,76,68,108,70,45,83,68,123,106,103,129,120,129,104,166,119,118,106,112,,,,88,81,,78,92,91,125,138,100,122,126,110,112,114,108,109,128,126,88,136,122,142,141,108,110,107,115,127,107,105,53,71,133,122,79,103,84,64,32,24,104,147,108,89,113,160,90,103,92
20190317,18,O3_8h,88,94,106,102,81,132,112,109,84,108,108,118,117,85,93,83,75,88,81,151,121,137,136,98,108,112,143,98,133,136,115,108,101,121,165,77,143,99,152,130,131,149,97,127,112,84,127,44,108,90,100,73,46,112,118,113,101,109,117,145,133,67,11,64,39,66,66,107,103,76,90,96,50,37,46,42,86,104,89,93,124,,101,113,129,121,118,112,86,104,119,117,99,83,116,51,134,108,99,116,143,99,50,139,71,115,114,84,125,100,99,74,88,81,80,74,98,77,91,81,122,105,74,88,115,130,115,116,119,25,53,51,56,59,45,23,26,96,53,67,108,42,57,70,68,57,112,79,101,40,68,88,121,105,64,63,99,98,103,,,,,,,,100,70,110,106,161,104,147,127,153,142,141,119,131,135,95,,,135,,,131,129,102,127,89,99,123,88,84,84,87,93,73,107,79,80,113,88,78,88,83,70,96,83,94,104,81,90,96,88,89,99,93,54,98,125,125,113,92,113,100,101,118,104,84,126,116,120,119,42,61,71,79,78,34,38,39,41,51,49,33,85,107,109,125,115,109,106,66,115,81,85,91,51,99,110,63,108,30,56,59,55,27,43,77,51,63,17,20,26,28,18,33,26,37,32,27,39,67,73,79,76,55,46,77,53,80,102,51,109,34,57,84,58,30,70,54,118,85,98,118,119,112,76,119,113,91,100,109,,,,77,67,,32,51,64,102,82,70,112,106,79,104,100,84,92,117,109,68,119,102,121,120,92,102,41,81,100,98,91,45,39,91,88,69,78,53,49,24,18,90,130,90,76,98,142,76,95,77
20190317,18,O3_8h_24h,88,94,106,102,81,132,112,109,84,108,108,118,117,85,93,83,76,89,81,151,121,137,136,101,108,112,143,98,133,136,115,108,101,122,165,77,145,105,152,133,131,149,98,127,112,95,137,46,108,91,90,73,46,112,114,113,102,109,117,145,133,71,28,78,41,66,66,108,106,76,92,101,55,37,46,42,86,104,89,93,136,,101,113,129,121,118,112,86,104,119,117,99,83,116,53,134,131,107,116,143,107,56,139,71,115,114,84,125,100,99,74,88,81,80,74,98,77,91,81,122,105,75,88,115,130,115,116,119,26,53,52,61,59,60,49,30,100,62,67,108,42,57,70,68,59,112,79,101,40,68,88,121,105,65,64,99,98,103,,,,,,,,100,86,110,106,161,104,147,127,153,142,141,119,131,135,105,,,135,,,131,129,115,127,89,99,123,88,84,84,87,94,73,107,79,80,113,88,78,88,83,70,96,86,95,104,81,90,96,88,90,100,96,63,98,125,125,113,92,113,100,101,118,104,84,126,116,120,135,44,66,72,79,78,34,43,39,57,64,58,45,86,107,109,125,115,109,106,70,115,84,88,91,74,99,110,65,108,31,56,59,55,31,46,77,51,63,42,32,33,38,25,33,46,40,42,34,48,67,73,79,76,49,46,77,53,80,102,51,109,43,58,84,69,40,70,54,118,85,98,118,119,112,76,119,113,91,100,109,,,,77,77,,32,55,64,102,114,70,112,106,79,104,101,84,92,117,116,70,132,112,139,120,94,102,41,81,100,98,91,45,71,91,88,69,78,53,50,24,18,90,130,90,76,98,142,76,95,77
20190317,18,CO,0.467,1.033,0.829,0.917,0.7,0.675,0.48,0.74,0.5,0.625,0.4,0.6,0.65,0.711,0.638,0.536,0.5,0.59,0.592,0.84,0.822,0.962,0.62,0.74,0.514,0.6,0.925,1.1,0.733,0.65,0.44,0.68,0.7,0.8,0.775,0.9,0.667,0.914,0.833,0.633,0.7,0.5,0.733,0.567,0.74,0.883,0.55,0.756,0.564,0.578,0.525,1.06,0.956,0.713,0.617,0.675,0.813,0.625,0.65,0.8,0.6,0.95,0.85,0.58,0.736,0.589,0.54,0.625,0.45,0.956,1.033,0.825,0.871,3.143,1.029,0.783,0.683,0.54,0.267,0.6,0.675,,0.45,0.733,0.667,0.767,0.567,0.44,0.4,0.44,0.767,0.733,0.2,0.4,0.45,0.88,0.567,0.583,0.533,1,0.6,0.833,0.8,0.75,0.8,0.5,0.733,0.533,0.8,1.65,0.683,0.4,0.757,0.783,1.18,0.72,0.486,0.68,0.54,0.34,0.85,0.68,0.489,0.786,0.9,0.8,0.74,0.7,0.9,0.96,0.833,1.233,0.84,0.7,0.85,0.9,0.783,0.55,0.525,0.65,0.94,0.733,0.525,0.45,0.533,0.667,0.5,1.02,0.85,0.825,0.863,1,0.5,0.3,1.675,0.84,0.433,0.65,0.45,,,,,,,,0.8,0.8,0.65,0.55,1.2,,0.6,0.4,0.75,1,0.8,0.95,0.9,1.35,0.5,,,0.5,,,0.45,0.675,0.733,0.94,0.55,0.9,0.76,0.533,0.8,0.4,0.433,0.2,0.533,0.3,0.233,0.1,0.467,0.5,0.3,0.5,0.75,0.5,0.75,0.5,0.1,0.567,0.425,0.35,0.375,0.367,0.48,0.5,0.567,0.4,0.5,0.667,0.5,0.6,0.7,0.72,0.467,0.675,0.533,0.5,0.625,0.4,0.933,0.9,0.68,0.75,0.775,0.725,0.65,0.48,0.9,0.783,0.5,1.1,0.6,0.657,0.88,0.45,0.533,0.875,0.825,0.867,0.4,0.7,1.314,0.433,0.833,0.8,0.733,0.82,1.1,,0.775,0.6,1.1,0.767,0.86,1.02,0.96,0.7,0.52,0.42,0.633,1.15,0.867,1.267,0.775,0.933,0.8,0.8,0.6,0.95,0.8,0.6,0.475,0.5,0.56,0.5,0.6,0.46,0.425,0.4,0.46,0.3,0.2,0.78,0.74,0.525,0.6,0.55,0.1,0.5,0.1,0.5,0.8,0.667,0.6,0.6,0.967,0.95,0.7,0.55,0.65,0.8,0.45,,,,0.467,0.4,,1.15,0.9,0.567,0.4,0.6,0.567,0.3,0.3,0.3,0.45,0.433,0.6,0.45,0.55,0.4,0.3,0.4,0.4,0.5,1.1,0.3,0.1,0.65,0.567,0.6,0.8,1.15,1.733,0.15,,0.45,0.35,0.433,1.4,0.25,,3,0.1,0.6,0.575,0.65,0.933,0.75,1.1,0.85,0.675
20190317,18,CO_24h,0.617,1.228,0.8,1.817,1.1,0.825,0.68,0.74,0.6,0.925,0.8,0.733,0.7,0.733,0.963,0.591,0.64,0.91,0.875,0.94,0.978,0.8,0.8,0.74,0.743,0.833,1.113,1.011,0.85,1.025,0.52,0.8,0.74,0.882,0.8,0.875,0.878,1.031,0.933,0.6,0.6,0.6,0.6,0.567,0.78,0.667,0.45,0.789,0.827,0.789,0.744,0.99,0.99,0.69,0.554,0.55,0.788,0.45,0.6,0.68,0.56,0.85,0.863,0.56,0.764,0.678,0.48,0.7,0.467,0.82,0.683,1.025,1.143,2.614,1.086,0.9,1.017,0.68,0.425,0.767,0.5,,0.9,0.967,1.033,1.267,1.333,0.72,0.8,1,0.967,1.2,0.333,0.5,0.85,0.88,0.55,0.55,0.533,0.767,0.567,0.667,0.733,0.75,0.867,0.9,1.033,2.067,1.34,1.35,0.85,0.65,1.271,0.717,1.26,0.76,0.757,0.9,0.7,0.4,1.05,0.96,0.489,0.814,1.2,0.9,0.733,0.675,0.8,0.76,0.7,1.1,0.92,0.675,0.8,0.95,0.75,0.6,0.55,0.733,1.2,0.65,0.625,0.575,0.55,0.617,1,1.02,0.6,1,0.925,0.75,0.733,0.35,1.55,0.86,0.6,1.05,0.65,,,,,,,,1.3,0.8,0.9,0.95,1,1.1,0.8,0.95,0.85,1.05,1.133,0.95,0.95,1.35,0.6,,,0.75,,,0.5,0.8,0.7,2.28,0.78,0.775,2.1,0.6,0.9,1.033,0.5,0.3,0.667,0.55,0.7,0.1,0.5,0.46,0.525,0.85,0.95,0.6,1,0.6,0.35,0.6,0.775,0.475,0.525,0.367,0.38,0.6,0.467,0.4,0.7,0.85,0.65,0.8,1.25,0.74,0.567,0.775,0.667,0.6,0.7,0.5,0.7,0.733,0.62,0.55,0.65,0.7,0.7,0.46,0.84,0.883,0.36,1.06,0.675,0.629,0.92,0.425,1.167,1.125,1.075,0.8,0.525,0.76,0.986,0.5,1.25,0.925,0.733,0.7,0.95,0.8,0.675,0.7,0.75,0.983,0.8,1.24,0.98,0.54,0.7,0.58,0.833,0.95,0.9,1.133,0.7,0.933,0.8,0.5,0.6,0.85,0.75,0.525,0.5,0.55,0.7,0.65,0.783,0.64,0.425,0.5,0.52,0.633,0.2,0.66,0.62,0.55,0.65,0.55,0.1,0.5,0.2,0.55,0.75,0.667,0.85,0.8,0.933,1,1.3,0.55,1,0.85,0.5,,,,0.933,0.5,,1.05,1.014,0.7,0.5,0.7,0.7,0.6,0.6,0.6,0.5,0.567,0.65,0.5,0.9,0.3,0.5,0.5,1,0.6,1.2,0.4,0.3,1,0.733,0.9,0.95,1.35,1.667,0.25,0.6,1.25,0.85,1,2.2,0.5,1.8,3.5,0.1,0.8,0.5,0.625,1,0.7,1.175,0.875,1.175
20190317,19,AQI,80,66,126,88,62,95,87,59,47,65,64,88,103,66,57,53,41,69,80,111,87,157,83,53,82,78,124,100,91,82,67,66,67,92,110,73,110,83,120,74,84,98,74,78,76,59,75,68,76,54,68,74,75,70,65,63,76,72,69,91,82,93,20,45,66,48,53,56,55,87,67,100,62,175,59,70,47,58,49,48,73,,77,86,100,67,77,89,63,77,78,96,52,59,66,83,81,58,56,67,90,82,75,84,65,67,99,44,81,72,67,40,51,61,41,75,49,88,62,94,83,75,67,138,114,85,86,74,83,103,59,69,49,43,36,37,32,47,46,46,61,71,71,48,50,33,67,100,82,106,59,92,69,105,73,86,500,127,79,,,,,,,,58,52,59,57,153,114,96,85,95,179,96,106,138,109,61,,,113,,,80,77,76,97,48,53,79,48,44,46,100,47,59,59,62,62,64,85,57,66,41,38,48,81,92,77,57,45,48,44,45,49,45,73,49,99,81,83,72,66,57,92,85,82,74,122,75,103,68,53,56,50,55,62,48,67,66,38,49,54,56,61,96,73,96,67,66,56,232,65,69,58,69,81,108,71,65,63,66,39,53,72,44,54,54,46,39,64,18,19,16,18,30,23,30,22,14,36,36,63,42,43,49,40,58,28,52,60,33,65,63,56,44,36,22,59,33,68,65,51,73,67,83,91,124,64,69,66,58,,,,40,37,,60,57,36,61,72,38,63,65,43,146,56,43,47,67,106,89,84,94,80,75,47,61,63,46,56,97,116,103,61,116,105,79,63,64,26,235,153,113,81,64,58,65,86,67,75,51
20190317,19,PM2.5,55,40,95,65,39,54,44,27,18,38,34,52,76,34,27,19,15,30,25,83,64,119,59,22,51,47,93,75,62,47,29,40,42,68,45,46,59,61,90,41,48,34,44,41,42,41,44,44,35,27,41,51,54,42,36,41,44,52,46,52,33,69,11,19,47,28,30,23,12,64,43,32,36,132,41,50,24,12,11,12,44,,48,44,45,33,33,43,19,25,52,71,31,23,27,61,29,39,24,48,45,60,54,44,38,29,54,20,35,51,48,10,20,26,22,31,25,27,27,23,61,54,48,105,85,62,63,47,61,76,34,49,34,13,25,17,18,20,29,32,27,51,51,28,33,19,17,75,55,79,41,51,15,33,48,63,108,36,32,,,,,,,,21,26,15,18,116,85,71,59,53,135,61,79,105,81,38,,,84,,,34,40,55,72,12,16,41,11,15,14,29,19,12,22,18,5,17,37,26,30,18,20,23,12,33,56,34,15,24,14,26,25,21,23,15,74,53,52,52,34,25,68,49,47,45,92,53,76,34,36,39,35,38,39,33,47,47,26,31,36,39,32,71,51,71,39,35,30,181,32,39,36,34,59,80,42,46,24,30,27,36,52,29,37,24,27,21,45,11,12,10,12,10,16,12,10,8,25,18,44,26,27,25,23,40,17,33,14,14,20,44,39,11,21,9,41,23,21,25,10,40,20,61,67,,15,23,38,16,,,,14,11,,37,28,19,21,52,15,23,27,20,33,26,27,12,14,39,42,24,40,29,19,6,24,27,29,23,35,36,76,43,42,61,24,29,24,7,184,116,34,47,38,32,46,29,28,28,33
20190317,19,PM2.5_24h,38,56,63,62,37,62,46,17,15,43,54,51,60,24,21,31,25,51,35,79,54,86,97,30,60,71,77,83,91,95,52,58,49,60,55,55,60,76,71,40,33,36,34,40,52,40,36,41,50,44,70,46,54,35,28,24,39,27,26,36,26,61,13,16,46,40,30,35,13,53,31,32,40,107,57,52,36,14,22,17,34,,64,42,62,62,53,55,48,66,60,55,42,34,54,43,27,23,25,31,28,28,44,33,49,47,58,27,45,50,35,20,30,37,25,27,36,31,35,25,57,69,37,66,92,63,47,51,39,46,29,39,29,14,28,62,26,19,36,54,32,54,57,45,34,23,36,68,37,30,44,45,17,19,33,56,75,55,35,,,,,,,,32,21,25,30,91,75,94,100,92,90,98,62,93,70,51,,,54,,,34,52,53,51,37,22,55,22,28,32,25,15,23,21,31,6,18,21,44,62,46,24,32,33,43,29,36,18,25,14,18,27,12,28,22,76,71,61,62,42,33,62,58,62,49,68,44,49,33,32,34,30,38,38,35,47,36,35,46,35,41,24,63,51,62,44,56,37,130,44,51,34,45,40,45,43,36,37,23,42,34,52,47,38,38,36,25,37,21,29,23,37,18,32,11,23,14,27,25,41,38,39,35,39,28,35,31,15,12,20,22,34,21,17,9,28,21,25,16,8,52,31,65,30,138,22,45,23,19,,,,26,15,,32,27,32,26,30,25,31,47,22,22,30,29,17,18,21,42,30,44,39,29,9,40,58,29,38,35,32,75,35,59,109,47,44,21,12,131,162,56,66,31,20,34,34,30,22,50
20190317,19,PM10,108,79,162,124,71,138,121,60,46,77,76,123,149,80,61,54,40,86,108,107,116,161,103,54,111,103,163,110,129,90,82,79,82,116,75,94,167,90,154,69,83,76,95,62,100,47,68,83,99,55,84,96,55,88,60,73,100,90,75,87,69,115,19,44,77,47,54,45,25,122,82,148,71,169,50,47,46,38,30,37,77,,102,119,147,82,101,125,73,101,104,122,51,66,61,,49,57,60,71,60,76,72,54,77,56,146,35,93,92,76,39,50,69,40,98,45,124,72,135,83,93,55,176,118,108,118,95,110,120,65,72,45,42,31,36,31,40,45,41,60,89,68,47,49,32,61,117,112,102,54,132,53,157,94,96,697,201,105,,,,,,,,64,51,55,53,203,141,109,118,127,221,139,93,132,120,69,,,136,,,66,87,92,134,44,46,101,47,43,37,149,,66,52,72,72,37,117,62,79,27,37,37,109,131,68,61,33,47,34,41,45,32,93,31,124,110,113,79,70,61,127,118,112,95,127,98,102,54,41,26,46,,71,40,81,,36,48,55,56,69,117,94,111,81,80,60,192,70,85,64,85,99,110,89,74,54,79,35,44,70,43,45,56,45,38,67,17,18,15,16,29,16,29,21,11,32,32,66,37,40,48,39,50,26,52,24,23,39,73,52,33,35,21,60,,55,77,42,55,42,85,93,195,44,85,79,32,,,,14,24,,67,61,35,45,,28,68,78,38,239,45,38,28,29,159,126,116,136,108,37,18,69,74,38,37,141,179,102,67,179,158,106,74,75,21,313,150,173,65,75,64,60,53,81,97,50
20190317,19,PM10_24h,82,97,135,129,88,146,96,43,38,85,101,102,137,70,58,55,53,103,76,96,111,113,138,66,132,121,142,124,130,147,106,101,86,111,92,110,110,114,123,76,55,70,63,64,111,59,62,90,144,101,135,84,65,79,52,51,84,50,59,70,66,99,19,42,73,64,49,60,32,121,70,76,85,173,78,71,65,39,47,48,57,,140,100,155,102,129,151,115,133,121,115,85,70,102,55,50,49,56,56,56,53,61,59,74,73,159,57,96,96,74,47,61,69,47,82,52,82,66,67,93,109,77,136,135,98,94,84,95,78,56,66,42,34,35,82,33,38,48,63,67,71,80,63,48,37,73,123,70,92,85,122,56,79,92,92,371,124,123,,,,,,,,81,46,77,73,134,120,148,160,132,157,155,96,122,115,86,,,107,,,63,103,88,133,135,56,114,60,83,104,55,18,48,38,62,33,33,68,73,102,60,35,51,137,102,48,59,41,44,30,34,50,26,50,41,135,134,112,108,73,56,112,120,122,102,105,73,81,49,43,38,55,60,73,60,77,46,51,69,60,63,56,122,107,106,75,102,67,167,88,99,68,86,67,77,82,76,66,55,60,44,75,67,52,65,66,44,56,27,40,30,50,28,41,19,31,12,40,39,56,50,57,57,64,33,54,47,20,18,35,35,44,45,26,18,39,22,47,40,29,68,50,74,41,185,46,86,52,27,,,,36,17,,61,69,70,54,44,54,68,81,60,91,64,69,32,41,58,81,79,106,89,63,33,254,104,46,102,120,165,125,58,215,299,202,118,50,23,204,265,239,95,59,59,52,67,65,50,72
20190317,19,SO2,6,18,21,25,15,19,14,12,9,6,17,16,15,24,18,14,10,11,16,8,19,19,12,10,14,8,13,17,11,7,6,7,9,13,11,11,14,21,17,10,7,11,18,10,14,4,7,7,15,7,9,13,6,7,4,4,13,4,4,9,6,20,7,4,8,4,17,8,2,20,12,7,35,6,9,5,20,18,6,10,12,,9,15,15,13,22,15,5,6,19,21,5,4,8,9,8,4,2,9,9,6,13,14,9,7,11,16,14,24,15,16,19,27,19,69,8,19,4,12,14,20,7,14,16,14,12,15,15,13,10,10,6,3,11,6,5,2,3,11,26,14,6,2,7,13,11,21,21,24,6,17,4,3,36,4,3,10,18,,,,,,,,12,8,8,7,17,18,17,7,16,13,8,19,18,26,10,,,12,,,7,17,10,16,14,16,14,18,17,5,22,2,6,27,3,57,12,23,12,13,13,10,18,8,13,19,9,7,5,6,7,12,31,4,22,23,25,11,14,8,5,15,5,6,15,8,15,16,6,5,6,12,5,15,4,28,8,4,5,12,5,27,14,17,13,12,9,5,11,10,20,14,15,7,7,6,6,10,3,5,12,3,6,10,4,3,10,11,4,9,6,6,16,6,7,5,3,10,10,8,4,5,9,5,10,4,5,5,13,10,31,37,5,18,1,14,10,5,8,6,12,14,10,6,6,5,5,9,6,,,,4,5,,18,24,7,4,63,10,5,10,7,11,7,9,5,5,2,6,8,16,9,7,11,5,14,7,8,12,2,7,9,6,5,14,7,5,6,10,5,6,5,15,31,7,8,24,20,47
20190317,19,SO2_24h,6,20,18,36,27,22,16,11,9,8,26,17,22,20,14,20,15,10,20,12,20,14,20,11,14,16,17,19,22,21,13,10,11,11,13,13,12,28,14,8,6,15,16,9,11,5,7,15,17,9,12,12,8,9,5,5,13,6,8,12,8,20,7,4,9,5,13,15,3,12,15,17,43,8,12,10,25,13,11,20,10,,22,22,25,29,32,26,13,15,24,33,7,6,19,11,9,4,5,11,10,7,18,15,15,10,17,43,21,57,23,20,20,20,22,40,10,15,7,12,23,28,14,17,23,14,12,16,14,12,11,7,10,2,10,8,11,2,4,10,33,13,9,3,5,12,17,15,17,14,11,17,9,3,51,4,7,16,20,,,,,,,,18,9,7,9,18,14,22,18,17,11,21,21,17,17,14,,,15,,,8,15,13,36,48,21,30,30,23,73,11,2,13,23,8,18,12,28,19,14,12,7,18,6,12,10,12,8,7,6,6,11,14,6,32,26,18,14,29,9,7,15,6,10,12,10,10,13,6,7,5,14,7,11,12,22,20,8,14,12,11,22,24,23,19,11,11,5,12,9,16,14,17,17,7,6,8,11,4,10,10,8,9,7,7,7,10,10,4,12,7,7,11,7,7,6,3,11,10,7,7,5,11,8,7,4,7,8,19,13,15,23,4,8,1,24,12,5,8,6,14,13,13,6,5,5,9,8,6,,,,5,17,,12,25,15,9,138,13,7,15,11,15,15,12,7,11,9,16,21,12,11,18,9,7,39,24,14,10,5,6,7,7,9,20,13,4,5,9,12,6,6,13,19,8,12,24,17,30
20190317,19,NO2,30,50,40,64,62,21,36,40,35,35,40,26,41,59,36,23,44,31,29,48,62,79,37,30,47,34,51,54,38,23,28,23,35,42,42,69,38,62,52,43,45,33,62,17,69,31,31,53,46,34,27,78,41,61,19,39,62,32,25,53,24,96,32,13,56,36,25,19,10,64,36,19,41,76,40,31,38,26,13,17,31,,41,36,33,43,44,50,20,27,27,46,17,16,40,25,21,9,10,46,14,29,39,19,49,11,28,36,25,31,25,30,27,37,34,44,21,19,30,17,41,46,41,75,33,22,32,32,36,63,44,36,18,14,35,17,26,6,43,30,26,59,19,17,39,22,13,57,56,99,38,46,7,9,50,24,8,26,29,,,,,,,,28,57,26,18,63,58,35,35,42,57,35,52,79,54,22,,,46,,,21,27,53,46,20,52,19,46,76,11,22,12,14,17,7,12,7,25,26,34,23,21,26,17,15,37,24,7,11,11,25,19,41,8,23,39,46,30,23,28,22,56,49,22,35,24,50,47,24,34,22,20,18,23,29,43,29,47,30,31,24,41,39,31,27,24,21,28,46,23,28,24,50,43,33,48,27,21,46,27,32,31,37,34,13,17,24,31,27,21,28,22,15,23,21,26,14,29,24,43,25,29,30,54,23,27,23,2,8,12,29,23,55,28,16,52,14,6,26,10,6,8,11,19,27,12,15,11,9,,,,6,4,,45,65,16,20,22,22,18,9,19,8,22,24,13,18,13,14,9,16,6,3,6,19,26,22,27,25,10,40,25,6,17,16,12,8,27,52,52,14,18,37,38,25,20,34,25,34
20190317,19,NO2_24h,44,64,46,72,64,48,53,18,28,48,54,45,51,47,43,35,41,40,39,68,84,78,94,32,55,73,81,66,67,69,40,34,32,60,46,67,48,70,60,32,31,40,39,26,74,27,24,46,67,47,65,69,50,73,21,34,60,34,37,56,29,70,30,8,51,41,20,27,12,78,39,29,59,65,43,40,47,30,31,35,22,,53,39,63,60,58,50,54,55,57,39,21,34,46,25,17,10,14,34,13,13,39,20,52,24,55,32,48,48,48,33,34,32,31,33,24,21,27,19,73,69,39,68,60,33,30,34,47,44,36,36,29,17,24,21,23,5,34,30,37,36,21,33,26,20,19,68,48,66,50,64,17,15,47,25,40,43,45,,,,,,,,50,30,31,29,64,67,59,70,58,52,84,59,62,50,39,,,70,,,18,32,43,55,48,43,50,43,46,47,17,7,25,35,19,13,9,21,33,37,24,20,20,13,20,20,20,8,12,12,15,17,10,11,22,54,48,50,52,36,25,60,53,46,75,48,46,50,21,23,17,27,23,28,33,38,32,21,28,27,23,29,63,56,50,30,41,31,48,39,51,31,50,31,29,36,30,27,29,40,23,42,30,34,22,26,19,22,22,20,17,20,17,18,15,17,15,29,20,30,28,37,28,43,18,28,27,4,9,14,22,17,30,20,11,27,12,7,18,9,13,13,11,12,40,9,26,9,8,,,,8,25,,37,63,36,38,24,36,32,31,45,16,20,34,15,22,15,27,16,14,11,10,6,22,56,42,57,37,31,43,22,36,45,38,34,10,32,47,47,20,34,23,33,28,23,34,20,27
20190317,19,O3,107,79,105,97,65,142,107,82,83,101,90,128,130,66,83,83,53,71,65,118,129,135,110,90,86,76,126,80,104,105,102,101,84,131,137,58,125,103,171,92,131,141,57,133,82,87,126,19,109,82,117,44,38,78,117,100,64,110,111,101,135,45,15,48,35,66,63,99,97,64,90,94,69,33,41,42,79,110,111,98,113,,71,117,126,91,88,86,90,80,116,102,94,102,112,43,129,107,86,69,149,63,35,118,41,123,117,69,131,116,117,58,92,68,66,67,84,62,58,67,131,113,39,59,111,122,117,106,115,16,31,54,86,61,29,27,26,76,53,78,100,38,75,85,52,53,109,58,77,15,59,84,116,105,56,67,119,67,97,,,,,,,,76,49,90,105,145,110,124,100,97,116,102,102,95,112,79,,,154,,,121,105,101,111,83,84,137,72,42,101,79,87,85,105,75,68,118,78,76,69,68,59,70,65,79,63,63,85,88,82,77,83,53,50,80,121,104,101,124,110,94,96,107,96,86,113,112,103,110,32,59,61,61,48,31,29,36,18,47,34,30,36,97,104,122,95,97,82,62,91,93,83,69,36,69,58,48,100,22,56,52,67,19,28,74,62,63,18,19,21,15,15,34,25,28,27,28,46,74,74,86,88,52,29,71,61,82,124,59,122,34,57,41,55,16,44,54,124,71,101,125,120,103,65,,109,95,96,105,,,,80,79,,25,42,80,114,89,71,108,113,87,103,99,81,90,117,108,58,116,95,120,126,91,108,92,96,94,103,98,42,44,115,114,73,101,62,48,18,20,93,130,62,73,78,111,78,91,61
20190317,19,O3_24h,122,129,132,118,99,168,136,128,100,132,122,145,154,104,106,93,88,94,86,206,159,160,171,113,125,139,167,119,168,168,131,117,116,163,197,104,193,124,178,158,142,177,125,140,137,134,146,64,134,101,132,94,70,144,124,125,143,124,133,190,150,103,32,83,63,83,79,113,112,106,106,117,75,47,67,60,108,122,111,102,146,,116,135,149,131,135,131,97,114,136,133,107,103,128,64,146,148,138,138,151,120,72,153,92,123,137,99,156,145,126,84,100,88,92,82,103,83,103,88,147,135,90,114,146,153,132,131,146,72,75,74,91,85,71,62,48,110,75,94,119,70,82,93,85,68,129,95,110,57,90,112,125,110,84,75,125,111,119,,,,,,,,128,91,118,112,213,152,198,179,191,189,177,147,154,167,127,,,167,,,145,144,122,160,105,114,147,108,102,103,93,98,85,116,82,84,122,95,98,94,90,75,102,91,97,113,85,94,99,91,94,104,103,65,103,155,146,124,125,136,120,143,141,119,97,148,143,131,149,73,88,79,102,94,48,64,64,85,73,70,49,105,133,127,153,130,126,116,131,134,112,105,118,94,115,126,94,130,70,65,74,77,42,55,100,72,90,46,34,40,48,63,40,51,47,45,38,66,89,89,112,107,57,69,92,79,99,125,76,138,62,68,108,70,45,83,68,124,106,103,129,121,129,104,161,119,118,106,112,,,,88,81,,52,92,91,126,145,85,122,126,95,112,114,108,102,128,126,88,136,122,142,141,108,110,92,115,127,107,105,52,71,169,121,79,102,76,64,32,24,104,138,106,89,113,160,90,103,92
20190317,19,O3_8h,96,96,112,106,81,141,119,109,87,116,109,124,124,87,96,86,73,87,79,155,131,145,138,98,109,113,148,99,135,137,117,109,101,130,169,74,146,103,164,127,139,156,97,132,114,86,128,42,114,91,110,72,49,113,116,113,101,112,121,148,137,74,12,62,41,69,68,106,104,80,92,98,55,38,49,45,89,108,96,95,126,,99,117,133,119,118,112,88,102,122,119,99,87,117,53,135,108,98,114,146,96,51,139,72,119,119,86,136,108,108,76,90,81,81,74,97,76,88,79,130,112,72,91,123,137,120,119,126,25,52,54,62,64,44,24,26,93,56,73,111,45,63,80,70,58,119,80,98,38,72,92,121,108,66,64,110,97,105,,,,,,,,98,66,109,107,174,135,151,133,152,143,144,126,132,140,97,,,145,,,134,131,105,136,94,102,133,91,83,90,87,93,77,109,79,80,115,87,82,88,81,71,94,81,92,99,79,89,95,87,88,96,89,53,97,132,127,114,99,118,103,102,122,107,86,130,121,121,120,41,62,71,82,76,36,39,42,39,53,50,33,80,113,113,130,115,113,106,69,116,87,89,94,51,98,105,63,114,31,58,59,61,25,41,83,57,69,19,20,27,26,18,35,26,36,31,27,41,71,77,82,85,56,47,81,55,85,110,64,116,34,59,86,59,29,69,58,120,86,100,126,119,114,78,131,115,100,101,108,,,,79,72,,30,53,70,112,79,74,114,115,84,106,105,85,93,119,110,67,119,101,121,128,92,104,50,90,106,99,95,46,40,102,97,73,86,58,51,24,19,92,135,89,77,100,142,79,97,80
20190317,19,O3_8h_24h,96,97,112,106,82,141,119,110,87,116,109,124,124,88,96,86,76,89,81,155,131,145,138,102,110,113,148,99,135,137,117,109,101,130,169,77,148,108,164,133,125,156,98,132,115,96,139,46,114,92,98,74,49,113,117,113,103,112,121,148,137,81,28,78,43,69,68,108,106,75,94,101,57,38,49,43,89,108,96,95,137,,101,117,133,121,118,112,88,104,122,119,100,87,117,56,135,131,107,116,146,107,57,139,72,119,119,87,136,108,108,76,90,82,82,74,98,77,91,81,130,112,75,91,123,137,120,119,126,27,53,55,67,64,60,49,30,100,63,73,112,45,63,80,70,60,119,80,102,40,72,92,121,108,68,65,110,98,105,,,,,,,,100,86,110,107,174,135,151,133,153,143,144,126,132,140,107,,,145,,,134,131,115,136,94,102,133,91,84,90,87,94,77,109,79,80,115,88,82,88,83,71,96,86,95,104,81,90,96,88,90,100,96,63,99,132,127,114,99,118,104,102,122,107,86,130,121,121,135,44,67,72,82,78,36,43,42,57,64,59,45,86,113,113,130,115,113,107,73,116,90,92,94,74,99,105,66,114,32,58,60,61,31,46,83,57,69,42,32,33,38,25,35,46,40,42,34,48,71,77,82,85,50,47,81,55,85,110,64,116,44,60,86,69,40,70,58,120,86,100,126,119,114,78,131,115,100,101,109,,,,79,77,,32,57,70,112,141,75,114,115,84,106,105,85,93,119,116,70,132,112,139,128,94,104,50,90,106,99,95,46,71,102,97,73,86,58,52,24,19,92,135,90,77,100,142,79,97,80
20190317,19,CO,0.492,0.95,0.813,1.183,0.76,0.625,0.6,0.94,0.8,0.65,0.5,0.567,0.775,0.878,0.738,0.536,0.49,0.65,0.667,0.81,0.925,1.113,0.62,0.76,0.571,0.567,0.825,1.078,0.567,0.7,0.38,0.62,0.76,0.845,0.763,0.95,0.742,0.854,1.033,0.633,0.75,0.467,0.767,0.633,0.94,0.883,0.575,0.833,0.618,0.578,0.622,1.01,0.922,0.79,0.633,0.65,0.875,0.65,0.75,0.76,0.58,1.033,0.863,0.62,0.777,0.611,0.57,0.663,0.46,0.94,0.9,0.875,0.786,3.171,1.114,0.767,0.75,0.6,0.25,0.633,0.625,,0.5,0.8,0.667,0.867,0.633,0.5,0.4,0.42,0.867,0.833,0.233,0.4,0.475,0.875,0.617,0.6,0.567,0.967,0.6,1.2,0.933,0.833,0.9,0.567,0.767,0.583,0.88,1.413,0.783,0.55,0.514,0.817,1.08,0.78,0.571,0.54,0.64,0.38,0.875,0.76,0.5,0.814,0.88,0.867,0.833,0.725,0.725,0.98,0.867,1.233,0.86,0.75,0.925,0.975,0.8,0.6,0.575,0.733,1.2,0.75,0.55,0.475,0.75,0.7,0.5,1.02,0.95,2.475,0.9,0.7,0.5,0.4,1.5,0.82,0.433,0.6,0.5,,,,,,,,0.8,0.85,0.7,0.7,0.95,1.55,0.55,0.4,1.05,1.2,0.667,1.1,1,1.4,0.5,,,0.55,,,0.533,0.7,0.767,0.92,0.575,0.85,0.775,0.7,1.233,0.433,0.533,0.2,0.533,0.35,0.267,0.1,0.467,0.68,0.35,0.6,0.9,0.45,1.2,0.6,0.25,0.733,0.625,0.375,0.5,0.3,0.52,0.6,1.067,0.4,0.65,0.783,0.633,0.633,0.767,0.78,0.6,0.7,0.767,0.533,0.65,0.4,0.733,0.867,0.68,0.75,0.75,0.725,0.65,0.5,0.88,0.867,0.475,1.16,0.6,0.771,0.86,0.55,0.5,0.875,0.85,0.9,0.475,0.74,1.329,0.633,0.783,0.825,0.7,0.86,1.05,0.9,0.8,0.667,0.95,0.8,0.92,0.98,0.96,0.7,0.58,0.42,0.733,1.25,0.867,1.1,0.825,1,0.75,0.75,0.6,0.95,0.75,0.6,0.55,0.55,0.6,0.55,0.64,0.74,0.475,0.475,0.5,0.267,0.4,0.74,0.66,0.575,1.2,0.75,0.1,0.6,0.1,0.5,0.8,0.7,0.65,0.65,1.067,1.15,1.3,0.6,0.65,0.8,0.5,,,,0.5,0.4,,1.225,1,0.633,0.45,0.6,0.5,0.4,0.2,0.35,0.45,0.467,0.5,0.5,0.5,0.5,0.3,0.4,0.4,0.5,1.1,0.4,0.2,0.5,0.6,0.633,0.75,1.15,1.667,0.35,0.35,0.45,0.25,0.5,1.5,0.35,2.45,2.9,,0.65,0.575,0.675,1.1,0.725,1.175,1.3,0.95
20190317,19,CO_24h,0.642,1.211,0.813,1.8,1.1,0.875,0.7,0.74,0.62,0.95,0.767,0.733,0.7,0.767,0.975,0.609,0.65,0.9,0.875,0.94,0.989,0.813,0.8,0.74,0.743,0.817,1.113,1.022,0.85,1.025,0.52,0.8,0.74,0.891,0.8,0.875,0.903,1.031,0.933,0.6,0.567,0.6,0.6,0.6,0.82,0.683,0.45,0.8,0.827,0.789,0.744,1.02,0.99,0.7,0.562,0.575,0.788,0.45,0.6,0.68,0.56,0.833,0.863,0.56,0.759,0.678,0.49,0.7,0.48,0.85,0.733,1.025,1.143,2.657,1.1,0.9,1.033,0.68,0.4,0.767,0.5,,0.875,0.967,1.033,1.267,1.317,0.74,0.8,0.98,0.967,1.2,0.333,0.5,0.85,0.875,0.55,0.55,0.567,0.8,0.6,0.7,0.733,0.733,0.867,0.9,1.033,2.083,1.34,1.363,0.85,0.625,1.257,0.733,1.26,0.76,0.743,0.9,0.7,0.4,1.05,0.96,0.478,0.814,1.22,0.9,0.75,0.675,0.775,0.78,0.7,1.1,0.92,0.675,0.8,0.95,0.75,0.6,0.55,0.733,1.24,0.675,0.625,0.575,0.583,0.617,1,1.04,0.65,1.125,0.925,0.75,0.733,0.35,1.625,0.86,0.6,1,0.65,,,,,,,,1.3,0.8,0.9,0.95,1,1.2,0.8,0.95,0.9,1.05,1.133,0.95,0.95,1.35,0.6,,,0.75,,,0.5,0.8,0.7,2.2,0.78,0.667,2.12,0.6,0.933,1.033,0.5,0.3,0.667,0.6,0.7,0.1,0.5,0.48,0.525,0.85,0.95,0.6,1.05,0.6,0.35,0.6,0.75,0.45,0.525,0.367,0.38,0.567,0.5,0.4,0.7,0.85,0.65,0.8,1.233,0.74,0.533,0.775,0.667,0.6,0.7,0.5,0.7,0.733,0.62,0.55,0.65,0.675,0.7,0.44,0.82,0.883,0.325,1.06,0.675,0.629,0.92,0.425,1.167,1.15,1.1,0.833,0.525,0.76,0.986,0.5,1.25,0.9,0.767,0.72,0.95,0.85,0.675,0.7,0.75,0.933,0.82,1.22,0.98,0.54,0.7,0.56,0.833,0.95,0.867,1.133,0.7,0.933,0.8,0.55,0.6,0.85,0.75,0.525,0.5,0.55,0.7,0.65,0.783,0.64,0.425,0.5,0.54,0.633,0.35,0.66,0.62,0.55,0.7,0.55,0.1,0.5,0.2,0.55,0.75,0.667,0.85,0.8,0.933,1,1.6,0.55,0.95,0.85,0.5,,,,0.933,0.5,,1.05,1.014,0.667,0.5,0.9,0.7,0.6,0.6,0.6,0.5,0.567,0.65,0.5,0.9,0.3,0.5,0.5,1,0.6,1.2,0.4,0.3,1.033,0.733,0.9,0.95,1.35,1.667,0.25,0.75,1.25,0.85,0.967,2.2,0.5,2.05,3.5,0.1,0.8,0.5,0.625,1,0.7,1.2,0.9,1.175
20190317,20,AQI,81,65,110,91,65,92,92,78,64,75,68,89,98,74,66,55,41,65,74,98,103,157,83,50,88,79,105,81,82,80,65,64,69,109,106,78,122,93,122,68,85,96,66,80,87,63,75,70,81,54,77,80,72,74,66,64,80,72,70,90,82,105,19,43,66,51,54,55,56,85,65,98,59,165,65,74,52,60,50,49,72,,82,104,95,71,85,99,62,79,78,103,56,52,65,88,81,59,58,64,91,70,80,83,68,67,98,45,84,78,86,49,56,68,48,74,52,99,55,98,80,83,69,139,117,87,85,72,93,114,64,60,46,45,36,38,35,45,47,52,60,76,66,43,54,34,66,77,77,112,55,81,68,101,71,80,500,117,74,,,,,,,,53,48,57,56,188,80,98,89,91,133,86,138,153,121,60,,,144,,,80,86,83,91,58,61,83,60,61,48,110,47,67,58,54,60,64,87,61,69,40,45,54,88,99,88,55,45,55,44,46,52,66,80,47,113,100,78,74,66,63,109,90,83,74,128,81,126,66,50,58,48,58,62,52,75,67,48,48,60,59,63,86,73,109,68,69,59,234,68,65,60,72,83,110,69,63,63,71,53,50,65,44,58,53,40,43,64,19,19,20,20,25,23,27,20,16,37,43,68,46,47,52,66,63,34,50,63,32,69,52,69,55,49,23,61,46,68,63,51,73,67,91,89,130,63,68,60,57,,,,40,39,,61,62,38,65,87,37,63,72,52,119,56,49,47,65,104,97,67,92,72,74,46,56,51,49,56,95,99,100,62,112,110,82,68,52,27,237,154,101,78,62,59,71,84,62,88,64
20190317,20,PM2.5,55,40,78,67,44,51,53,57,29,42,37,63,64,41,38,24,16,31,24,73,76,119,61,22,54,43,78,59,48,54,33,39,40,81,45,53,71,69,92,42,62,21,36,44,50,44,40,50,41,25,48,54,52,46,36,45,48,52,50,48,33,78,10,18,47,30,33,25,11,61,46,31,34,125,46,53,30,13,14,11,43,,55,73,47,44,41,51,20,23,57,76,35,19,29,65,27,33,27,45,41,50,58,54,40,31,62,19,43,55,63,14,26,35,24,35,31,30,32,30,50,61,49,106,88,64,62,50,69,85,40,42,32,13,25,18,24,19,31,35,28,55,47,30,34,21,20,42,56,79,38,44,14,35,46,58,103,25,28,,,,,,,,11,18,11,25,141,58,73,66,45,101,51,105,116,91,38,,,110,,,42,53,61,66,25,21,44,10,24,14,34,25,23,26,21,4,17,43,28,40,21,22,37,16,60,65,33,18,28,10,27,28,36,25,22,84,67,52,53,42,34,81,57,52,48,97,59,95,44,35,40,33,40,41,32,54,48,32,32,42,41,34,63,52,81,38,39,34,183,34,39,38,41,61,82,36,44,25,37,33,35,46,29,40,25,28,23,45,11,13,11,14,9,16,12,10,9,23,24,44,32,30,31,42,44,21,34,17,13,21,34,49,29,28,8,43,32,24,21,10,42,23,67,66,98,15,22,28,24,,,,16,9,,42,33,21,25,60,18,25,30,29,38,29,32,11,18,38,42,25,38,31,18,10,18,31,34,29,35,32,75,42,42,63,21,35,24,12,186,117,41,56,41,36,51,25,30,37,45
20190317,20,PM2.5_24h,40,56,65,62,37,64,47,18,16,43,54,51,62,25,23,31,24,51,34,80,56,88,96,29,61,71,78,83,91,94,51,58,49,60,55,55,60,76,73,40,35,35,35,40,52,40,36,42,50,43,70,47,54,34,29,25,39,29,28,37,26,62,12,16,46,40,30,35,13,54,32,32,41,105,56,52,37,14,22,17,34,,65,42,63,62,53,56,47,65,59,56,41,34,53,44,28,24,25,32,28,29,44,35,49,46,59,27,46,50,37,20,30,38,22,28,35,30,35,25,57,69,37,70,94,64,48,51,41,49,30,39,30,14,28,60,26,19,36,52,32,54,56,45,34,24,36,68,37,31,44,46,18,20,34,56,77,54,34,,,,,,,,31,21,24,29,93,71,94,101,90,91,98,64,94,70,51,,,56,,,33,53,55,53,37,22,56,22,28,32,25,15,23,21,31,6,18,22,44,61,46,24,32,32,44,29,34,17,25,14,19,26,13,28,22,77,72,61,57,42,32,64,59,63,50,70,44,51,33,33,34,30,39,38,35,47,36,35,45,35,41,24,64,52,64,43,55,36,131,44,51,35,45,41,47,44,36,37,24,40,34,52,46,39,38,36,25,38,20,28,20,36,17,30,11,22,13,27,25,40,38,38,35,40,28,34,32,15,12,19,22,34,21,17,9,28,21,24,16,8,51,31,64,31,109,22,44,23,19,,,,25,15,,32,28,31,25,32,24,31,47,22,23,29,29,17,18,21,42,29,43,39,29,9,40,58,30,38,35,33,74,35,61,108,46,44,21,12,139,159,56,66,32,20,34,34,30,23,51
20190317,20,PM10,109,77,168,122,78,132,132,77,75,98,84,126,144,95,79,57,40,77,96,109,141,162,101,49,124,106,158,89,111,98,75,75,86,137,74,104,192,99,156,77,99,58,80,57,122,40,72,83,110,56,101,107,58,96,62,75,108,63,80,73,64,132,18,42,76,50,55,49,23,118,74,143,66,172,54,59,52,42,36,29,74,,111,156,138,90,118,145,72,105,103,147,59,52,68,,42,54,64,68,,86,74,70,83,59,144,44,94,104,92,48,59,84,47,95,52,146,57,144,79,103,64,182,137,113,117,91,114,129,75,66,45,44,34,37,30,40,46,52,54,79,70,39,55,33,58,101,100,172,57,109,62,150,89,95,630,182,95,,,,,,,,54,47,53,48,195,95,110,124,97,169,102,120,182,136,68,,,174,,,75,119,90,130,63,69,113,67,69,37,168,,82,40,55,67,38,122,69,85,34,44,50,124,145,74,58,35,58,32,45,52,79,107,46,136,149,103,92,77,73,143,128,113,95,139,110,107,57,40,36,42,42,71,51,86,,47,47,64,56,73,117,94,129,83,85,65,194,83,78,68,92,102,119,86,66,57,89,53,46,68,43,49,54,39,42,66,18,,19,18,24,18,26,19,15,36,42,84,41,46,51,79,52,33,49,27,23,42,52,64,58,48,22,65,,58,73,40,52,59,84,88,159,50,83,67,36,,,,18,12,,69,72,33,46,,30,69,91,,185,58,48,29,40,156,141,82,131,91,37,26,49,50,40,45,138,145,103,72,171,168,111,84,51,26,308,137,150,80,72,65,64,39,72,123,63
20190317,20,PM10_24h,85,96,140,129,89,148,98,45,40,87,102,102,139,72,60,56,52,102,76,97,113,115,137,64,133,121,144,124,131,146,105,100,86,111,92,110,110,114,124,77,55,68,64,63,111,59,62,90,145,98,135,87,64,79,53,53,84,51,60,71,67,101,18,42,74,63,48,59,31,126,70,79,86,170,77,70,66,39,46,47,57,,141,101,156,102,129,152,113,133,121,118,83,70,102,55,50,49,57,57,50,55,62,59,75,72,160,58,98,96,76,48,61,71,46,83,52,85,65,72,93,109,75,141,139,98,96,84,97,82,57,66,42,35,34,80,32,38,48,61,66,72,79,62,48,36,72,122,72,96,85,123,57,82,93,93,385,127,122,,,,,,,,79,46,75,72,137,111,148,161,131,158,156,98,126,116,85,,,108,,,62,104,88,136,134,57,117,61,84,104,60,17,50,38,60,35,33,71,75,102,59,35,52,135,107,47,57,40,44,30,35,49,28,52,40,136,135,112,108,73,56,115,120,124,102,108,74,82,49,43,38,52,61,72,59,77,46,50,66,59,62,56,125,108,109,75,101,66,167,87,99,69,87,68,80,81,74,67,56,57,44,75,65,52,65,64,44,56,26,38,26,48,27,38,16,29,13,40,39,55,50,57,58,64,34,52,47,20,18,36,34,44,44,26,18,41,20,48,41,29,67,50,74,43,156,47,85,52,27,,,,35,17,,61,70,68,54,44,53,67,83,55,96,64,69,31,41,62,84,80,106,89,63,34,254,104,46,101,122,169,122,59,199,297,202,118,52,24,212,259,234,95,59,59,53,66,66,53,68
20190317,20,SO2,6,19,20,23,15,18,16,14,10,6,19,17,12,25,22,17,9,10,14,7,20,18,11,9,14,12,11,17,12,8,6,7,10,13,10,11,15,21,16,11,6,8,12,11,14,4,7,7,15,6,12,10,6,8,4,4,13,4,5,7,6,20,7,4,8,4,20,8,3,18,11,7,30,6,10,6,14,14,5,9,13,,9,17,15,14,26,14,5,7,18,23,5,4,12,8,7,4,2,9,8,5,13,15,9,8,13,27,16,27,19,24,22,33,18,73,10,27,5,8,11,21,8,15,16,16,11,15,18,12,9,5,5,2,9,6,6,2,4,11,23,11,6,2,6,28,13,10,20,27,6,14,4,2,29,4,4,13,19,,,,,,,,12,9,7,7,15,13,16,8,16,11,9,17,15,20,10,,,14,,,7,23,9,14,28,21,13,28,24,12,28,2,10,23,8,67,15,29,13,13,16,11,18,7,12,16,11,8,7,5,7,11,35,4,51,22,24,10,14,8,5,16,7,7,13,8,14,21,4,4,7,10,5,11,4,30,8,4,4,11,5,13,12,17,14,11,12,5,12,12,24,13,17,7,7,7,5,11,3,6,12,3,6,10,3,4,11,10,4,9,6,6,7,7,6,4,2,9,9,9,6,5,9,6,9,4,5,5,26,11,25,43,4,16,1,15,10,5,9,6,12,16,11,5,9,4,5,8,6,,,,4,5,,15,29,7,28,402,11,10,10,6,23,9,11,5,8,2,6,7,20,10,5,15,5,10,7,9,9,2,6,9,7,5,14,12,6,6,12,5,6,5,15,36,9,9,25,26,37
20190317,20,SO2_24h,6,20,19,36,27,23,16,11,9,8,26,17,23,20,15,20,15,9,20,12,20,15,19,11,14,16,17,19,22,21,13,10,11,11,13,13,12,28,14,8,6,15,16,9,11,5,7,15,17,9,12,12,8,9,5,5,13,5,8,12,8,20,7,4,9,5,14,15,3,12,15,16,42,8,12,10,25,13,11,18,10,,22,23,25,29,33,25,12,13,24,34,7,6,19,11,9,4,5,10,9,7,18,14,14,10,17,44,22,57,24,21,20,21,20,42,9,16,7,10,23,28,14,17,24,14,13,16,15,12,11,7,10,2,10,8,11,2,4,10,33,13,9,3,5,12,16,15,18,14,11,17,9,3,50,4,7,16,20,,,,,,,,18,9,7,9,18,15,22,18,17,11,21,21,17,18,14,,,15,,,8,15,13,36,48,23,30,31,23,73,12,2,14,23,8,21,13,29,19,14,12,7,18,6,12,11,11,9,7,6,6,11,15,6,33,26,18,14,29,9,7,16,6,10,11,10,10,13,6,6,5,14,7,11,11,23,20,7,14,12,11,22,24,23,19,11,11,5,12,9,17,14,17,17,7,8,8,11,4,9,10,7,9,7,7,7,10,10,4,13,7,7,11,7,6,5,3,11,10,8,7,5,11,7,7,4,7,8,19,13,16,24,4,9,1,24,12,5,8,6,13,13,13,6,7,5,9,8,6,,,,5,16,,13,25,14,10,155,13,7,15,10,15,15,11,7,11,9,16,20,12,11,16,9,7,39,24,13,9,5,6,7,7,9,20,13,4,6,10,12,6,6,14,20,8,12,24,18,28
20190317,20,NO2,42,56,38,67,60,24,36,68,48,53,49,33,35,84,56,26,44,26,25,45,59,79,33,29,61,34,47,48,45,23,27,22,33,43,43,75,43,59,48,37,54,27,58,17,88,28,25,41,53,30,35,74,40,63,20,38,62,34,26,42,25,108,34,13,58,52,30,24,19,73,31,37,42,86,41,31,46,31,17,14,30,,42,47,36,46,50,41,20,30,26,46,19,15,36,26,19,10,9,49,14,13,38,21,49,18,30,49,33,41,37,21,32,39,36,46,20,20,22,16,40,47,37,72,37,27,30,40,41,65,48,36,19,14,37,17,28,9,54,40,28,64,30,29,52,34,20,43,51,101,44,44,8,13,42,28,12,28,33,,,,,,,,26,43,26,20,64,,36,39,37,49,35,33,58,60,19,,,49,,,19,51,48,38,27,85,21,52,84,17,21,9,16,21,9,10,13,29,29,28,35,18,38,13,13,39,24,10,15,9,29,11,42,4,40,42,56,26,24,42,24,54,48,26,32,27,57,43,23,32,21,19,24,23,23,46,32,44,35,32,26,36,33,29,29,35,27,41,47,34,26,26,37,44,30,33,23,27,53,30,32,29,34,34,13,20,17,31,28,17,23,23,12,24,17,23,13,29,47,79,26,37,43,73,23,36,41,8,17,11,27,23,47,36,17,69,17,6,28,12,7,9,13,20,51,17,24,8,8,,,,6,5,,48,84,31,20,25,30,19,14,21,17,20,28,14,44,14,26,8,17,10,5,13,22,28,43,45,27,22,44,29,,17,27,17,13,37,55,60,12,29,37,40,35,20,38,32,35
20190317,20,NO2_24h,45,63,46,72,63,47,52,20,29,49,54,44,51,49,45,35,40,39,38,67,83,77,90,31,54,71,79,65,66,66,39,33,31,59,46,68,47,68,59,33,31,38,40,26,73,28,25,46,67,46,65,70,48,72,21,34,60,33,36,55,28,73,30,8,51,42,21,27,13,77,39,29,59,66,42,38,48,31,30,33,23,,51,39,62,60,58,48,52,55,55,40,21,33,46,25,17,10,13,34,15,13,39,18,53,24,53,33,48,48,48,32,34,33,32,33,23,20,26,18,69,67,38,67,60,33,29,35,46,45,36,36,29,16,25,21,23,5,36,30,36,37,22,32,26,21,18,66,47,68,49,62,17,15,46,25,40,43,45,,,,,,,,49,31,31,29,64,77,57,69,57,52,82,59,63,51,37,,,66,,,18,33,43,55,46,46,48,44,47,47,18,6,25,35,17,12,9,22,33,36,24,20,21,13,18,20,19,8,11,12,15,16,11,11,22,53,48,49,51,36,25,60,49,45,71,48,47,48,21,23,18,25,26,27,32,37,32,22,26,26,22,29,63,55,49,30,40,31,48,37,50,30,49,32,29,29,29,27,30,38,23,42,30,34,21,25,19,22,22,19,17,20,16,18,13,17,15,29,21,33,28,37,28,43,18,27,28,4,9,14,22,17,30,20,11,29,12,7,19,9,13,12,11,12,34,9,26,9,8,,,,8,24,,38,64,35,36,25,36,32,31,44,15,20,33,15,22,15,27,16,14,11,9,6,22,56,42,57,37,30,43,22,29,46,38,34,11,32,46,47,20,34,24,34,28,23,35,21,26
20190317,20,O3,85,64,112,80,65,130,106,42,68,74,76,106,120,36,61,83,50,77,61,107,120,110,110,84,67,70,117,70,71,103,91,101,76,132,124,43,123,108,157,86,100,118,44,134,60,82,122,27,96,80,99,31,37,66,113,90,59,95,102,84,130,26,14,48,28,42,52,92,89,47,82,75,68,25,31,34,62,100,103,105,105,,65,97,114,84,74,90,89,73,112,93,86,102,109,39,129,109,86,47,145,89,36,121,35,111,106,47,112,100,96,64,81,66,59,62,88,55,67,68,116,106,37,51,91,105,111,86,98,8,22,52,77,51,24,27,25,69,31,54,96,23,44,71,39,38,97,58,77,8,44,76,111,101,60,61,119,56,99,,,,,,,,74,60,82,92,114,102,121,92,100,96,100,135,103,90,78,,,149,,,118,79,98,112,72,,128,64,19,93,73,85,75,98,68,61,109,71,78,48,58,62,43,70,75,53,62,78,82,83,69,93,42,51,49,109,86,103,108,87,81,95,98,89,82,97,94,107,99,22,58,62,56,37,37,22,32,21,35,30,25,35,89,104,111,73,88,62,56,77,90,76,72,32,63,,47,85,10,50,47,70,22,27,61,51,54,21,14,24,16,14,33,22,27,29,24,37,38,29,81,70,40,7,63,42,51,111,55,119,34,52,46,40,13,17,51,120,62,96,121,118,94,48,67,103,80,92,105,,,,73,77,,13,23,66,113,85,51,104,107,87,91,100,67,82,81,101,55,110,86,108,114,84,105,84,67,68,99,80,33,39,112,115,63,97,50,36,,13,95,108,59,68,55,112,71,86,55
20190317,20,O3_24h,122,129,132,118,99,168,136,128,100,132,122,145,154,104,106,93,88,94,85,206,159,160,171,113,125,139,167,119,168,168,131,117,116,162,197,102,193,125,178,158,145,177,125,140,137,133,146,64,134,100,136,93,70,141,124,125,142,124,133,190,150,103,32,83,63,83,79,113,113,102,106,117,73,47,67,60,108,122,111,105,146,,116,135,149,131,135,131,97,114,136,133,107,105,128,64,146,147,129,138,152,120,72,155,92,123,137,99,156,145,126,84,100,88,83,82,103,83,103,88,147,135,89,114,146,153,132,131,146,67,70,74,93,85,71,62,46,110,74,94,119,70,82,93,85,66,129,95,110,57,90,112,125,110,84,75,125,111,119,,,,,,,,128,91,118,112,213,111,198,179,191,189,177,147,154,167,127,,,167,,,145,144,122,160,105,112,147,108,102,103,93,98,90,116,82,84,122,95,98,94,90,75,102,91,97,113,85,94,99,91,94,104,103,65,103,155,146,124,125,136,120,143,141,119,97,148,143,131,147,62,85,79,95,94,49,64,63,78,73,70,49,105,133,127,153,130,126,116,131,134,112,105,118,92,115,134,94,130,62,65,74,77,42,54,100,72,90,46,34,45,47,54,40,48,45,45,36,61,89,91,112,107,56,69,92,77,99,125,76,138,62,68,108,70,45,83,68,124,106,103,129,121,129,104,166,119,118,106,112,,,,88,81,,47,92,88,126,145,85,122,126,109,112,114,108,99,128,126,81,136,122,142,141,108,110,92,115,127,107,105,52,71,133,116,79,102,76,64,32,24,104,138,106,89,113,160,90,103,96
20190317,20,O3_8h,101,91,114,105,80,146,120,103,87,116,107,125,128,83,94,87,70,85,76,153,136,144,135,97,105,111,147,96,134,134,116,108,100,135,165,72,142,104,167,120,132,154,92,134,109,87,128,41,116,90,114,68,51,109,117,111,98,113,121,146,137,69,12,60,41,69,67,104,105,76,93,96,59,36,50,46,88,110,99,97,125,,95,116,132,113,113,111,89,99,123,118,99,90,116,52,135,109,97,106,147,95,51,138,68,119,121,82,139,111,111,75,91,80,73,73,96,73,83,78,134,116,69,88,124,136,122,118,125,24,49,54,67,66,42,25,26,88,55,74,110,47,63,82,68,57,117,78,95,35,70,93,120,108,66,65,114,92,106,,,,,,,,96,63,107,106,178,106,150,133,148,141,142,131,130,137,96,,,149,,,134,126,106,139,93,103,137,92,78,94,86,92,79,108,78,77,115,85,84,84,79,69,88,79,89,92,77,88,93,87,86,95,84,53,92,133,124,115,104,118,105,101,123,108,86,128,122,121,118,41,62,70,75,70,37,38,42,37,52,49,32,73,114,114,131,111,112,102,69,114,90,89,92,50,95,117,60,114,29,57,59,66,23,39,85,59,73,19,18,29,25,17,36,25,35,31,26,40,71,74,83,89,55,44,81,56,82,114,63,121,33,58,86,58,27,63,59,120,85,100,126,119,113,77,131,114,103,101,107,,,,79,76,,27,52,74,116,81,72,114,117,101,105,106,83,93,116,110,65,117,99,119,127,91,106,57,94,105,101,96,45,40,107,105,73,91,60,49,27,19,95,132,87,77,97,139,80,97,80
20190317,20,O3_8h_24h,102,97,114,106,83,146,120,110,88,117,109,125,128,88,96,87,76,89,80,155,136,145,138,102,110,114,148,99,136,137,117,109,101,135,170,77,148,109,167,133,133,156,98,134,115,96,139,46,116,92,114,74,52,114,118,113,104,114,121,148,138,81,28,78,43,70,68,108,108,78,95,101,60,38,50,47,90,110,99,97,137,,101,117,133,121,118,112,89,104,123,119,100,90,118,56,136,131,107,116,147,107,58,140,72,119,121,87,139,111,111,76,91,82,76,74,98,77,91,81,134,116,75,91,124,138,122,119,126,27,53,56,71,67,60,49,30,100,63,75,112,48,64,83,71,60,119,80,102,40,72,93,121,108,69,66,114,98,106,,,,,,,,100,86,110,107,178,111,151,134,153,143,144,131,132,140,107,,,149,,,134,131,115,139,94,103,137,92,84,94,87,94,79,109,79,80,115,88,84,88,83,71,96,86,95,104,81,90,96,88,90,100,96,63,99,134,127,115,104,119,107,103,123,109,87,130,122,122,135,44,67,72,77,78,38,43,43,57,65,59,45,86,114,114,131,115,113,107,74,117,93,92,94,74,99,117,66,115,32,58,60,66,31,46,85,60,73,42,32,39,38,25,36,46,39,42,34,48,72,78,83,89,50,47,82,57,85,114,65,121,45,60,87,69,40,70,59,120,86,100,126,119,114,78,132,115,103,101,109,,,,79,77,,32,57,74,116,141,76,114,117,101,106,106,85,94,119,116,70,132,112,139,128,94,106,57,94,106,101,96,46,71,107,105,73,91,60,52,27,19,95,135,90,78,101,142,80,98,83
20190317,20,CO,0.592,1,0.788,1.633,0.84,0.65,0.633,1.18,0.88,0.725,0.567,0.633,0.625,1.244,0.963,0.627,0.48,0.7,0.654,0.78,1.037,1.075,0.58,0.72,0.586,0.567,0.788,1.022,0.575,0.725,0.38,0.62,0.76,0.855,0.75,0.975,0.792,0.874,1.033,0.7,0.733,0.467,0.7,0.633,1.02,0.9,0.55,0.822,0.7,0.533,0.686,0.93,0.86,0.83,0.633,0.7,0.957,0.625,0.725,0.7,0.58,1.067,0.838,0.62,0.764,0.733,0.66,0.712,0.48,0.95,0.783,1.025,0.814,3.371,1.114,0.814,0.633,0.62,0.275,0.6,0.625,,0.525,0.9,0.7,0.9,0.783,0.5,0.42,0.54,0.8,0.867,0.2,0.367,0.475,0.9,0.6,0.6,0.6,0.867,0.5,0.967,0.867,0.9,0.933,0.633,0.833,0.8,0.9,1.6,0.95,0.5,0.843,0.917,1.2,0.8,0.643,0.54,0.56,0.35,0.7,0.92,0.489,0.814,0.92,0.9,0.833,0.7,0.975,1,0.867,1.217,0.88,0.7,0.95,0.975,0.8,0.6,0.65,0.767,0.96,0.85,0.7,0.55,0.767,0.883,0.55,0.78,0.95,2.775,0.9,0.625,0.5,0.4,1.225,0.84,0.467,0.65,0.6,,,,,,,,0.8,0.8,0.7,0.8,0.9,1,0.55,0.7,1,1.05,0.7,1,0.95,1.4,0.5,,,0.6,,,0.5,0.8,0.733,0.817,0.72,1.15,0.76,0.733,1.333,0.667,0.533,0.2,0.567,0.45,0.267,0.1,0.567,0.74,0.425,0.55,1.1,0.5,1.3,0.6,0.15,0.9,0.65,0.45,0.675,0.3,0.54,0.533,1.1,0.4,0.9,0.767,0.733,0.6,0.867,0.78,0.6,0.75,0.767,0.567,0.675,0.65,0.767,0.9,0.68,0.725,0.725,0.675,0.733,0.5,0.76,0.833,0.475,1.12,0.625,0.714,0.86,0.5,0.467,0.85,0.925,0.933,0.5,0.82,1.343,0.667,0.783,0.85,0.733,0.86,1,0.8,0.75,0.7,0.85,0.867,0.94,0.92,0.92,0.66,0.64,0.5,0.733,1.075,0.867,0.9,0.825,1,0.65,0.75,0.6,0.85,0.75,0.575,0.625,0.667,0.64,0.625,0.74,0.92,0.475,0.55,0.64,0.367,0.45,0.74,0.62,0.6,0.9,0.75,0.15,0.8,0.1,0.55,0.85,0.7,0.7,0.7,1.067,1.15,1.4,0.6,0.75,0.8,0.5,,,,0.6,0.4,,1.275,1.229,0.667,0.5,0.6,0.5,0.45,0.3,0.3,0.45,0.533,0.5,0.5,0.8,0.4,0.3,0.3,0.4,0.5,1.1,0.4,0.1,0.4,0.633,0.8,0.75,1.25,1.733,0.45,0.3,0.5,0.25,0.533,1.6,0.45,2.4,2.9,0.1,0.7,0.575,0.75,1.133,0.675,1.275,1.775,1.267
20190317,20,CO_24h,0.65,1.2,0.825,1.817,1.08,0.875,0.7,0.76,0.62,0.95,0.767,0.7,0.7,0.811,0.975,0.609,0.64,0.9,0.877,0.94,1,0.813,0.8,0.74,0.743,0.817,1.1,1.022,0.85,1.025,0.52,0.8,0.74,0.891,0.8,0.875,0.903,1.031,0.967,0.6,0.6,0.6,0.6,0.6,0.83,0.683,0.45,0.811,0.836,0.767,0.756,1.02,0.99,0.7,0.569,0.575,0.788,0.475,0.6,0.68,0.56,0.833,0.863,0.58,0.768,0.678,0.49,0.7,0.483,0.882,0.75,1,1.143,2.7,1.1,0.929,1.033,0.7,0.4,0.767,0.525,,0.875,1,1.033,1.233,1.333,0.68,0.767,0.96,0.933,1.2,0.333,0.5,0.85,0.875,0.55,0.55,0.533,0.8,0.5,0.7,0.733,0.75,0.867,0.9,1.033,2.1,1.34,1.363,0.85,0.625,1.243,0.733,1.24,0.78,0.714,0.9,0.7,0.4,1.05,0.96,0.478,0.843,1.24,0.9,0.767,0.675,0.775,0.8,0.7,1.133,0.92,0.675,0.8,0.975,0.75,0.6,0.55,0.75,1.24,0.675,0.625,0.575,0.583,0.65,1,1.04,0.65,1.15,0.938,0.75,0.733,0.35,1.625,0.86,0.6,1,0.65,,,,,,,,1.3,0.8,0.9,0.95,1.033,1.2,0.8,0.95,0.9,1.05,1.133,0.95,0.95,1.35,0.6,,,0.7,,,0.5,0.825,0.733,2.217,0.78,0.7,2.12,0.6,0.933,1.033,0.5,0.3,0.667,0.6,0.7,0.1,0.5,0.48,0.525,0.85,0.95,0.6,1.05,0.55,0.3,0.6,0.75,0.45,0.475,0.367,0.38,0.567,0.5,0.4,0.7,0.85,0.667,0.767,1.233,0.74,0.533,0.775,0.667,0.6,0.7,0.5,0.7,0.733,0.62,0.575,0.65,0.65,0.8,0.44,0.82,0.883,0.375,1.06,0.675,0.629,0.9,0.425,1.167,1.15,1.1,0.833,0.475,0.76,0.986,0.533,1.25,0.875,0.767,0.72,0.95,0.8,0.675,0.7,0.75,0.933,0.82,1.22,0.96,0.56,0.7,0.56,0.8,0.95,0.867,1.25,0.7,0.933,0.75,0.55,0.633,0.85,0.75,0.525,0.5,0.533,0.7,0.65,0.783,0.64,0.425,0.5,0.54,0.6,0.35,0.66,0.62,0.55,0.7,0.55,0.1,0.5,0.2,0.55,0.75,0.667,0.8,0.8,0.967,1,1.3,0.55,0.95,0.85,0.5,,,,0.933,0.5,,1.075,1.014,0.667,0.5,0.9,0.7,0.6,0.55,0.5,0.5,0.567,0.65,0.5,0.9,0.3,0.5,0.5,0.9,0.6,1.2,0.4,0.3,1.033,0.733,0.9,0.95,1.35,1.667,0.25,0.6,1.25,0.85,0.967,2.2,0.5,1.9,3.6,0.1,0.8,0.5,0.625,1,0.675,1.225,0.925,1.167
20190317,21,AQI,81,64,110,94,70,92,99,78,74,78,68,90,92,79,78,55,42,63,73,90,139,148,75,48,95,78,97,83,76,81,66,62,71,126,100,78,125,109,130,61,72,91,57,80,92,58,74,71,88,53,78,84,70,74,65,69,78,72,71,84,80,103,20,44,66,55,59,56,54,87,63,95,70,168,75,75,55,58,51,51,70,,81,104,98,76,85,97,61,75,87,105,54,56,85,88,79,59,59,64,91,74,78,79,68,65,104,53,83,85,92,53,58,70,46,72,48,114,54,104,91,86,67,141,93,89,86,78,103,128,66,58,49,34,33,52,33,43,53,59,59,78,77,52,59,45,62,53,81,119,49,80,66,93,72,74,425,99,79,,,,,,,,53,52,55,55,178,85,92,97,86,105,86,108,126,165,57,,,128,,,78,93,82,87,69,87,83,64,74,45,95,46,60,56,57,69,64,83,64,68,40,46,62,98,74,93,59,43,61,44,52,50,63,87,56,114,133,76,83,67,59,132,93,86,70,132,86,132,71,39,59,48,59,61,46,78,63,50,52,65,60,58,82,76,117,70,73,65,234,83,62,62,68,87,94,70,63,60,72,53,53,59,43,59,55,47,43,64,18,19,17,29,20,23,20,17,16,42,55,83,50,54,59,77,59,42,55,64,29,71,43,80,66,44,23,60,54,67,60,50,74,67,91,72,157,61,63,56,57,,,,39,39,,62,62,41,63,58,38,64,83,43,108,56,55,47,60,102,96,64,90,79,71,46,57,54,49,56,100,90,92,61,109,110,93,74,49,27,204,157,118,74,65,59,66,80,60,86,64
20190317,21,PM2.5,56,40,82,70,48,56,72,55,37,42,45,60,56,48,57,28,17,31,27,65,106,113,54,21,61,50,72,61,52,59,38,40,48,95,44,56,74,81,98,29,52,20,34,44,59,40,36,51,44,25,52,58,50,46,37,49,49,52,51,45,32,76,9,16,47,34,41,29,11,60,44,36,33,127,54,54,32,18,15,17,42,,56,69,52,50,43,54,22,28,64,78,31,17,29,65,23,33,29,45,30,53,57,53,41,34,69,23,46,62,68,19,28,35,21,39,26,28,33,33,67,63,48,107,69,66,63,57,76,97,44,40,34,13,23,18,23,17,34,41,30,57,56,28,41,26,23,29,59,79,34,48,12,32,48,51,86,28,37,,,,,,,,14,24,14,30,134,62,68,72,39,78,63,80,95,125,34,,,97,,,46,60,60,64,42,35,50,22,43,17,33,23,23,27,23,8,21,41,27,41,28,21,42,22,24,69,37,23,34,10,30,23,33,27,31,85,101,54,61,41,38,100,69,54,48,100,63,100,51,27,39,33,41,43,32,57,44,35,33,46,42,25,60,53,88,39,41,43,183,40,39,38,43,64,70,35,44,28,39,36,36,41,28,41,27,29,25,45,12,13,10,20,9,16,14,9,11,24,28,61,35,35,38,48,41,25,38,18,16,22,25,58,40,25,8,42,37,23,23,11,43,25,67,52,119,21,26,31,32,,,,22,12,,40,26,23,32,40,21,45,34,22,43,27,35,15,19,39,46,21,45,31,22,13,20,34,32,38,43,33,68,40,45,62,26,39,23,14,153,119,37,53,46,40,47,35,26,43,45
20190317,21,PM2.5_24h,42,56,68,63,38,64,48,20,17,44,54,50,63,27,25,31,22,50,33,80,58,90,96,28,61,71,78,83,90,94,50,57,49,61,55,55,60,76,74,40,36,34,36,39,53,40,36,43,50,42,69,48,53,34,29,27,39,30,29,38,27,61,12,17,46,39,30,35,13,54,32,32,41,104,60,52,37,14,21,15,34,,64,43,62,62,53,55,46,63,58,58,41,33,53,46,28,24,25,32,28,31,44,36,49,46,61,27,48,49,39,21,30,38,23,29,33,30,34,26,57,68,38,73,95,64,49,51,43,52,30,39,30,14,27,58,25,19,36,52,32,55,56,44,34,23,35,67,38,33,43,47,17,21,35,57,79,53,33,,,,,,,,29,20,24,30,95,74,94,101,89,90,98,64,95,73,50,,,58,,,33,53,56,55,37,23,57,22,28,31,25,12,22,22,29,6,18,24,44,60,45,24,33,31,43,30,33,17,25,13,19,26,13,28,22,78,73,61,57,42,32,66,59,63,50,73,45,53,35,32,34,30,39,37,35,47,37,34,44,36,40,24,65,53,67,43,54,36,132,43,51,35,45,43,48,43,36,37,25,39,34,52,45,39,37,35,24,38,19,26,18,35,16,29,10,22,13,27,25,41,38,38,35,40,28,32,32,15,12,20,22,34,21,17,8,28,22,24,16,8,38,30,64,31,108,22,42,22,20,,,,25,15,,33,28,30,25,28,24,31,47,22,23,29,29,16,18,22,42,29,43,39,29,9,41,58,30,38,35,34,73,35,59,108,45,44,22,12,131,156,55,65,33,21,35,35,31,24,50
20190317,21,PM10,109,76,164,123,88,131,145,103,95,104,84,127,131,105,101,58,41,73,94,103,180,159,82,43,138,104,140,92,100,101,80,72,90,157,75,104,197,108,160,58,79,51,61,59,131,31,67,78,124,53,103,116,50,96,61,78,103,62,78,63,57,136,19,43,76,58,66,60,33,121,68,137,88,186,,49,58,46,40,40,68,,109,156,143,100,117,141,70,98,109,152,55,60,117,,38,51,65,60,,65,68,63,83,63,155,53,98,107,107,54,63,88,45,92,45,175,55,155,83,100,60,183,132,112,117,104,115,135,80,63,42,33,31,51,27,41,53,58,66,77,89,52,64,44,62,54,95,186,48,108,64,134,91,96,524,146,105,,,,,,,,53,51,52,50,204,92,105,126,98,131,114,110,137,176,62,,,152,,,68,133,95,119,85,121,114,75,96,44,138,24,68,46,61,85,51,113,75,84,39,45,72,143,95,68,65,39,70,42,52,49,73,121,60,143,171,99,97,81,66,160,129,120,87,148,114,109,,31,66,40,46,64,39,93,,47,52,71,62,64,96,100,129,88,93,78,194,113,72,72,84,107,114,87,69,62,91,46,45,63,42,49,57,46,42,54,16,17,16,24,19,20,18,16,13,41,57,89,43,56,66,102,52,41,54,29,24,43,42,76,80,43,22,65,,66,67,37,,48,85,66,188,51,74,59,32,,,,29,,,72,72,40,50,49,37,75,113,35,163,50,57,30,67,151,139,70,128,105,38,33,43,55,42,60,147,127,103,69,165,168,133,96,48,26,260,150,184,90,69,66,68,48,67,119,64
20190317,21,PM10_24h,88,94,143,130,89,150,99,47,43,89,101,102,141,75,63,57,50,100,77,97,117,117,136,63,131,119,144,124,130,146,103,98,85,112,92,110,111,114,126,76,55,65,65,62,111,58,62,91,145,95,134,89,62,79,54,54,85,52,61,71,66,101,18,42,74,63,49,59,30,130,70,82,87,167,81,69,67,39,46,46,57,,139,103,157,101,129,151,111,132,122,121,79,69,103,55,49,50,58,56,51,55,62,58,76,72,161,58,100,96,78,50,61,73,47,84,50,89,63,77,92,109,73,146,141,99,97,85,98,85,58,66,42,35,33,80,31,38,48,60,65,73,79,62,49,37,71,120,72,99,84,123,59,86,92,93,397,129,120,,,,,,,,76,46,74,71,139,118,146,161,130,158,156,99,127,118,84,,,109,,,62,105,89,138,132,60,117,63,85,105,64,19,50,38,57,38,34,74,76,101,59,35,53,136,105,47,56,40,46,30,36,49,29,55,40,137,136,112,108,73,56,117,118,125,102,111,76,81,52,43,38,50,60,70,57,76,46,49,64,59,62,57,126,110,111,75,99,66,167,87,98,69,88,70,81,82,72,67,57,54,44,75,63,51,64,63,44,56,24,35,24,47,26,36,16,29,14,40,38,56,51,56,58,65,34,50,47,21,18,36,34,44,44,26,17,41,20,48,42,30,60,50,74,44,155,47,84,50,28,,,,34,17,,61,70,65,52,44,51,66,84,57,99,62,68,30,42,66,86,80,107,90,62,33,254,104,46,101,125,170,120,59,212,294,201,117,52,23,209,254,232,93,60,60,54,66,66,57,68
20190317,21,SO2,6,21,18,22,20,20,17,25,10,7,22,19,14,22,24,23,12,10,13,7,19,13,11,9,12,16,11,15,13,7,6,7,9,14,11,11,15,22,11,11,6,7,10,10,14,4,5,4,16,5,14,10,6,8,4,5,12,4,5,7,6,20,7,4,7,4,22,12,3,16,13,7,27,7,11,6,14,17,7,9,12,,9,17,17,18,24,16,7,8,23,24,4,5,13,7,7,4,2,9,8,5,15,18,8,11,15,38,15,33,23,13,26,35,21,69,9,23,5,6,12,17,10,14,16,16,12,15,19,11,10,5,6,2,7,6,9,2,4,13,14,12,8,3,6,30,21,8,19,36,6,16,3,3,41,4,4,14,29,,,,,,,,12,9,7,6,13,9,14,11,14,11,13,15,14,17,9,,,11,,,8,15,9,14,28,28,17,28,23,48,29,3,10,23,16,66,15,36,13,14,15,8,13,7,11,16,18,10,10,5,8,9,33,4,68,24,42,10,17,7,5,19,9,8,14,8,12,27,4,3,6,10,5,10,6,38,10,3,4,12,4,12,12,18,18,13,10,7,11,8,9,12,15,7,6,7,5,10,3,6,13,3,6,11,4,6,12,9,4,11,6,6,6,8,6,5,2,9,7,12,6,5,8,7,6,4,6,5,16,12,29,65,3,9,1,13,11,5,11,6,13,18,16,5,8,5,10,8,5,,,,4,7,,11,23,8,30,56,11,15,12,7,27,9,7,5,15,16,11,10,8,9,7,12,5,15,7,9,9,2,6,10,5,6,16,16,5,5,9,5,6,5,15,29,9,10,18,26,20
20190317,21,SO2_24h,6,20,19,36,27,23,17,11,9,8,26,18,23,21,15,20,14,9,19,12,20,15,19,11,14,16,17,20,21,20,12,10,11,11,14,14,13,28,14,8,6,14,16,9,11,5,7,15,17,8,12,12,8,9,5,5,13,5,8,12,8,21,7,4,9,5,14,16,3,14,15,16,42,8,13,10,25,13,11,18,10,,21,23,27,29,32,24,12,13,25,34,7,6,19,11,9,4,5,10,10,7,18,15,14,11,17,45,22,56,24,21,20,22,19,44,9,16,7,7,23,28,14,18,24,14,13,16,15,12,11,7,10,3,10,8,11,2,4,11,32,13,9,3,5,13,16,15,18,15,10,17,8,3,49,4,7,16,19,,,,,,,,17,9,7,9,18,14,21,17,17,11,21,21,17,18,14,,,15,,,8,16,13,36,48,22,29,32,23,74,13,2,13,23,8,23,13,30,19,13,12,7,18,6,11,11,11,9,7,6,6,11,16,6,34,27,19,14,29,9,7,16,6,10,11,10,10,13,6,6,6,14,7,11,11,23,20,7,14,12,10,22,24,23,19,11,11,5,12,9,16,14,18,17,7,7,8,11,4,9,10,7,9,8,7,7,10,10,4,12,6,7,11,7,6,5,2,11,10,8,7,5,11,7,7,4,7,8,19,13,17,26,4,9,1,23,12,5,8,6,11,14,13,6,7,5,9,8,6,,,,5,16,,13,25,14,11,115,13,7,15,10,16,14,11,7,11,10,15,20,12,11,15,9,7,39,24,13,9,5,6,7,7,9,21,13,4,6,8,12,6,6,14,20,8,12,25,19,28
20190317,21,NO2,47,62,32,77,64,26,39,71,49,53,39,31,33,89,80,30,46,25,22,44,48,77,30,26,62,37,48,48,45,21,27,21,31,46,46,78,50,61,50,30,62,23,57,16,94,25,17,38,46,27,38,69,36,63,21,40,63,29,25,39,29,106,34,13,59,59,31,35,16,76,33,46,32,90,43,28,73,33,27,14,29,,42,39,35,51,45,41,21,34,29,50,15,15,39,20,17,10,15,42,12,16,38,22,47,22,29,59,33,38,40,15,34,32,32,53,15,19,22,14,41,45,34,77,28,27,33,42,41,63,54,34,23,12,34,17,26,8,63,54,34,61,29,39,51,48,26,38,58,100,38,67,11,20,47,36,18,30,34,,,,,,,,17,45,21,20,61,35,34,37,35,61,40,29,55,54,17,,,56,,,20,51,41,36,29,105,23,58,79,66,18,11,16,30,11,10,12,32,30,24,20,15,42,7,7,48,31,18,18,8,29,9,34,5,37,45,68,25,31,24,26,49,54,25,34,27,54,44,23,32,20,17,22,20,23,51,30,36,32,29,24,38,29,33,30,37,27,56,48,39,25,32,40,43,30,24,26,26,50,32,30,33,29,32,34,29,29,28,28,21,20,24,12,22,14,20,15,30,46,88,27,47,58,67,24,41,55,4,29,11,27,29,44,19,24,64,19,9,25,14,15,10,15,16,67,15,41,8,8,,,,9,9,,42,53,35,27,19,38,48,49,26,25,16,24,14,55,50,30,13,9,12,6,11,18,31,31,66,56,53,48,35,40,22,68,32,13,34,61,62,15,46,30,37,42,20,26,33,29
20190317,21,NO2_24h,46,62,45,73,63,46,51,21,30,50,54,43,50,52,46,35,39,37,37,65,81,77,85,31,52,68,76,64,65,63,38,30,31,58,47,69,46,68,59,33,32,35,42,26,73,28,25,45,66,45,64,70,47,71,21,34,60,32,35,54,28,73,30,8,51,40,21,27,12,78,39,29,57,66,46,37,48,30,30,32,23,,48,40,61,60,58,46,49,54,53,39,21,31,46,24,17,10,13,34,14,13,39,20,52,24,50,35,48,47,48,32,33,34,31,35,21,20,25,17,66,66,37,67,58,33,29,35,45,46,37,36,28,16,25,20,24,5,37,30,36,37,22,32,26,22,18,64,46,68,48,61,16,15,45,26,40,43,45,,,,,,,,47,31,30,28,64,66,54,66,55,52,80,58,63,51,36,,,63,,,18,33,44,55,46,46,47,46,47,48,17,6,23,34,16,11,9,23,34,35,24,20,22,12,18,20,19,8,11,12,15,16,11,10,22,52,48,46,50,35,24,59,46,45,68,47,47,46,24,24,18,23,26,27,30,36,32,23,26,26,22,30,61,55,47,30,39,31,48,35,50,30,49,33,29,37,28,27,32,37,23,41,30,33,21,25,19,22,22,20,17,20,16,19,13,17,15,29,21,35,28,37,28,43,18,27,28,4,11,14,22,18,30,20,12,30,12,7,19,9,14,12,11,12,33,9,27,9,8,,,,8,23,,38,62,34,35,23,35,33,32,41,16,19,33,15,23,16,27,15,13,10,9,6,21,55,42,58,38,31,43,22,37,46,40,34,11,31,48,48,20,33,24,34,28,23,35,22,26
20190317,21,O3,71,54,118,56,57,116,100,32,70,66,87,102,113,27,31,76,49,72,63,94,107,86,104,84,57,70,112,65,67,104,91,99,70,136,116,34,109,106,112,97,65,110,39,134,52,84,111,26,102,77,90,30,37,57,110,82,48,94,96,78,119,12,12,45,23,28,44,79,93,35,75,59,76,22,21,33,30,90,88,110,100,,64,101,106,63,76,78,86,65,101,78,88,99,65,42,127,111,80,47,139,79,36,111,30,103,106,28,109,100,83,74,75,75,64,53,91,56,67,66,111,105,38,37,90,98,103,77,90,6,14,51,66,42,25,24,24,71,17,30,81,22,37,45,35,17,85,56,62,7,41,50,98,88,52,54,105,51,90,,,,,,,,82,55,89,82,94,94,114,93,90,61,96,124,85,111,74,,,111,,,110,71,99,106,67,8,114,53,13,37,71,78,74,86,64,56,107,66,82,64,71,65,32,75,79,36,53,68,77,83,57,97,44,55,37,97,63,104,104,81,75,86,79,81,74,92,90,110,89,28,59,59,49,37,32,16,35,31,34,35,23,24,88,95,103,65,86,42,52,72,83,64,62,28,57,71,47,83,4,42,39,61,26,29,38,38,39,25,11,19,17,10,32,22,28,30,24,31,29,10,77,46,21,4,60,21,29,99,35,114,35,37,44,55,8,14,45,110,61,90,106,115,87,46,38,105,56,86,105,,,,61,74,,15,47,56,103,79,45,69,69,68,80,102,66,83,49,45,52,103,93,104,93,83,108,75,72,44,71,46,29,29,58,107,27,71,41,36,5,8,91,79,59,70,40,118,77,86,53
20190317,21,O3_24h,122,129,132,118,99,168,136,128,100,132,122,145,154,104,106,93,88,94,85,206,159,160,171,111,125,139,167,119,168,168,131,117,116,168,197,102,193,125,178,158,145,177,125,141,137,130,146,64,134,100,136,93,70,141,124,125,142,124,133,190,150,92,32,83,63,85,79,113,113,97,106,117,78,47,65,60,108,122,111,110,146,,116,135,150,131,135,131,97,114,136,133,107,105,128,64,146,144,125,138,152,117,72,153,92,123,137,99,156,145,126,84,100,88,85,82,103,83,103,88,147,135,89,114,146,153,132,131,146,60,69,74,93,85,71,62,40,110,74,94,119,69,82,93,85,66,129,95,110,57,90,112,125,110,84,75,125,111,119,,,,,,,,128,91,118,112,213,152,198,179,191,189,177,147,154,167,127,,,167,,,145,144,122,160,105,114,147,108,102,103,93,97,92,116,82,84,122,95,98,94,90,75,102,91,97,113,85,94,99,91,94,105,103,65,103,155,146,124,125,136,120,143,141,119,97,148,143,131,145,56,83,79,95,94,49,64,63,71,73,70,49,105,133,127,153,130,126,116,131,134,112,105,118,92,115,126,94,130,55,65,73,77,42,54,100,74,90,46,34,38,45,43,40,47,45,45,36,59,89,91,112,107,56,69,92,77,99,125,76,138,62,68,108,70,45,83,68,124,106,103,133,121,129,104,166,119,118,106,112,,,,85,81,,44,92,86,126,138,85,122,126,95,112,114,108,99,128,126,78,136,122,142,141,108,110,92,115,127,107,105,52,71,128,116,79,102,76,64,32,24,104,138,106,89,113,160,90,103,96
20190317,21,O3_8h,102,86,116,99,77,146,119,94,86,110,104,125,130,77,86,85,66,83,74,146,135,137,128,95,98,105,143,92,130,127,113,107,97,139,158,67,132,104,162,112,113,148,83,134,101,87,127,39,117,89,115,62,51,101,116,107,91,111,118,139,134,55,12,57,39,67,65,100,103,69,91,92,63,35,46,45,83,108,100,100,122,,90,116,131,106,107,107,88,93,121,114,98,91,109,51,133,109,94,95,147,92,51,133,61,116,122,73,138,112,110,74,90,78,73,70,95,70,79,76,134,118,64,82,123,133,119,113,122,22,45,53,70,66,38,25,26,84,49,72,106,47,61,80,64,52,113,74,90,31,66,88,117,105,65,65,115,86,105,,,,,,,,94,58,104,104,171,124,147,130,141,133,136,129,124,134,92,,,146,,,132,118,106,134,89,97,137,88,68,88,83,91,80,105,76,73,115,82,85,81,77,68,80,79,87,82,73,85,91,86,81,95,78,52,84,131,117,113,106,115,102,99,119,105,85,123,118,121,116,39,62,68,70,63,37,36,42,34,51,48,31,64,111,112,129,105,109,93,68,109,89,86,87,48,89,95,56,110,26,56,57,67,23,37,81,59,72,21,17,25,24,16,36,25,33,31,26,39,69,66,81,86,52,40,78,53,78,115,57,123,33,55,80,58,24,55,58,119,83,99,127,119,109,74,115,112,100,99,107,,,,76,76,,25,52,74,114,87,67,109,112,85,102,105,81,93,109,101,62,115,98,117,123,90,107,64,97,98,99,91,43,39,100,109,67,92,60,48,21,18,96,124,82,77,88,134,81,95,76
20190317,21,O3_8h_24h,103,97,116,106,83,147,120,110,89,117,109,125,130,88,96,87,76,89,80,155,136,145,138,102,109,114,148,99,137,137,117,109,101,139,170,77,148,110,167,133,133,156,98,135,115,96,139,46,118,92,115,74,53,114,118,113,104,114,121,148,138,72,28,78,44,70,68,108,108,75,95,101,63,38,48,47,90,110,100,100,137,,101,117,135,121,118,112,89,104,123,119,100,91,118,56,136,131,107,116,149,107,58,139,72,119,123,87,139,112,112,76,91,82,77,74,98,77,91,81,135,119,75,91,124,138,122,119,126,27,53,56,74,68,60,49,30,100,63,75,112,49,65,83,71,60,119,80,102,40,72,93,121,108,69,66,115,98,106,,,,,,,,100,86,110,107,178,135,151,134,153,143,144,132,132,140,107,,,149,,,134,131,115,139,94,105,138,92,84,94,87,93,81,109,79,80,116,88,85,88,83,71,96,86,95,104,81,90,96,88,90,100,96,63,99,134,127,115,106,119,107,103,123,109,87,130,122,122,135,44,67,72,77,78,39,43,43,57,65,59,45,86,114,114,131,115,113,107,74,117,94,92,94,74,99,106,66,115,32,58,61,67,31,46,85,60,74,42,32,33,38,25,36,46,39,42,34,48,72,78,83,89,50,47,82,57,86,115,65,123,45,60,87,69,40,70,59,120,86,100,130,119,114,78,132,115,103,101,109,,,,79,77,,32,57,76,116,116,76,114,117,86,106,106,85,94,119,116,70,132,112,139,128,94,107,64,97,106,101,96,46,71,106,109,73,92,60,52,25,19,96,135,90,79,101,142,81,98,83
20190317,21,CO,0.608,1.089,0.763,1.617,1,0.675,0.717,1.32,0.86,0.7,0.667,0.733,0.675,1.122,1.25,0.964,0.46,0.79,0.669,0.71,0.813,0.738,0.58,0.68,0.617,0.567,0.813,0.922,0.65,0.75,0.42,0.62,0.74,0.918,0.8,0.95,0.817,0.934,0.933,0.633,0.633,0.4,0.667,0.6,1.09,0.833,0.5,0.8,0.682,0.511,0.733,0.88,0.81,0.82,0.615,0.675,0.9,0.625,0.7,0.68,0.6,1.025,0.813,0.6,0.786,0.863,0.64,0.75,0.5,0.945,0.767,1,0.671,3.543,1.133,0.786,1.067,0.62,0.45,0.633,0.575,,0.5,0.933,0.8,0.933,0.833,0.46,0.383,1.04,0.767,0.8,0.2,0.4,0.575,0.875,0.567,0.6,0.6,0.833,0.5,0.933,0.833,0.933,0.933,0.767,0.8,1.233,0.84,1.538,1.017,0.475,1.114,0.917,1.46,0.84,0.586,0.56,0.62,0.375,0.7,0.76,0.478,0.843,0.84,0.867,0.783,0.7,1.2,1.06,0.9,1.183,0.92,0.7,0.925,0.95,0.8,0.6,0.725,0.867,0.78,0.925,0.875,0.625,0.683,1.04,0.6,0.72,0.925,2.95,0.838,0.675,0.6,0.45,1.3,0.84,0.467,0.7,1.05,,,,,,,,0.7,0.85,0.65,0.8,0.85,0.85,0.55,1.05,0.7,1.2,1.067,0.95,1.15,1.45,0.45,,,0.6,,,0.5,0.875,0.733,0.85,0.8,1.2,0.78,0.667,1.167,1.767,0.467,0.2,0.567,0.45,0.367,0.1,0.567,0.64,0.375,0.45,0.9,0.5,1.3,0.6,0.1,1,0.85,0.525,0.725,0.433,0.54,0.467,1,0.35,0.95,0.683,0.817,0.6,0.867,0.8,0.6,0.775,0.833,0.567,0.7,0.65,0.767,0.9,0.7,0.625,0.75,0.65,0.8,0.48,0.8,0.867,0.425,1.18,0.625,0.629,0.82,0.575,0.433,0.875,0.975,0.9,0.475,0.86,1.329,0.467,0.717,0.875,0.733,0.86,1,0.8,0.675,0.7,0.9,0.9,0.96,0.92,0.88,0.66,0.72,0.54,0.8,0.975,0.9,1.1,0.8,1.033,0.65,0.75,0.6,0.85,0.75,0.6,0.625,0.933,0.68,0.725,0.92,1.04,0.5,0.6,0.8,0.333,0.45,0.72,0.64,0.65,0.7,0.55,0.1,0.85,0.2,0.55,0.85,0.7,0.7,0.7,1.1,1.05,1.45,0.55,1.15,0.8,0.5,,,,0.8,0.4,,1.3,0.943,0.7,0.55,0.55,0.633,0.8,0.55,0.45,0.6,0.567,0.55,0.5,1.25,1,0.4,0.3,0.4,0.5,1.1,0.4,0.2,0.55,0.667,0.967,1.05,1.55,1.667,0.55,0.3,0.55,0.55,0.867,1.6,0.45,2.5,3.1,0.1,0.75,0.55,0.75,1.167,0.725,0.8,1.8,1.333
20190317,21,CO_24h,0.65,1.2,0.837,1.8,1.08,0.85,0.7,0.78,0.64,0.95,0.767,0.7,0.7,0.844,1,0.627,0.63,0.89,0.846,0.94,1,0.825,0.8,0.76,0.733,0.8,1.1,1.033,0.85,1,0.52,0.78,0.74,0.891,0.8,0.875,0.903,1.031,0.967,0.633,0.6,0.6,0.6,0.6,0.83,0.7,0.45,0.811,0.836,0.756,0.767,1.03,0.98,0.69,0.577,0.575,0.788,0.475,0.6,0.68,0.56,0.85,0.863,0.58,0.768,0.675,0.51,0.7,0.483,0.9,0.75,1,1.143,2.714,1.167,0.929,1.067,0.7,0.4,0.667,0.525,,0.825,1,1.05,1.233,1.317,0.68,0.767,0.98,0.933,1.2,0.333,0.5,0.85,0.85,0.55,0.55,0.533,0.767,0.5,0.7,0.733,0.733,0.867,0.933,1.033,2.117,1.34,1.363,0.867,0.625,1.229,0.767,1.28,0.8,0.686,0.88,0.66,0.4,1.025,0.96,0.467,0.829,1.24,0.9,0.8,0.675,0.775,0.84,0.7,1.133,0.92,0.675,0.8,0.975,0.75,0.6,0.55,0.75,1.22,0.7,0.625,0.55,0.583,0.667,1,1,0.65,1.225,0.938,0.75,0.733,0.35,1.6,0.86,0.6,1,0.65,,,,,,,,1.3,0.8,0.9,0.95,1.033,1.2,0.8,1,0.9,1.05,1.133,0.95,1,1.35,0.6,,,0.7,,,0.5,0.825,0.733,2.233,0.82,0.7,2.12,0.667,0.933,1.1,0.5,0.3,0.667,0.55,0.633,0.1,0.5,0.48,0.525,0.8,0.95,0.55,1.05,0.55,0.3,0.6,0.725,0.45,0.45,0.367,0.4,0.567,0.567,0.4,0.7,0.85,0.667,0.767,1.2,0.76,0.533,0.775,0.633,0.6,0.7,0.5,0.7,0.733,0.625,0.575,0.65,0.65,0.8,0.44,0.78,0.883,0.375,1.08,0.65,0.629,0.9,0.45,1.167,1.15,1.1,0.833,0.475,0.76,0.986,0.5,1.25,0.85,0.733,0.72,0.95,0.85,0.675,0.7,0.75,0.917,0.82,1.22,0.96,0.54,0.7,0.56,0.8,0.95,0.867,1.1,0.7,0.933,0.75,0.55,0.633,0.85,0.75,0.55,0.5,0.533,0.7,0.65,0.783,0.66,0.4,0.5,0.54,0.6,0.35,0.7,0.62,0.575,0.7,0.55,0.1,0.5,0.2,0.55,0.75,0.667,0.7,0.8,0.967,1,1.25,0.6,0.95,0.85,0.5,,,,0.967,0.5,,1.075,1.014,0.6,0.5,0.7,0.7,0.6,0.6,0.5,0.5,0.533,0.65,0.5,0.85,0.3,0.5,0.5,0.9,0.6,1.2,0.4,0.3,0.967,0.733,0.9,0.95,1.35,1.7,0.25,0.8,1.25,0.85,1,2.2,0.5,2.1,3.6,0.1,0.75,0.5,0.625,1,0.7,1.225,1,1.2
20190317,22,AQI,82,65,106,76,76,99,105,80,76,80,80,87,98,84,88,62,46,63,72,85,113,139,67,47,98,79,100,93,88,86,67,60,71,136,93,81,122,116,131,58,71,81,56,79,90,56,70,65,93,51,76,87,67,74,63,64,76,70,78,75,76,104,20,42,68,59,76,58,50,85,61,93,61,167,74,77,64,56,51,53,66,,85,112,99,84,81,96,63,70,92,108,53,55,83,87,77,58,59,63,89,70,75,75,68,62,109,62,81,87,94,54,48,67,38,69,48,105,56,85,104,135,58,139,89,91,87,74,96,133,69,59,58,31,30,42,33,40,56,69,56,86,88,56,60,59,58,55,80,112,49,86,62,88,81,75,454,83,101,,,,,,,,48,52,54,51,144,70,87,87,77,92,99,97,128,146,53,,,86,,,75,89,81,87,69,104,86,60,84,93,96,44,59,57,54,72,63,81,60,75,47,38,64,129,60,82,62,53,58,58,55,48,59,87,61,114,150,75,92,58,61,132,115,87,76,125,83,127,80,40,56,48,53,59,53,83,60,49,54,67,57,55,83,86,117,74,70,69,232,72,59,63,64,80,87,63,65,60,78,53,89,63,39,59,62,54,44,54,18,25,13,28,19,27,20,16,15,46,57,99,53,60,65,76,56,44,59,61,28,71,37,82,65,39,23,60,67,66,49,50,82,66,93,65,153,61,66,57,56,,,,78,38,,64,63,55,61,55,54,89,99,42,104,54,53,52,71,121,98,69,106,81,64,45,58,59,48,65,118,107,87,61,134,115,83,95,54,24,182,157,112,87,81,70,65,76,52,98,54
20190317,22,PM2.5,58,41,79,53,55,68,78,52,41,46,50,60,57,53,65,35,19,28,30,62,84,106,48,18,69,56,75,69,65,63,40,40,50,103,41,59,71,87,99,24,51,23,33,43,64,39,33,46,49,23,54,64,48,47,38,45,48,50,57,45,32,77,10,16,47,37,55,33,12,56,43,33,31,126,53,56,36,15,17,21,44,,62,79,52,53,38,54,20,30,68,70,31,19,24,64,17,33,32,44,25,50,54,47,44,38,72,40,52,64,70,18,17,28,19,45,22,27,33,28,77,102,40,106,66,67,64,53,71,101,48,41,40,15,21,14,23,17,37,49,26,63,65,32,37,34,22,30,58,69,33,52,16,37,42,54,100,25,49,,,,,,,,5,33,11,24,110,50,64,63,42,68,74,72,97,111,31,,,47,,,53,66,59,60,38,46,56,26,42,32,38,20,24,28,24,11,22,48,32,36,27,21,40,26,22,60,42,25,37,14,30,27,26,23,43,85,115,54,68,30,37,100,86,56,55,94,61,96,58,28,39,33,36,41,36,61,42,34,36,48,38,24,61,59,88,38,44,43,181,46,37,42,41,58,64,35,43,34,47,36,66,44,26,41,34,36,28,37,12,17,9,18,10,14,13,8,10,27,31,74,36,39,42,48,39,26,41,18,17,22,25,60,30,24,14,41,48,28,21,16,60,23,69,46,116,25,39,26,32,,,,57,11,,45,25,30,29,38,29,66,41,27,42,30,36,20,25,69,61,24,45,37,26,9,16,31,27,46,56,37,64,38,55,65,39,48,24,16,137,119,45,64,59,50,46,39,23,43,37
20190317,22,PM2.5_24h,44,56,70,62,38,66,49,21,18,45,54,49,64,28,27,32,21,48,32,80,60,91,94,27,61,70,78,83,90,93,49,55,49,62,55,55,60,76,76,40,37,33,36,39,54,40,35,44,49,41,68,49,52,35,30,28,39,31,31,38,27,63,12,17,47,39,31,35,12,54,33,33,41,103,56,52,38,14,21,16,34,,64,45,63,61,52,54,44,61,59,59,39,32,52,46,28,25,26,33,29,32,44,37,48,46,62,28,49,49,41,21,29,39,23,30,31,30,33,25,59,70,38,76,95,65,51,51,44,55,31,40,31,14,27,56,25,19,36,51,32,56,56,44,34,24,35,65,39,33,43,47,17,22,35,56,80,52,34,,,,,,,,26,21,24,29,96,70,93,100,87,89,99,65,94,74,49,,,57,,,34,54,57,57,37,24,58,23,28,31,25,13,22,22,27,6,18,25,44,61,44,22,34,31,42,31,31,17,25,13,19,25,13,27,23,78,74,61,59,41,32,67,60,63,50,75,46,54,36,33,33,29,39,37,35,47,38,34,42,36,40,24,66,54,68,42,53,36,133,43,50,35,45,44,48,43,36,38,25,39,35,51,43,39,37,36,25,37,17,24,17,34,15,28,10,20,13,27,25,42,38,38,35,39,28,31,32,15,13,20,22,35,21,17,8,29,22,24,16,9,39,30,64,31,107,22,42,23,20,,,,27,15,,33,28,30,25,28,23,32,46,22,24,29,30,18,18,24,42,29,43,39,28,9,40,58,30,37,35,35,71,34,59,107,45,44,22,12,132,154,54,65,35,23,35,36,30,25,50
20190317,22,PM10,111,77,160,100,96,145,153,108,99,107,108,122,143,116,113,71,45,73,92,56,166,148,76,44,143,106,138,105,105,108,82,68,89,168,70,103,192,113,158,48,82,41,59,60,128,30,58,71,134,50,99,116,52,96,62,76,100,61,82,61,60,128,19,41,83,66,82,64,30,118,62,134,69,178,54,62,76,43,42,46,63,,105,171,145,116,110,140,73,88,115,163,53,58,113,,32,49,66,60,35,66,70,54,83,66,165,71,99,107,110,56,47,81,37,86,40,158,60,118,92,108,46,180,113,100,113,88,117,146,85,63,46,27,26,41,24,37,59,71,60,97,96,60,67,66,61,58,97,172,48,120,72,124,110,95,553,113,150,,,,,,,,47,51,55,39,177,67,105,121,93,115,120,98,119,175,53,,,75,,,88,122,97,122,86,155,120,68,116,133,139,25,66,61,55,92,43,110,68,98,46,37,76,205,68,77,71,54,63,64,57,39,65,122,66,147,193,85,104,50,69,173,156,122,91,146,93,109,,,50,38,,62,45,97,,46,55,71,61,58,94,120,128,95,87,86,191,92,66,74,75,91,112,73,78,68,104,46,50,57,38,49,72,55,43,45,15,24,12,27,18,26,19,14,14,45,61,108,44,68,78,100,49,43,65,29,27,43,36,79,78,38,22,68,,59,48,40,,44,77,66,158,55,79,61,32,,,,98,,,73,74,57,49,43,56,119,145,41,155,49,51,,89,190,143,85,159,110,48,27,37,66,37,66,184,162,99,70,216,178,114,137,56,22,240,150,171,89,73,70,68,51,52,143,56
20190317,22,PM10_24h,91,93,146,129,89,151,102,49,46,93,101,102,142,77,66,58,48,98,78,97,120,118,133,61,134,119,143,124,130,145,101,96,84,113,92,110,111,115,128,75,56,62,65,61,111,58,61,91,144,91,134,91,61,80,55,56,86,53,63,71,66,104,18,42,74,63,50,60,29,129,70,84,87,164,75,68,68,39,46,45,57,,136,107,158,102,128,149,109,131,122,123,76,68,104,54,49,50,58,56,56,56,62,58,76,72,161,59,102,95,80,51,60,75,47,86,50,93,63,80,91,109,71,150,142,99,99,84,98,88,59,66,42,34,33,78,31,38,48,60,65,75,79,61,49,38,71,117,72,102,81,123,59,89,92,93,410,129,122,,,,,,,,72,46,73,69,140,109,145,161,129,153,157,99,127,120,82,,,106,,,62,106,89,140,130,66,118,63,86,107,67,19,50,40,54,40,35,78,77,106,58,36,54,143,103,48,54,40,47,31,36,49,30,59,40,137,139,110,108,72,55,120,116,125,102,114,77,81,52,43,39,48,60,69,56,76,46,48,63,59,60,57,125,111,114,75,98,65,168,84,97,68,88,70,82,83,70,69,60,52,44,74,61,51,65,63,43,56,24,33,22,45,25,34,16,27,13,40,39,57,51,56,58,64,34,48,48,21,19,37,34,46,44,26,17,42,20,48,42,30,61,49,74,44,154,47,83,50,28,,,,37,17,,61,70,63,51,43,50,68,86,54,102,61,67,28,43,71,89,81,110,92,63,33,253,104,46,98,128,173,117,59,213,291,198,117,53,23,212,249,229,91,60,61,54,65,66,62,71
20190317,22,SO2,6,21,20,18,21,16,18,22,10,11,29,17,15,24,23,40,12,11,14,7,20,10,10,8,11,13,10,14,13,7,6,7,11,14,11,11,14,21,11,8,6,7,8,10,15,4,5,3,18,5,14,9,5,8,4,5,11,4,5,7,6,23,7,4,8,4,20,13,3,14,15,8,30,7,10,6,19,14,10,9,11,,12,18,16,25,21,31,6,6,25,23,4,4,13,7,6,4,3,8,8,5,17,17,9,13,15,41,13,36,26,12,11,27,16,64,10,22,5,6,13,18,11,13,17,14,13,15,24,11,11,4,7,2,7,6,12,2,5,18,12,10,10,3,6,29,14,7,19,33,5,20,4,2,31,4,5,13,32,,,,,,,,8,9,7,5,10,9,14,11,14,11,11,15,13,15,8,,,9,,,10,21,9,14,17,35,23,31,33,106,25,3,8,23,12,18,14,43,14,10,14,7,11,6,11,13,17,8,6,5,6,10,23,5,47,23,29,12,16,7,5,19,10,8,18,10,14,23,4,4,7,9,5,8,5,40,8,3,4,14,11,15,12,20,20,16,9,6,11,12,8,11,9,7,7,5,6,11,2,6,13,3,5,9,4,4,11,9,4,14,5,6,6,7,6,4,2,9,7,12,5,6,7,7,5,4,6,6,21,11,27,62,3,10,1,13,13,5,10,6,13,18,11,4,7,5,7,8,6,,,,5,10,,9,23,10,8,44,11,22,17,7,8,8,5,5,12,14,8,9,10,10,8,8,5,18,6,9,12,6,6,8,9,8,17,18,4,6,8,4,7,5,18,21,8,11,12,23,16
20190317,22,SO2_24h,6,19,19,35,26,23,17,12,9,9,27,18,23,22,16,21,14,9,19,12,20,14,18,11,14,16,17,19,21,20,11,9,11,11,14,14,13,28,14,8,6,14,16,9,12,5,6,14,17,8,12,12,8,9,5,6,13,5,8,12,8,21,7,4,9,5,14,15,3,14,15,15,42,7,12,10,26,13,11,17,10,,21,23,25,29,32,23,12,12,25,35,6,6,19,11,9,4,5,10,10,7,19,15,13,11,17,46,22,56,24,21,20,23,19,46,9,17,6,7,23,28,13,18,24,14,13,16,16,12,11,7,9,3,10,8,12,2,4,11,31,13,9,3,5,14,15,15,17,16,10,17,8,3,46,4,7,16,19,,,,,,,,16,9,7,9,18,15,21,17,17,11,21,20,17,18,13,,,14,,,8,16,13,36,46,22,29,32,23,77,14,2,13,23,8,23,13,32,19,12,12,7,18,6,11,11,11,9,6,6,6,11,17,6,34,26,20,14,29,9,7,16,6,10,11,11,11,13,6,6,6,14,7,11,10,23,20,7,13,12,10,22,25,24,19,11,11,5,12,9,16,14,17,17,7,7,8,11,4,9,10,7,8,8,7,7,11,10,4,12,6,7,10,7,6,5,2,11,10,8,7,5,11,8,7,4,7,8,19,13,17,28,4,9,1,22,12,5,9,6,11,14,13,6,7,5,9,8,6,,,,5,16,,13,24,14,11,112,12,7,15,10,16,14,11,6,11,10,15,20,11,10,15,9,7,38,24,13,9,5,6,7,7,9,21,13,4,5,8,12,6,6,14,20,9,12,24,19,30
20190317,22,NO2,52,62,31,63,70,29,42,54,53,41,49,26,46,94,83,40,38,24,21,46,52,67,28,24,67,39,47,51,44,19,27,21,29,50,38,73,58,60,47,21,61,37,64,17,95,28,21,27,46,22,41,61,36,64,24,40,52,25,29,41,31,101,34,13,59,62,28,40,24,77,29,60,29,88,38,37,87,32,30,15,29,,40,49,34,73,34,42,19,35,28,38,14,13,37,20,15,10,14,43,9,14,47,18,57,29,29,65,28,37,66,17,14,31,28,54,15,14,21,12,44,44,30,83,25,26,35,52,48,59,59,30,30,15,29,18,26,10,63,62,31,56,39,43,52,46,29,38,57,95,39,91,20,18,43,29,20,32,34,,,,,,,,15,37,16,18,43,,31,28,41,63,36,35,54,48,16,,,29,,,19,53,36,35,30,90,28,57,80,88,20,13,15,29,15,3,10,34,27,20,11,18,41,7,8,38,27,17,14,8,19,7,22,5,31,47,68,24,47,23,16,52,52,24,41,23,46,48,32,29,20,17,15,23,19,53,29,31,25,29,20,41,31,37,34,41,38,49,46,37,38,39,26,36,33,18,22,33,41,33,36,28,27,35,38,22,28,27,28,23,23,24,9,22,14,19,18,30,45,81,38,59,52,63,23,35,53,9,30,11,26,29,21,18,23,70,29,5,22,13,18,11,11,13,60,11,39,6,8,,,,16,22,,41,46,44,33,22,39,53,75,46,21,17,20,6,36,58,47,12,11,13,9,6,16,32,19,50,82,95,50,41,96,48,80,47,14,35,61,60,55,55,33,36,53,19,17,32,20
20190317,22,NO2_24h,47,62,45,72,62,45,50,22,31,51,53,41,49,54,49,35,38,36,34,64,79,77,79,30,52,65,72,62,64,60,36,28,31,56,47,70,46,68,58,33,34,33,43,25,72,28,25,44,64,43,63,70,45,69,21,34,59,31,35,53,28,77,30,9,51,40,21,28,13,77,38,30,55,67,40,37,49,30,30,31,24,,47,41,59,60,57,44,47,52,50,38,21,30,46,24,17,10,13,34,13,13,40,20,52,24,47,37,47,45,48,30,32,34,30,36,20,19,24,16,62,64,36,67,56,31,29,35,43,47,38,36,28,16,25,20,24,5,38,30,35,38,22,32,25,23,18,61,45,68,47,60,16,15,44,26,39,42,44,,,,,,,,43,31,29,28,63,77,53,64,53,51,78,57,63,49,35,,,59,,,18,34,44,54,44,48,45,46,48,48,16,6,22,35,15,9,9,24,34,35,23,19,23,12,17,21,18,8,11,12,15,15,12,9,22,50,49,43,50,35,23,59,45,43,67,44,46,45,24,27,18,22,22,25,29,36,32,24,25,26,21,30,59,54,46,30,38,32,48,33,49,30,48,33,29,36,27,28,32,36,24,40,30,33,21,24,19,22,23,20,17,20,15,19,12,18,15,29,21,33,29,38,28,43,18,26,29,4,12,14,22,18,28,19,12,32,13,7,19,9,15,12,11,12,34,9,27,9,8,,,,8,23,,39,61,34,34,22,35,34,34,40,16,19,33,8,23,18,28,15,13,10,9,5,21,53,41,56,37,33,44,22,37,46,41,33,10,31,48,48,20,33,24,35,28,23,34,23,28
20190317,22,O3,58,54,108,61,49,100,90,41,66,70,73,98,87,20,21,60,60,68,64,86,84,71,102,89,53,66,99,64,66,104,89,97,64,118,122,34,92,107,83,106,53,81,31,122,48,80,97,36,99,79,78,32,36,51,104,81,52,93,82,69,110,9,10,39,21,21,45,72,86,26,77,38,74,21,21,22,13,82,82,107,92,,63,79,100,25,87,66,88,61,98,79,74,97,57,40,122,107,82,40,127,82,26,116,18,90,102,16,112,97,50,73,98,73,68,51,89,60,72,64,106,98,46,27,90,95,97,59,75,4,9,54,51,25,27,21,23,66,11,14,79,18,26,36,34,15,77,52,53,6,31,23,84,83,53,56,101,49,74,,,,,,,,83,63,96,76,95,82,104,98,76,53,107,99,82,115,73,,,116,,,101,71,95,103,67,8,95,48,6,14,72,72,76,83,55,59,107,61,85,82,91,64,29,75,80,36,50,60,75,80,68,101,56,50,36,92,56,108,76,73,95,95,62,82,71,92,76,100,71,28,55,58,55,28,34,13,30,35,36,31,22,24,83,84,94,55,68,54,51,73,69,49,85,35,39,92,44,67,3,37,23,61,29,29,25,40,25,23,10,16,15,8,30,22,26,29,19,27,15,5,60,22,20,4,63,18,24,79,31,112,35,31,77,56,12,3,35,107,62,88,88,110,92,46,39,110,42,81,103,,,,42,62,,12,53,38,96,79,41,52,33,47,82,97,71,93,55,18,38,100,81,98,80,83,111,75,79,50,45,10,30,20,23,67,14,44,34,34,5,8,36,60,47,72,23,120,80,89,58
20190317,22,O3_24h,122,129,132,118,99,168,136,128,100,132,122,145,154,104,106,93,88,94,85,206,159,160,171,111,125,139,167,119,168,168,131,117,116,168,197,100,193,125,178,158,145,177,125,141,137,113,146,64,134,100,136,93,70,141,124,125,142,124,133,190,150,103,32,83,63,85,79,113,113,97,106,117,79,47,67,60,108,122,111,110,145,,116,135,149,131,135,131,97,114,136,133,106,105,128,64,146,144,123,138,151,112,72,153,92,123,137,99,156,145,126,84,105,88,87,82,103,83,103,88,147,135,89,114,146,153,132,131,146,45,67,73,93,85,71,62,36,110,74,94,119,69,82,93,87,66,129,95,110,57,90,112,125,110,84,75,125,111,119,,,,,,,,128,91,118,112,213,111,198,179,191,189,177,147,154,167,127,,,167,,,145,144,122,160,105,116,147,108,102,103,93,97,93,116,82,84,122,95,98,94,92,75,102,91,97,113,85,94,99,91,94,107,103,65,103,155,146,124,125,136,120,143,141,119,97,148,143,131,145,53,82,79,102,94,49,64,63,68,73,70,49,105,133,127,153,130,126,116,131,134,112,105,118,92,115,126,94,130,52,65,73,77,43,54,100,74,90,46,34,37,43,36,40,47,45,45,36,59,89,89,112,107,56,69,92,77,99,125,76,138,62,68,108,70,45,83,68,124,106,103,133,121,129,104,166,119,118,106,112,,,,85,81,,43,92,86,126,136,85,122,126,95,112,114,107,106,128,126,72,136,122,142,141,108,111,92,115,127,107,105,52,71,128,116,79,102,76,64,32,24,104,138,106,89,113,160,90,103,92
20190317,22,O3_8h,98,80,116,93,72,142,114,85,84,102,100,124,128,67,76,81,63,80,72,136,128,128,119,93,92,98,136,86,125,119,110,106,92,138,150,59,123,104,153,108,102,136,72,133,90,86,122,37,115,87,112,55,48,91,114,102,81,107,112,128,130,49,12,53,36,61,61,96,99,60,89,85,66,33,45,41,74,106,100,102,118,,84,113,126,95,102,101,88,88,119,109,94,92,101,49,131,108,91,85,145,89,47,128,52,113,120,61,135,110,103,73,92,77,72,67,94,68,75,74,130,116,60,72,118,127,115,105,115,19,39,52,70,61,35,25,25,79,42,66,102,44,58,74,59,46,108,69,83,28,59,78,113,101,63,64,112,78,102,,,,,,,,92,57,103,100,161,98,142,122,131,121,129,124,118,128,88,,,141,,,128,109,104,127,84,80,132,82,58,79,81,87,80,102,73,70,114,78,85,82,78,68,71,77,86,73,68,81,88,85,78,95,72,51,76,126,108,111,106,108,100,96,111,101,83,116,112,116,109,33,62,66,70,56,36,32,38,33,47,45,29,54,107,109,124,97,101,85,66,102,85,80,84,46,81,93,50,102,21,53,53,67,23,34,73,57,66,21,16,23,21,15,35,23,31,30,25,39,62,62,76,79,47,35,75,50,71,111,51,123,33,51,77,57,21,46,55,118,78,98,122,118,104,70,93,112,91,96,106,,,,72,74,,23,52,69,111,86,62,101,101,80,98,103,82,101,101,89,59,112,95,114,115,89,108,71,95,90,92,80,41,37,94,105,59,88,58,46,18,16,88,113,75,77,76,129,81,94,70
20190317,22,O3_8h_24h,103,97,117,106,83,147,120,110,89,117,109,125,130,88,96,87,76,89,80,155,136,145,138,102,110,114,148,99,138,137,117,109,101,140,170,77,148,110,167,133,133,156,98,135,115,96,139,46,118,92,115,74,53,114,118,113,104,114,121,148,138,81,28,78,44,73,68,108,108,75,95,101,66,38,50,47,90,110,100,102,137,,101,117,133,121,118,112,89,104,123,119,100,92,118,56,136,131,107,116,147,107,58,139,72,119,123,87,139,112,112,76,92,82,78,74,98,77,91,81,135,119,75,91,124,138,122,119,126,27,53,56,75,68,60,49,30,100,63,75,112,49,66,83,71,60,119,80,102,40,72,93,121,108,69,66,115,98,106,,,,,,,,100,86,110,107,178,111,151,134,153,143,144,132,132,140,107,,,149,,,134,131,115,139,94,103,138,92,84,94,87,93,83,109,79,80,116,88,85,88,83,71,96,86,95,104,81,90,96,88,90,100,96,63,99,134,127,115,107,119,107,103,123,109,87,130,122,122,135,42,68,72,82,78,39,43,43,57,65,59,45,86,114,114,131,115,113,107,74,117,94,92,94,74,99,106,66,115,32,58,61,68,31,46,85,61,74,42,32,33,38,25,36,46,39,42,34,48,72,79,83,89,50,47,82,58,86,115,65,123,45,60,87,69,40,70,59,120,86,100,130,119,114,78,132,115,103,101,109,,,,79,77,,32,57,76,116,116,76,114,117,86,106,106,85,103,119,116,70,132,112,139,128,94,108,71,97,106,101,96,46,71,106,109,73,92,60,52,25,19,96,135,90,80,101,142,81,98,80
20190317,22,CO,0.6,0.989,0.763,0.95,1.14,0.675,0.883,1.14,0.8,0.775,0.767,0.667,0.75,1.122,1.4,1.2,0.47,0.78,0.685,0.72,0.85,0.625,0.54,0.7,0.657,0.633,0.95,0.933,0.75,0.75,0.42,0.6,0.72,0.945,0.75,0.95,0.842,1.014,0.867,0.5,0.633,0.467,0.6,0.6,1.11,0.8,0.467,0.744,0.627,0.489,0.737,0.87,0.83,0.78,0.608,0.675,0.85,0.625,0.725,0.68,0.62,1,0.838,0.6,0.877,1.15,0.64,0.813,0.55,0.95,0.667,1.25,0.686,3.757,1.057,0.786,1.15,0.64,0.475,0.667,0.575,,0.475,1.033,0.8,1,0.717,0.5,0.367,0.6,0.767,0.7,0.2,0.4,0.55,0.875,0.567,0.6,0.633,0.833,0.567,0.9,0.867,0.8,1,0.833,0.767,1.583,0.84,1.613,1.183,0.5,0.567,0.8,1.1,0.88,0.629,0.5,0.6,0.36,0.85,0.94,0.4,0.8,0.82,0.9,0.767,0.725,1.35,1.16,0.867,1.15,0.94,0.775,0.9,0.95,0.783,0.6,0.775,1.033,0.66,0.9,0.975,0.675,0.733,1,0.6,0.72,0.875,2.925,0.838,0.85,0.7,0.35,1.075,0.84,0.6,0.75,1.15,,,,,,,,0.7,0.85,0.65,0.75,0.767,0.8,0.55,0.55,0.7,1.2,0.833,1.05,1.15,1.35,0.45,,,0.45,,,0.525,0.85,0.733,0.883,0.66,1.225,0.96,0.733,1,2.067,0.633,0.25,0.6,0.5,1.3,0.1,0.533,0.74,0.5,0.467,0.9,0.65,1.1,0.55,0.1,0.933,0.775,0.45,0.6,0.367,0.5,0.467,0.9,0.4,1.1,0.65,0.817,0.633,0.82,0.84,0.5,0.8,0.867,0.567,0.675,0.6,0.933,0.9,0.7,0.633,0.775,0.65,0.7,0.5,0.72,0.9,0.375,1.12,0.675,0.657,0.8,0.5,0.433,0.925,1.025,0.967,0.5,0.82,1.329,0.533,0.8,0.95,0.533,0.82,1.1,0.7,0.575,0.733,0.95,0.95,0.95,0.88,0.9,0.66,0.8,0.48,0.833,0.95,0.833,1.333,0.775,1,0.65,0.8,0.633,0.85,0.75,0.6,0.675,1.033,0.74,0.975,0.92,1.02,0.5,0.625,0.84,0.433,0.5,0.74,0.62,0.775,0.6,0.6,0.15,0.95,0.2,0.55,0.85,0.733,0.8,0.7,1.033,1.05,1.4,0.55,1.05,0.8,0.5,,,,1.633,0.6,,1.325,0.943,0.767,0.4,0.55,0.767,0.95,0.7,0.4,0.5,0.567,0.5,0.3,1.05,0.8,0.4,0.4,0.8,0.5,1.2,0.4,0.2,1.6,0.6,1.033,1.2,2.25,1.767,0.65,1.1,0.8,0.65,1.1,1.7,0.55,2.45,3.1,0.4,0.85,0.625,0.825,1.233,0.725,0.55,1.7,1.225
20190317,22,CO_24h,0.658,1.172,0.837,1.767,1.08,0.85,0.7,0.78,0.64,0.95,0.767,0.7,0.7,0.856,1.038,0.664,0.57,0.87,0.815,0.94,1,0.838,0.8,0.74,0.743,0.8,1.063,1.044,0.85,1,0.5,0.76,0.74,0.891,0.8,0.875,0.903,1.031,0.967,0.633,0.6,0.6,0.6,0.6,0.85,0.717,0.45,0.811,0.818,0.733,0.767,1.04,0.96,0.69,0.585,0.575,0.788,0.5,0.6,0.68,0.56,0.833,0.863,0.58,0.764,0.687,0.51,0.713,0.483,0.9,0.767,0.975,1.143,2.786,1.1,0.929,1.067,0.7,0.4,0.7,0.525,,0.825,1,1.033,1.233,1.3,0.66,0.7,0.94,0.9,1.2,0.333,0.467,0.85,0.85,0.533,0.55,0.567,0.767,0.6,0.7,0.733,0.733,0.867,0.933,0.967,2.117,1.3,1.363,0.883,0.625,1.229,0.783,1.3,0.8,0.657,0.84,0.64,0.4,1.025,0.96,0.467,0.814,1.24,0.9,0.8,0.675,0.8,0.84,0.733,1.117,0.92,0.675,0.8,0.975,0.75,0.6,0.55,0.767,1.18,0.725,0.675,0.55,0.567,0.667,1,1,0.65,1.25,0.925,0.75,0.733,0.35,1.6,0.86,0.6,1,0.65,,,,,,,,1.2,0.8,0.9,0.95,1,1.1,0.8,0.95,0.9,1.05,1.133,1,1,1.35,0.6,,,0.7,,,0.5,0.825,0.733,2.217,0.78,0.875,2.1,0.667,0.933,1.133,0.5,0.3,0.633,0.55,0.6,0.1,0.5,0.48,0.525,0.767,0.95,0.55,1.05,0.55,0.25,0.6,0.75,0.475,0.4,0.367,0.38,0.567,0.6,0.4,0.7,0.833,0.667,0.767,1.183,0.76,0.533,0.775,0.667,0.6,0.675,0.5,0.733,0.733,0.625,0.6,0.65,0.65,0.7,0.46,0.8,0.867,0.375,1.08,0.65,0.629,0.88,0.475,1.133,1.15,1.1,0.833,0.475,0.76,0.986,0.5,1.25,0.85,0.733,0.72,0.95,0.85,0.675,0.7,0.8,0.917,0.84,1.22,0.96,0.58,0.7,0.56,0.8,0.95,0.867,1.1,0.7,0.933,0.75,0.55,0.633,0.85,0.75,0.55,0.5,0.575,0.7,0.675,0.8,0.66,0.4,0.5,0.54,0.6,0.35,0.7,0.6,0.575,0.7,0.55,0.1,0.55,0.2,0.55,0.75,0.667,0.8,0.8,0.967,1,1.25,0.6,0.95,0.85,0.5,,,,1,0.5,,1.125,1.014,0.6,0.5,0.65,0.7,0.6,0.6,0.5,0.5,0.533,0.65,0.3,0.85,0.3,0.5,0.5,0.9,0.6,1.2,0.3,0.3,1,0.733,0.9,0.9,1.4,1.733,0.3,0.8,1.25,0.85,0.967,2.2,0.5,2.15,3.6,0.1,0.75,0.5,0.65,1,0.7,1.225,1.025,1.225
20190317,23,AQI,86,70,105,72,82,95,110,86,75,97,78,80,102,90,99,61,48,66,68,83,105,133,67,47,100,83,98,103,97,82,67,60,70,137,85,87,117,111,110,55,72,71,55,76,96,58,65,59,96,46,76,81,71,74,61,62,70,67,80,63,73,98,19,40,66,64,88,59,48,82,59,92,60,165,82,80,74,53,49,52,65,,92,113,100,92,81,95,61,65,86,98,54,59,78,89,75,57,59,60,86,72,80,71,70,63,111,72,76,89,97,58,47,57,38,68,47,100,56,85,127,175,53,144,98,94,85,77,99,142,66,57,67,40,32,42,29,39,58,75,59,105,92,58,60,57,65,58,76,105,51,104,73,85,77,71,470,71,131,,,,,,,,52,48,52,48,141,81,81,91,72,91,103,94,138,146,50,,,83,,,74,87,74,85,64,96,87,64,83,117,96,42,48,56,54,62,64,78,71,75,48,37,63,185,73,61,75,46,64,60,58,49,50,78,66,113,141,71,100,50,53,125,124,86,91,103,78,121,80,48,49,50,53,56,59,83,60,45,55,69,55,51,82,86,119,76,73,67,226,71,56,65,56,70,89,57,59,62,75,50,61,63,38,60,67,55,44,43,16,26,17,23,20,32,19,15,15,47,57,76,63,64,63,84,56,39,59,56,30,68,46,77,56,39,26,60,81,65,43,49,78,66,96,67,141,61,66,47,56,,,,93,36,,73,61,58,58,63,47,77,81,52,89,53,43,45,65,114,101,66,100,71,58,44,58,56,60,61,135,116,83,62,185,143,89,120,43,23,163,146,122,93,91,75,61,72,47,102,53
20190317,23,PM2.5,61,45,69,52,60,61,77,50,44,72,57,58,72,56,74,31,19,24,29,61,71,101,48,16,73,61,73,76,72,60,36,38,50,104,36,64,67,83,82,25,52,26,31,46,71,40,34,38,49,23,51,59,51,47,38,41,49,48,58,40,29,73,11,15,47,42,65,35,13,48,41,32,31,125,60,58,43,16,19,22,46,,68,74,50,57,36,53,22,27,63,61,30,22,26,66,17,31,30,42,25,52,58,50,46,40,76,45,48,66,72,21,14,21,19,48,18,27,34,25,96,132,36,110,73,70,62,55,74,108,47,39,48,17,22,20,20,16,38,54,29,78,68,34,38,30,22,40,55,56,30,62,22,35,44,46,103,30,44,,,,,,,,2,27,13,22,107,59,59,67,39,67,76,70,105,111,28,,,44,,,53,55,53,55,30,42,60,33,42,73,40,18,22,28,27,12,26,56,44,27,23,20,36,24,24,43,51,23,42,12,30,26,22,22,47,84,107,51,75,31,33,94,93,63,67,76,57,91,58,33,34,35,36,39,41,61,42,31,37,49,37,29,60,63,89,37,49,37,175,51,33,42,33,50,66,30,41,37,48,35,43,44,25,42,35,35,30,30,11,15,9,16,14,22,13,9,9,29,34,55,44,43,43,54,39,23,41,19,15,22,27,56,27,23,15,40,59,28,20,16,57,24,71,48,107,43,42,21,27,,,,69,14,,44,25,24,33,44,31,38,59,23,38,30,30,17,28,64,55,22,44,37,28,10,16,36,42,43,52,40,61,41,81,88,55,79,30,12,123,111,52,69,67,54,43,34,18,51,36
20190317,23,PM2.5_24h,46,55,71,62,39,66,50,22,19,48,55,50,65,30,29,32,20,46,31,80,61,92,92,26,61,70,78,83,89,92,47,53,48,63,55,55,61,77,76,40,39,33,37,40,54,40,35,44,48,40,68,50,52,36,31,29,40,32,32,39,28,63,12,17,47,39,32,35,12,54,33,32,41,102,60,53,39,14,20,16,34,,65,47,63,61,51,52,42,59,59,59,39,32,51,47,27,25,26,34,28,34,44,38,48,45,63,29,49,49,43,21,28,39,23,31,30,29,33,25,61,72,38,79,94,65,52,51,46,58,32,40,31,14,26,54,24,19,36,52,32,57,56,44,34,24,35,64,39,34,43,48,17,23,35,56,83,51,34,,,,,,,,25,19,23,29,97,75,93,99,86,87,99,65,94,75,48,,,56,,,35,54,57,57,36,25,58,24,29,32,25,13,22,22,26,6,19,27,44,58,43,22,34,31,42,32,30,17,25,13,18,25,13,27,23,78,74,61,61,40,31,69,60,63,51,76,46,55,36,34,33,30,39,37,35,48,38,34,42,37,39,24,67,55,71,42,52,35,133,43,49,34,45,45,48,43,36,39,26,38,36,51,41,39,37,36,25,37,16,22,16,32,14,27,11,19,12,27,25,42,39,38,36,40,28,30,32,15,13,20,22,36,21,17,8,29,23,24,16,9,51,29,65,32,106,22,41,22,20,,,,29,15,,33,27,30,25,30,23,32,47,21,25,29,30,15,17,25,43,28,42,39,29,9,40,57,31,36,36,36,69,34,60,106,46,44,23,12,132,150,53,64,37,25,36,37,30,27,49
20190317,23,PM10,119,87,158,86,106,137,167,120,97,122,99,108,151,128,133,69,47,80,84,55,157,152,69,44,147,112,130,120,114,97,82,68,81,170,62,108,181,109,126,48,91,48,57,58,126,23,51,65,140,45,99,105,40,95,62,72,88,56,89,60,60,123,18,39,79,76,92,65,35,111,63,131,67,170,,63,96,36,45,47,59,,97,174,147,132,110,138,70,78,111,143,55,66,104,,26,47,65,64,32,58,79,58,87,73,169,91,86,111,119,63,43,62,37,83,37,147,59,118,102,163,44,177,110,102,108,102,121,146,79,62,46,39,24,41,19,38,63,74,66,96,103,63,68,62,77,55,92,157,50,156,94,118,101,90,569,89,210,,,,,,,,51,47,52,33,136,85,104,101,91,113,113,120,119,167,49,,,69,,,83,122,84,117,76,140,121,76,113,181,139,32,47,60,55,72,46,104,90,97,47,36,73,317,94,63,97,45,75,68,63,48,49,103,59,148,188,86,105,41,53,175,169,118,102,130,83,109,,,24,41,,60,62,99,,44,57,71,57,50,100,101,129,100,94,81,184,85,60,77,60,71,114,61,61,72,98,48,51,61,37,49,81,57,43,35,13,25,16,19,11,28,16,14,14,46,61,90,53,76,74,115,46,38,65,33,29,42,45,72,59,38,25,67,,43,42,40,59,50,79,56,163,64,79,43,33,,,,130,,,93,70,64,43,57,46,102,91,51,125,39,37,31,77,175,150,79,147,90,44,27,42,60,32,66,217,179,99,71,318,234,126,188,35,17,221,158,192,106,91,75,65,53,46,152,52
20190317,23,PM10_24h,95,91,148,127,89,152,104,52,49,96,101,102,143,80,70,59,46,96,77,98,122,119,128,59,134,117,142,125,129,144,100,94,83,114,92,109,112,114,127,74,58,60,66,62,111,58,61,90,143,88,133,92,60,82,56,58,86,54,64,71,66,104,18,42,74,63,52,60,29,128,69,86,86,161,80,67,69,39,46,45,57,,133,110,159,104,126,146,105,127,121,124,75,68,105,55,48,51,59,56,52,57,63,58,77,72,160,62,103,95,82,52,59,76,47,87,48,95,61,83,90,110,70,153,142,99,100,85,99,92,60,65,42,33,32,75,30,38,48,61,65,76,80,61,48,39,72,113,72,103,79,124,60,92,90,93,423,128,123,,,,,,,,69,38,72,67,140,118,145,159,128,147,157,99,128,121,81,,,102,,,63,106,89,139,125,67,118,64,87,111,70,20,49,42,53,41,36,81,78,105,57,35,56,161,106,49,53,40,48,33,36,49,31,61,40,137,140,107,108,70,54,123,116,125,101,115,77,80,52,43,39,48,60,67,54,76,47,48,61,59,60,56,126,112,116,75,97,66,168,83,96,68,87,71,83,82,69,70,62,51,44,74,59,50,65,62,43,55,23,31,22,42,24,33,16,26,13,41,39,58,51,57,58,64,34,47,48,22,20,37,35,46,43,26,16,43,18,48,43,31,67,49,75,44,152,47,82,50,29,,,,42,17,,62,71,63,50,43,49,69,86,52,106,60,65,29,43,77,92,82,113,93,63,33,253,102,45,95,129,176,113,59,213,288,197,115,51,22,215,243,225,90,61,62,55,65,65,67,66
20190317,23,SO2,7,22,21,18,18,16,18,16,12,18,30,17,19,26,28,33,9,9,14,7,19,9,9,8,11,12,10,14,14,7,6,7,12,14,9,10,11,21,14,7,6,7,7,10,16,4,6,3,17,5,13,8,5,7,4,4,10,4,6,7,6,20,7,4,8,5,18,13,3,10,12,10,26,7,10,7,24,19,13,10,10,,13,21,16,32,19,44,7,7,24,24,4,3,20,7,7,4,3,9,8,5,15,21,14,18,15,56,12,37,26,11,11,22,20,59,9,44,4,7,15,19,8,13,18,13,15,14,24,10,9,4,8,2,9,6,7,2,4,20,14,11,12,5,6,27,15,9,16,28,5,19,4,3,24,4,4,13,27,,,,,,,,8,8,6,5,11,9,13,10,13,11,11,15,11,13,8,,,10,,,13,15,9,14,13,32,22,47,40,154,33,3,6,23,10,47,13,45,24,9,15,7,10,6,12,8,20,8,9,5,6,9,21,5,42,21,37,12,24,7,5,19,12,9,22,11,9,23,4,4,6,9,5,10,5,33,11,2,8,14,5,9,13,19,23,14,10,5,11,8,7,10,5,7,7,4,6,11,2,6,11,3,5,10,6,4,8,8,4,17,5,6,9,7,7,5,3,10,8,12,5,6,7,8,6,4,6,6,27,11,17,48,4,7,2,12,13,5,13,6,13,19,12,4,6,6,6,9,6,,,,5,11,,9,22,9,10,40,10,7,10,10,8,7,5,7,9,12,11,12,14,11,7,14,5,29,6,8,10,10,6,8,14,23,29,33,4,6,7,4,6,5,20,19,7,11,11,19,16
20190317,23,SO2_24h,7,19,19,35,26,23,17,12,10,10,27,18,22,22,16,22,14,9,18,12,20,14,18,11,14,15,17,19,21,20,10,9,11,11,14,14,13,27,14,8,6,13,16,9,12,5,6,13,16,8,12,12,8,9,5,6,13,5,8,12,8,21,7,4,9,5,14,15,3,14,16,14,41,7,13,9,26,13,11,15,10,,20,23,25,29,31,24,12,11,25,35,6,6,20,11,8,4,5,10,10,7,18,16,13,11,17,48,21,57,24,20,19,23,20,48,9,18,6,6,22,28,13,18,24,14,13,16,16,13,11,7,9,3,10,7,12,2,4,11,30,13,9,3,5,14,15,14,17,16,10,18,8,3,43,4,7,16,20,,,,,,,,16,9,7,8,18,14,21,17,18,11,21,20,16,18,13,,,14,,,8,16,13,35,44,23,30,33,24,83,15,2,13,23,8,25,13,32,19,12,12,7,18,6,11,11,10,9,6,6,6,11,17,6,33,26,20,14,29,9,7,16,6,10,12,11,11,14,6,6,6,14,7,11,10,24,20,7,12,12,9,21,25,24,19,11,11,5,12,9,16,14,17,17,7,7,8,11,4,9,10,6,8,8,7,7,11,10,4,12,6,7,10,7,6,5,2,10,10,8,7,5,11,8,7,4,6,8,19,13,17,29,4,9,1,21,13,5,9,6,14,14,13,6,7,5,9,8,6,,,,5,16,,13,24,14,11,112,12,7,15,10,15,11,11,6,10,10,14,19,12,10,14,9,7,38,23,13,9,6,6,7,7,9,21,14,4,5,8,11,6,6,14,20,9,12,24,19,27
20190317,23,NO2,53,63,35,61,64,26,54,50,52,40,50,28,58,93,92,31,26,19,21,46,49,57,24,24,54,41,45,48,53,22,27,20,27,49,33,78,65,57,46,21,46,38,67,18,91,24,20,21,42,18,38,59,43,67,24,29,49,24,27,35,25,92,33,11,58,62,22,41,16,62,35,54,27,84,35,34,86,30,30,17,29,,43,55,35,81,29,43,17,37,27,29,18,10,43,20,15,9,12,45,10,14,50,18,61,33,32,65,23,38,79,18,14,23,26,45,13,21,17,11,49,44,31,84,25,30,35,61,45,55,54,24,34,15,29,19,23,10,57,60,51,64,42,55,50,43,45,38,60,88,43,81,23,18,40,30,15,32,29,,,,,,,,14,33,17,16,39,37,31,26,39,60,35,41,47,38,16,,,24,,,20,53,29,37,30,75,30,51,85,91,21,13,13,33,15,7,8,34,32,20,11,10,37,8,8,24,30,17,18,8,10,7,17,7,30,40,67,18,55,23,15,58,53,21,47,24,45,49,30,21,15,15,14,25,16,44,34,21,22,29,20,32,33,40,35,34,46,34,45,53,38,28,21,27,39,13,18,44,39,37,34,37,21,34,33,22,18,24,25,23,21,19,14,21,13,22,17,33,45,76,50,55,52,53,27,28,51,10,26,13,21,21,30,18,18,66,30,10,16,10,20,10,10,12,44,9,37,7,7,,,,17,27,,39,45,39,36,47,34,33,24,62,23,15,19,14,22,50,72,13,11,15,5,16,16,32,22,30,73,98,47,38,106,106,86,73,13,36,60,61,34,42,35,34,43,16,16,29,20
20190317,23,NO2_24h,49,61,45,71,62,44,49,23,31,51,53,41,48,56,50,35,37,34,32,64,76,76,74,30,50,63,69,61,64,58,33,26,30,54,47,70,46,67,58,33,35,32,45,24,72,28,25,42,62,42,62,68,44,68,21,34,58,31,33,52,28,78,30,9,51,41,21,29,13,75,38,30,53,68,44,36,50,29,30,30,24,,47,42,56,62,55,42,44,50,47,38,21,29,44,24,17,9,13,34,14,14,41,20,52,25,45,39,44,44,48,29,31,33,29,37,19,19,23,15,59,62,36,66,53,31,30,36,43,47,39,36,28,15,25,20,24,5,38,31,36,38,23,32,25,24,19,58,44,69,46,60,16,15,43,26,38,42,43,,,,,,,,41,33,28,27,62,63,52,62,52,50,75,55,62,48,33,,,55,,,18,34,44,52,42,47,43,45,48,49,16,6,22,35,14,8,9,24,35,33,22,19,23,11,15,21,18,9,11,12,12,15,12,9,22,50,49,40,50,33,21,60,44,41,64,41,45,43,25,26,18,21,21,24,27,36,32,24,24,27,21,30,56,54,45,29,37,32,48,33,49,29,46,33,30,34,26,29,33,35,24,40,29,32,22,24,19,22,23,20,17,20,15,19,12,18,16,29,23,35,30,38,28,42,18,26,29,5,13,13,22,18,28,19,12,33,14,7,19,9,13,12,11,12,32,9,28,9,8,,,,9,23,,38,60,33,33,23,35,33,33,39,16,19,34,15,21,19,30,15,13,10,8,5,21,51,39,54,37,35,44,23,37,47,43,33,10,31,49,48,19,33,25,35,28,23,33,23,25
20190317,23,O3,50,52,91,61,51,91,73,38,64,60,62,89,63,16,12,66,76,80,63,82,87,76,104,90,58,62,83,69,60,96,87,95,61,100,114,20,75,98,67,102,56,76,28,117,51,79,96,50,98,86,75,29,25,41,105,93,50,88,79,75,117,10,11,39,19,22,48,69,81,33,67,39,76,21,24,23,11,73,77,94,82,,54,66,94,15,90,52,92,58,99,78,85,99,45,37,118,103,78,33,126,82,16,111,8,82,92,10,111,95,35,81,98,74,69,57,86,54,75,65,93,97,47,26,86,85,92,46,70,4,10,57,42,22,30,17,25,61,12,8,53,7,21,19,25,15,52,55,43,5,20,22,78,80,53,54,99,49,77,,,,,,,,83,67,88,72,85,79,91,89,71,57,107,78,91,108,73,,,122,,,95,67,97,95,69,11,83,66,3,12,72,68,80,81,51,57,115,57,75,85,95,71,29,69,80,43,43,53,76,79,76,102,60,42,33,92,57,105,70,67,85,73,54,74,62,84,66,93,65,36,61,55,59,27,35,18,28,38,38,28,17,42,79,71,84,63,49,70,51,46,74,49,90,49,25,98,42,50,4,31,21,47,35,26,23,34,23,21,12,17,13,9,24,20,25,24,18,18,13,4,42,15,13,3,50,19,18,67,25,105,42,38,61,62,21,1,30,99,72,90,76,110,93,45,44,115,44,75,102,,,,34,57,,12,53,39,88,57,30,63,75,24,64,98,71,73,74,22,16,92,73,87,75,72,110,75,70,70,40,9,30,20,7,14,9,14,31,31,5,5,52,60,37,72,31,119,84,95,59
20190317,23,O3_24h,122,129,133,118,99,168,136,128,100,132,122,145,154,105,106,93,89,94,85,206,159,160,171,111,125,139,167,119,168,168,131,117,116,168,197,100,193,125,178,158,145,177,125,141,137,106,146,67,134,100,136,93,70,141,124,125,142,124,133,190,150,103,32,83,63,85,79,113,113,98,106,114,81,47,65,60,108,122,111,110,144,,116,135,149,131,135,131,98,114,136,133,106,105,131,64,146,142,113,138,150,111,72,153,92,123,137,99,156,145,126,85,105,88,88,82,103,83,103,88,147,135,89,114,146,153,132,131,146,37,67,72,93,85,71,62,34,110,74,94,119,69,82,93,87,66,129,95,110,57,89,112,125,110,83,75,125,111,119,,,,,,,,128,87,118,112,213,152,198,179,191,189,177,147,154,167,127,,,167,,,145,144,120,160,105,114,147,108,102,103,93,97,94,116,82,84,122,95,98,94,95,75,102,91,97,113,85,94,99,91,93,107,103,65,103,155,146,124,125,136,120,143,141,119,97,148,143,131,144,53,82,79,102,94,49,64,63,65,73,70,49,105,133,127,153,130,126,116,131,134,112,105,118,89,115,126,94,130,47,65,73,77,45,54,100,74,90,45,34,36,42,30,40,47,45,45,36,59,89,89,112,107,56,69,92,77,99,125,76,138,63,68,108,70,45,83,68,124,106,103,129,121,129,104,166,119,118,106,112,,,,85,81,,43,92,86,126,136,85,122,126,95,112,114,104,99,128,118,72,136,113,142,141,108,111,92,115,127,107,105,52,71,128,116,79,102,76,64,32,24,104,138,106,89,113,160,92,103,96
20190317,23,O3_8h,90,73,112,87,66,133,105,75,81,93,93,118,120,57,64,78,62,79,69,124,122,118,112,92,85,89,127,81,111,111,105,104,85,133,140,50,113,102,139,104,94,123,60,130,80,86,116,36,111,86,106,48,42,79,112,98,70,102,106,114,126,38,12,50,32,55,57,91,95,52,85,76,70,31,37,37,63,102,97,101,111,,77,106,121,81,98,92,88,81,115,103,91,94,95,46,128,107,87,72,141,85,40,123,42,108,115,48,130,105,94,73,92,75,71,65,92,64,73,71,123,113,56,61,111,118,110,94,108,16,33,53,69,54,33,25,25,75,36,56,94,37,53,66,51,40,99,65,76,23,51,67,107,98,60,63,110,71,97,,,,,,,,90,58,99,95,131,106,131,111,118,107,120,117,110,122,84,,,138,,,123,99,101,119,81,64,123,77,47,69,79,83,79,98,69,68,115,74,82,81,79,67,62,74,85,65,63,76,85,84,77,95,68,49,67,119,98,109,104,99,96,88,101,96,80,109,102,109,100,31,62,63,64,48,35,28,35,31,45,41,27,47,101,102,117,89,92,80,63,91,81,74,82,45,70,92,48,93,17,49,49,65,24,32,64,54,58,21,14,21,19,14,34,23,29,29,23,38,53,51,68,69,41,29,70,46,62,106,43,120,34,48,71,57,19,36,50,116,75,96,114,117,101,67,68,111,82,92,105,,,,66,71,,22,52,64,108,82,56,94,96,73,93,102,80,88,95,78,52,109,91,109,108,86,108,75,89,83,84,68,39,34,87,94,52,78,55,45,15,15,82,106,67,75,66,125,81,93,66
20190317,23,O3_8h_24h,103,97,117,106,84,147,120,110,89,117,109,125,130,88,96,87,76,89,80,155,136,145,138,102,110,114,148,99,138,137,117,109,101,140,170,77,148,110,167,133,133,156,98,135,115,96,139,46,118,92,115,74,53,114,118,113,104,114,121,148,138,81,28,78,44,73,68,108,108,75,95,101,70,38,48,47,90,110,100,102,137,,101,117,133,121,118,112,89,104,123,119,100,94,122,56,136,131,107,116,147,107,58,139,72,119,123,87,139,112,112,76,93,82,79,74,98,77,91,81,135,119,75,91,124,138,122,119,126,27,53,57,76,68,60,49,30,100,63,75,112,49,66,83,72,60,119,80,102,40,72,93,121,108,69,66,115,98,106,,,,,,,,100,80,110,107,178,135,151,134,153,143,144,132,132,140,107,,,149,,,134,131,115,139,94,105,138,92,84,94,87,93,84,109,79,80,116,88,85,88,83,71,96,86,95,104,81,90,96,88,89,101,96,63,99,134,127,115,107,119,107,103,123,109,87,130,122,122,135,42,68,72,82,78,39,43,43,57,65,59,45,86,114,114,131,115,113,107,74,117,94,92,94,74,99,106,66,115,32,58,61,68,31,46,85,61,74,42,32,33,38,25,36,46,39,42,34,48,72,79,83,89,50,47,82,59,86,115,65,123,46,60,87,69,40,70,59,120,86,100,126,119,114,78,132,115,103,101,109,,,,79,77,,32,58,76,116,116,76,114,117,86,106,106,85,94,119,116,70,132,112,139,128,94,108,75,97,106,101,96,46,71,106,109,73,92,60,52,25,19,96,135,90,80,101,142,82,98,83
20190317,23,CO,0.6,1.089,0.8,1.25,1.04,0.675,0.817,1.14,0.84,0.9,0.767,0.633,0.775,1.011,2.075,0.727,0.49,0.75,0.685,0.7,0.889,0.612,0.48,0.72,0.571,0.717,1.025,0.911,0.825,0.75,0.4,0.6,0.74,0.973,0.713,0.925,0.867,0.954,0.8,0.533,0.567,0.467,0.567,0.633,1.09,0.783,0.5,0.667,0.618,0.456,0.7,0.91,0.82,0.78,0.608,0.675,0.825,0.625,0.675,0.64,0.52,0.933,0.8,0.6,0.914,1.238,0.59,0.825,0.5,0.825,0.717,1.35,0.657,3.857,1.067,0.729,1.267,0.64,0.55,0.667,0.575,,0.475,1.067,0.733,1.133,0.667,0.5,0.3,0.66,0.767,0.6,0.167,0.4,0.633,0.85,0.517,0.617,0.6,0.8,0.55,0.833,0.933,0.833,1.067,1.367,0.767,3.1,0.825,1.575,1.133,0.55,0.633,0.883,1.18,0.92,0.629,0.48,0.6,0.36,1,1,0.356,0.843,0.82,0.9,0.783,0.75,1.525,1.18,0.8,1.1,1.02,0.75,0.9,0.95,0.767,0.65,0.675,1.067,0.7,0.975,0.95,0.825,0.767,1,0.9,0.74,0.875,2.6,0.825,0.7,0.8,0.35,1.05,0.9,0.633,0.9,1,,,,,,,,0.7,0.9,0.7,0.75,0.733,0.85,0.8,0.4,0.65,1.1,0.8,1.15,0.85,1.4,0.45,,,0.4,,,0.5,0.825,0.667,0.867,0.66,0.8,1.16,0.833,0.9,2,0.667,0.2,0.567,0.55,1.2,0.1,0.533,0.76,0.8,0.467,1,0.55,1.1,0.6,0.1,0.733,1.1,0.425,0.85,0.433,0.45,0.467,0.733,0.4,0.95,0.617,0.833,0.633,1.2,0.82,0.467,0.8,1,0.5,0.7,0.55,0.867,0.9,0.75,0.6,0.7,0.625,0.65,0.44,0.74,0.783,0.375,1.06,0.675,0.686,0.84,0.425,0.4,1.025,1,0.9,0.5,0.74,1.286,0.533,0.733,0.875,0.5,0.8,1.15,0.7,0.575,0.767,0.95,0.95,0.98,0.9,0.86,0.66,0.7,0.46,0.733,0.875,0.833,1.4,0.8,0.933,0.7,0.75,0.633,0.85,0.75,0.6,0.6,1.175,0.76,0.85,0.98,0.96,0.525,0.525,0.8,0.433,0.45,0.68,0.56,0.8,0.6,0.55,0.15,0.95,0.2,0.5,0.75,0.7,0.85,0.7,1.067,1.05,1.1,0.6,1,0.8,0.5,,,,1.833,0.6,,1.25,0.943,0.6,0.5,0.6,0.733,0.55,0.6,0.6,0.5,0.5,0.5,0.65,0.7,0.9,0.5,0.4,1,0.6,1.2,0.6,0.2,0.667,0.733,0.733,1.25,2.95,1.767,0.65,1.95,2.85,1.65,2,1.6,0.55,2.4,3,0.2,0.75,0.65,0.825,1.167,0.675,0.55,1.425,1.233
20190317,23,CO_24h,0.658,1.167,0.837,1.767,1.1,0.85,0.7,0.8,0.68,0.95,0.8,0.7,0.725,0.889,1.088,0.673,0.56,0.86,0.8,0.94,1,0.838,0.78,0.74,0.7,0.8,1.05,1.033,0.85,0.975,0.48,0.72,0.74,0.891,0.8,0.875,0.903,1.031,0.933,0.633,0.6,0.533,0.6,0.6,0.86,0.75,0.45,0.811,0.818,0.733,0.767,1.04,0.94,0.69,0.585,0.575,0.788,0.5,0.625,0.68,0.56,0.833,0.85,0.58,0.764,0.7,0.53,0.713,0.483,0.9,0.767,1,1.143,2.8,1.167,0.929,1.067,0.7,0.4,0.7,0.525,,0.825,1,1,1.233,1.267,0.64,0.667,0.94,0.9,1.2,0.3,0.467,0.833,0.85,0.533,0.567,0.567,0.767,0.6,0.7,0.733,0.733,0.9,0.967,0.967,2.2,1.28,1.388,0.883,0.6,1.2,0.8,1.32,0.82,0.643,0.82,0.62,0.38,1.025,0.98,0.444,0.829,1.22,0.9,0.8,0.675,0.825,0.86,0.733,1.117,0.92,0.7,0.8,0.975,0.75,0.6,0.575,0.767,1.14,0.725,0.675,0.575,0.567,0.667,0.95,1,0.675,1.325,0.913,0.75,0.733,0.35,1.55,0.86,0.6,1,0.65,,,,,,,,1.1,0.8,0.85,0.95,1,1.15,0.8,0.95,0.9,1.05,1.133,1.05,1,1.35,0.6,,,0.65,,,0.5,0.8,0.733,2.217,0.78,0.767,2.1,0.667,0.967,1.133,0.5,0.3,0.633,0.6,0.633,0.1,0.5,0.48,0.55,0.767,0.95,0.55,1.05,0.55,0.25,0.6,0.7,0.45,0.4,0.367,0.375,0.567,0.6,0.4,0.7,0.8,0.683,0.733,1.183,0.76,0.533,0.75,0.667,0.6,0.675,0.5,0.767,0.7,0.625,0.6,0.65,0.65,0.7,0.46,0.8,0.833,0.375,1.08,0.6,0.629,0.88,0.475,1.1,1.15,1.1,0.833,0.475,0.76,0.986,0.5,1.233,0.85,0.733,0.72,0.95,0.85,0.675,0.7,0.8,0.917,0.86,1.18,0.94,0.58,0.7,0.56,0.8,0.95,0.867,1.133,0.7,0.933,0.75,0.6,0.633,0.85,0.75,0.55,0.5,0.6,0.7,0.65,0.8,0.66,0.4,0.5,0.54,0.6,0.4,0.7,0.6,0.575,0.7,0.55,0.1,0.55,0.2,0.55,0.75,0.7,0.85,0.8,0.967,1,1.2,0.6,0.95,0.85,0.5,,,,1.033,0.5,,1.125,1.014,0.6,0.5,0.65,0.667,0.6,0.6,0.5,0.5,0.5,0.65,0.5,0.8,0.4,0.5,0.5,0.9,0.6,1.2,0.3,0.3,0.967,0.733,0.9,0.9,1.45,1.733,0.25,0.85,1.25,0.9,0.967,2.1,0.5,2.15,3.6,0.1,0.75,0.5,0.7,1,0.725,1.225,1.05,1.167