date,hour,type,北京,天津,石家庄,唐山,秦皇岛,邯郸,保定,张家口,承德,廊坊,沧州,衡水,邢台,太原,呼和浩特,沈阳,大连,长春,哈尔滨,上海,南京,苏州,南通,连云港,徐州,扬州,无锡,常州,镇江,泰州,淮安,盐城,宿迁,杭州,宁波,温州,绍兴,湖州,嘉兴,台州,舟山,金华,衢州,丽水,合肥,福州,厦门,南昌,济南,青岛,郑州,武汉,长沙,广州,深圳,珠海,佛山,中山,江门,东莞,惠州,肇庆,南宁,海口,重庆,成都,贵阳,昆明,拉萨,西安,兰州,西宁,银川,乌鲁木齐,湘潭,株洲,包头,鄂尔多斯,营口,盘锦,泉州,莱芜,临沂,德州,聊城,滨州,淄博,枣庄,烟台,潍坊,济宁,泰安,日照,威海,东营,韶关,汕头,湛江,茂名,梅州,汕尾,阳江,清远,潮州,云浮,玉溪,菏泽,大同,长治,临汾,阳泉,赤峰,鞍山,抚顺,本溪,锦州,吉林,齐齐哈尔,牡丹江,大庆,芜湖,马鞍山,九江,洛阳,安阳,开封,焦作,平顶山,三门峡,宜昌,荆州,岳阳,常德,张家界,桂林,北海,柳州,三亚,绵阳,宜宾,攀枝花,泸州,自贡,德阳,南充,遵义,曲靖,咸阳,铜川,延安,宝鸡,渭南,金昌,嘉峪关,石嘴山,克拉玛依,库尔勒,寿光,章丘,即墨,胶南,胶州,莱西,平度,蓬莱,招远,莱州,荣成,文登,乳山,吴江,昆山,常熟,张家港,太仓,句容,江阴,宜兴,金坛,溧阳,海门,临安,富阳,义乌,诸暨,瓦房店,信阳,周口,漳州,晋城,朔州,晋中,运城,忻州,吕梁,乌海,通辽,呼伦贝尔,巴彦淖尔,乌兰察布,兴安盟,锡林郭勒盟,阿拉善盟,阜新,铁岭,四平,辽源,通化,白山,松原,白城,延边州,鸡西,鹤岗,双鸭山,伊春,佳木斯,七台河,黑河,绥化,大兴安岭地区,蚌埠,淮南,淮北,铜陵,安庆,黄山,滁州,阜阳,宿州,六安,亳州,池州,宣城,莆田,三明,南平,龙岩,宁德,景德镇,萍乡,新余,鹰潭,赣州,吉安,宜春,抚州,上饶,鹤壁,新乡,濮阳,许昌,漯河,南阳,商丘,驻马店,黄石,十堰,鄂州,荆门,孝感,黄冈,咸宁,随州,恩施州,衡阳,邵阳,益阳,郴州,永州,怀化,娄底,湘西州,梧州,防城港,钦州,贵港,玉林,百色,贺州,河池,来宾,崇左,广元,遂宁,内江,乐山,眉山,广安,达州,雅安,巴中,资阳,阿坝州,甘孜州,凉山州,六盘水,安顺,铜仁地区,毕节,黔西南州,黔东南州,黔南州,保山,昭通,丽江,临沧,楚雄州,红河州,文山州,西双版纳州,大理州,德宏州,怒江州,迪庆州,昌都地区,山南地区,日喀则地区,那曲地区,阿里地区,林芝地区,汉中,榆林,安康,商洛,白银,天水,武威,张掖,平凉,酒泉,庆阳,定西,陇南,临夏州,甘南州,海东地区,海北州,黄南州,海南州,果洛州,玉树州,海西州,吴忠,中卫,固原,吐鲁番地区,哈密地区,昌吉州,博州,阿克苏地区,喀什地区,和田地区,伊犁哈萨克州,塔城地区,阿勒泰地区,石河子,五家渠,克州,普洱,襄阳,葫芦岛,河源,揭阳,辽阳,朝阳,丹东
20180102,0,AQI,61,49,130,74,52,185,110,42,74,54,83,136,161,134,82,51,43,69,362,50,106,59,66,56,276,81,66,52,84,63,81,59,139,105,76,121,124,78,61,116,43,137,81,76,228,69,66,87,231,63,258,127,114,139,92,103,133,130,127,137,104,135,124,58,104,137,28,37,47,282,109,106,92,147,132,117,98,75,146,67,69,293,213,172,268,113,250,238,130,218,253,285,114,88,96,133,71,82,104,72,80,144,113,89,125,26,343,71,158,342,147,53,105,85,81,61,58,75,92,104,198,119,78,235,210,329,222,235,208,252,212,92,115,184,154,110,161,40,130,157,72,119,150,148,133,58,32,312,195,113,243,289,125,96,55,34,96,261,257,66,59,111,172,125,117,243,128,81,96,87,69,61,63,55,62,81,61,54,78,54,82,105,98,142,,54,161,192,83,196,168,121,271,214,200,67,36,36,59,49,26,40,45,31,71,77,58,88,88,77,46,65,74,57,91,48,88,105,27,146,28,243,251,247,170,192,80,178,267,229,198,255,192,148,69,59,58,70,86,86,124,109,103,103,115,122,115,90,147,164,328,289,277,163,248,138,104,87,105,196,138,105,94,121,164,105,122,92,99,124,113,86,110,113,109,137,139,106,136,189,98,179,117,79,130,89,105,135,150,215,141,109,94,37,62,42,91,29,113,23,47,50,,30,84,43,66,29,25,18,39,37,86,69,47,,,,60,36,,205,87,116,105,110,119,101,122,116,91,222,145,86,122,120,103,33,64,80,68,49,75,114,69,92,172,48,110,52,270,256,163,191,60,48,174,119,172,25,210,76,86,111,127,80,48
20180102,0,PM2.5,43,30,98,50,26,139,82,29,50,36,61,103,122,92,60,26,23,32,311,35,79,34,47,27,225,44,36,35,49,40,31,34,106,78,55,91,93,57,41,87,28,104,59,55,177,49,47,64,180,21,207,96,85,106,68,76,101,98,96,104,77,102,93,40,77,104,17,19,8,231,52,65,58,112,100,88,73,34,111,45,49,242,162,130,217,84,199,187,98,167,202,234,85,65,71,101,50,60,77,52,46,110,84,66,94,11,280,51,120,291,112,32,78,62,58,43,27,54,68,77,148,89,57,184,159,278,171,184,157,201,161,68,86,138,117,82,122,28,98,119,44,89,115,111,101,40,19,252,146,75,192,203,57,57,22,22,45,210,206,43,29,83,130,94,88,192,97,48,64,57,33,31,44,25,38,52,34,37,57,36,60,71,37,108,,37,122,144,61,147,127,91,220,163,150,36,23,25,41,21,8,28,28,12,34,27,33,65,65,56,24,46,53,36,67,33,65,78,14,111,11,192,200,196,128,144,58,134,216,178,148,204,144,113,49,41,40,47,63,63,93,81,76,76,86,92,86,66,112,124,277,238,226,123,197,100,77,64,78,147,96,72,70,91,124,78,92,66,74,93,84,58,82,84,81,104,106,79,103,142,73,135,88,26,98,66,78,100,115,164,107,81,51,24,40,12,67,19,63,12,32,35,,17,41,18,33,11,17,10,25,8,63,32,6,,,,28,9,,154,47,87,78,82,89,49,90,52,47,171,85,37,92,90,72,12,45,58,42,28,47,78,18,43,130,33,82,26,113,141,123,143,34,26,131,89,54,11,159,55,63,83,96,58,26
20180102,0,PM2.5_24h,35,68,82,73,24,147,67,22,38,62,101,150,104,80,60,65,39,92,236,98,220,149,79,98,222,162,172,141,210,149,142,92,207,113,103,83,100,133,138,100,75,90,73,59,135,65,50,57,120,73,171,93,76,84,73,92,88,96,94,89,78,88,79,47,64,92,26,21,18,188,95,76,68,107,91,76,80,24,89,47,50,145,206,119,148,118,117,207,72,128,159,134,109,59,134,89,50,66,63,57,50,90,73,59,70,16,177,57,113,144,101,37,80,95,86,48,75,112,62,112,213,174,77,120,157,212,101,121,95,127,121,79,84,105,107,81,93,22,92,106,56,73,94,95,88,44,22,212,119,65,136,158,53,52,74,31,62,131,115,73,65,89,116,93,69,142,88,42,46,55,140,123,98,123,93,203,157,178,238,141,74,87,43,81,,43,91,97,58,120,127,86,190,111,113,40,23,22,55,32,23,23,34,21,65,86,77,72,69,102,83,62,42,28,67,43,53,68,18,60,20,169,148,179,99,104,50,175,123,181,100,151,82,132,57,48,60,39,82,52,87,84,65,89,96,88,83,74,102,120,194,147,113,97,129,86,82,57,81,124,80,67,69,85,80,77,108,60,84,94,97,58,78,76,82,87,86,75,82,98,64,100,63,38,75,63,84,76,81,132,102,65,51,15,31,31,85,37,41,52,22,50,,16,45,20,29,16,15,20,12,9,48,23,14,,,,49,28,,113,58,75,60,72,74,57,61,59,58,102,100,70,80,53,74,14,26,35,34,20,24,77,32,64,101,36,103,36,88,143,97,147,25,15,115,119,61,9,115,43,67,72,79,55,49
20180102,0,PM10,65,48,165,96,52,217,138,37,96,55,96,144,194,216,111,50,42,86,338,41,157,66,66,60,324,109,79,52,116,73,110,66,143,118,91,161,194,87,69,155,42,134,107,96,202,83,75,117,349,73,274,178,122,145,107,100,154,116,125,115,104,115,136,56,117,219,27,36,40,401,165,159,132,138,166,166,139,98,151,82,74,359,264,197,326,115,321,319,163,284,339,313,163,112,132,135,85,67,118,88,93,115,140,117,134,25,453,88,211,377,177,53,107,94,110,47,64,41,106,80,161,128,80,281,231,334,264,304,213,258,249,115,115,214,163,58,150,38,184,222,91,141,171,244,158,61,26,428,293,173,347,411,198,140,58,33,139,285,329,80,66,133,208,168,125,254,186,110,139,122,85,69,62,58,72,109,70,43,91,52,86,158,143,170,,42,246,281,110,273,274,172,391,242,258,82,35,34,51,48,18,36,33,30,89,101,63,95,85,96,45,52,67,62,88,44,73,118,26,221,26,271,291,272,189,234,102,176,300,235,223,283,223,204,72,58,62,87,87,107,156,156,124,146,140,156,126,127,195,219,344,376,363,212,334,224,143,102,147,187,223,157,118,179,173,128,111,131,131,138,127,119,166,129,104,158,212,105,127,219,108,195,136,106,203,90,146,217,157,220,218,129,136,36,71,22,94,28,174,22,46,49,,29,115,25,79,23,21,17,38,25,100,85,27,,,,68,17,,200,122,150,119,127,176,150,191,179,129,279,237,120,187,160,153,32,61,79,83,48,97,176,85,131,194,43,107,51,398,388,206,171,67,47,144,116,292,24,233,84,114,131,141,81,47
20180102,0,PM10_24h,65,105,152,138,59,245,119,46,85,117,163,222,192,199,115,96,72,146,258,84,315,218,120,130,312,303,265,190,294,218,226,158,252,181,156,143,166,187,183,166,106,130,124,98,190,103,96,117,256,141,249,157,126,113,108,109,132,119,129,106,106,118,128,66,103,196,39,42,75,372,249,143,182,145,162,160,146,94,125,67,97,237,296,212,253,182,224,330,144,241,261,199,194,107,220,118,90,77,104,84,87,105,119,100,96,36,318,105,247,266,199,59,120,131,148,56,100,93,100,130,211,227,118,237,250,287,208,214,205,185,205,121,129,167,145,105,142,38,207,197,126,129,157,259,138,66,35,393,281,181,296,374,183,196,195,35,251,207,217,161,110,159,200,168,110,207,178,97,103,115,255,242,162,214,165,235,231,223,235,180,112,160,161,135,,60,195,215,98,241,284,212,367,184,208,125,55,32,107,57,35,37,83,39,102,134,95,113,98,150,95,81,54,49,78,52,63,95,30,134,38,259,231,261,168,175,84,219,213,239,178,260,153,220,91,70,67,62,127,103,158,172,109,144,150,164,126,142,197,211,269,274,221,184,228,185,157,100,151,164,179,147,133,148,126,121,145,136,134,147,154,120,152,114,116,139,155,110,97,158,102,162,93,117,134,107,152,194,128,191,240,104,150,33,70,55,144,63,125,108,59,72,,41,125,42,56,36,24,35,22,26,84,64,98,,,,94,36,,195,155,140,123,213,183,143,147,181,241,281,270,202,135,111,131,33,45,66,67,46,63,195,117,176,143,43,137,58,307,375,231,186,39,29,136,162,269,15,194,70,95,108,112,84,80
20180102,0,SO2,8,19,47,77,24,52,33,15,22,8,22,20,52,86,35,21,24,34,78,13,16,15,20,15,21,13,13,15,19,12,8,11,16,14,11,15,11,20,11,10,6,23,14,8,16,10,5,14,103,9,37,13,11,23,7,15,21,8,15,12,9,20,17,4,17,10,14,13,5,39,17,35,91,9,22,18,20,18,52,159,8,51,32,45,45,31,67,39,75,27,38,63,17,10,20,15,11,6,13,7,9,15,11,19,8,11,10,33,73,206,82,41,54,27,44,61,33,15,17,15,16,16,9,36,57,37,39,26,46,16,15,19,11,10,22,9,35,2,9,28,63,16,13,4,6,8,13,54,55,86,17,36,4,3,29,3,4,39,39,18,12,19,21,18,17,20,38,38,8,9,13,10,22,8,18,15,14,11,12,14,17,12,12,10,,18,16,17,13,118,85,63,119,125,161,26,11,5,11,29,6,38,8,22,17,36,7,33,41,13,11,13,12,12,25,8,16,14,11,36,17,28,26,18,16,15,19,21,15,12,10,54,11,13,7,14,10,18,11,10,36,39,50,13,29,36,12,55,50,40,58,51,17,21,14,28,14,16,9,30,14,26,3,18,7,30,27,17,19,13,11,10,6,13,17,16,13,23,29,20,8,30,6,24,10,15,7,13,10,16,9,6,9,13,10,19,21,33,6,7,4,17,,7,41,10,11,11,7,4,12,3,9,11,11,,,,5,2,,18,38,31,18,7,58,8,12,16,9,52,30,22,34,19,45,15,12,8,51,65,22,54,13,21,26,7,10,10,8,15,82,119,3,14,9,5,3,6,30,78,6,18,37,146,16
20180102,0,SO2_24h,11,23,41,63,27,69,32,21,21,22,59,37,54,71,49,40,29,42,82,15,17,17,20,19,18,19,18,21,23,16,12,13,50,13,16,14,11,28,14,10,8,18,15,8,16,10,9,16,55,16,32,19,18,16,9,12,20,11,17,15,12,26,16,6,13,12,13,14,6,39,52,29,101,10,53,20,60,11,39,70,11,51,36,50,37,59,59,35,30,36,51,66,21,15,52,25,12,12,16,9,10,16,18,16,12,11,19,77,83,195,121,40,49,29,53,75,27,28,15,28,20,24,12,38,55,29,34,29,41,16,25,14,16,9,34,17,32,2,8,26,72,20,23,8,14,11,13,36,55,81,27,33,28,14,79,4,5,48,36,35,16,27,37,30,21,27,41,20,11,16,15,10,20,12,19,14,20,25,18,19,15,11,14,11,,31,14,20,13,96,128,139,163,115,144,23,16,7,30,41,9,26,9,27,23,41,21,48,55,26,19,28,8,11,22,16,16,21,18,45,25,25,25,23,15,14,19,19,14,15,8,35,16,15,9,15,13,15,12,9,36,65,48,24,35,51,25,54,44,44,32,51,18,19,19,21,16,20,20,41,15,17,4,21,9,29,28,25,30,20,20,11,5,13,18,21,24,37,20,14,10,23,10,23,10,25,17,14,13,32,13,5,10,12,15,17,24,28,6,8,7,15,,11,27,11,12,19,10,6,10,4,17,11,15,,,,8,2,,21,42,25,33,118,38,18,17,20,13,43,55,21,41,24,33,15,21,14,42,41,26,82,17,17,21,15,10,13,8,16,39,128,4,10,10,13,4,6,30,83,10,18,36,87,52
20180102,0,NO2,45,55,81,65,39,94,77,17,47,41,47,63,83,76,55,29,35,32,88,78,72,67,46,35,75,48,65,59,60,27,27,25,46,58,84,78,51,56,30,58,34,60,30,13,51,26,20,75,102,23,79,94,67,99,19,51,102,62,67,84,36,75,83,6,55,83,31,32,5,112,48,33,43,61,68,67,27,41,59,37,19,104,87,83,94,61,100,67,70,70,76,100,67,49,37,68,18,21,30,56,17,38,64,42,53,24,94,27,77,74,91,27,49,42,44,23,26,15,39,44,36,37,40,86,90,87,86,67,56,61,58,58,32,42,54,21,32,17,58,69,59,60,49,63,41,26,12,125,75,70,76,97,9,21,29,9,26,73,64,24,21,75,67,49,48,52,70,32,54,32,47,79,45,32,99,51,44,36,48,31,28,42,44,36,,21,75,52,43,86,64,79,84,58,58,35,11,15,17,30,3,20,6,12,22,31,16,42,40,33,19,21,26,13,30,17,24,33,5,73,14,70,38,45,38,78,14,101,50,54,35,40,30,50,17,21,16,72,24,41,37,39,67,49,36,43,30,46,108,119,117,82,63,65,71,67,68,52,86,88,75,82,47,72,27,42,32,54,41,40,12,32,33,68,41,63,48,56,46,49,29,35,43,59,57,22,49,66,33,46,47,36,35,14,20,19,32,19,15,17,8,23,,16,47,11,40,10,7,10,22,23,41,36,10,,,,10,10,,54,74,41,61,4,51,33,24,57,27,57,40,70,39,65,52,19,9,22,46,41,24,44,15,33,70,18,45,15,34,71,60,70,20,32,57,45,17,9,74,40,63,45,51,33,18
20180102,0,NO2_24h,46,68,66,60,35,84,71,27,44,64,77,87,72,71,62,44,46,42,94,69,81,82,50,42,63,64,78,69,78,46,48,36,56,59,69,55,46,68,56,44,30,53,42,26,58,29,20,58,87,49,83,69,57,69,29,52,66,59,69,54,38,58,63,14,57,66,31,30,19,102,82,48,45,53,67,53,59,28,46,43,21,77,80,90,72,82,79,60,56,61,72,71,66,38,67,53,23,23,23,45,23,32,49,29,43,21,71,41,69,71,77,31,45,47,51,34,32,31,33,54,53,54,46,75,76,76,61,73,59,55,62,42,37,38,36,25,35,13,53,55,62,55,53,54,47,28,16,94,68,67,66,94,18,31,40,13,34,73,58,64,26,70,55,46,48,50,71,28,41,33,64,72,50,50,68,49,67,62,64,55,26,34,37,50,,34,60,47,41,61,60,71,79,57,56,33,15,13,41,43,9,15,9,17,35,42,30,46,36,38,30,29,19,14,27,16,24,31,11,60,20,64,46,62,51,69,17,90,44,64,36,53,44,53,22,28,21,34,38,23,36,49,43,45,39,44,37,47,83,95,86,79,68,65,59,64,51,52,60,81,65,41,33,56,33,40,31,40,45,47,35,31,32,42,37,38,39,38,28,42,30,31,26,54,51,31,50,57,41,52,36,33,38,12,13,31,32,23,22,25,11,32,,23,23,17,34,14,10,13,17,17,46,26,14,,,,16,22,,50,74,40,48,31,47,32,19,47,27,41,40,48,37,44,48,16,22,21,30,27,19,40,23,40,55,26,34,19,41,50,38,70,13,22,47,49,18,11,65,28,38,32,44,30,35
20180102,0,O3,13,12,4,9,31,2,8,44,5,19,12,2,6,7,27,35,36,26,30,34,29,36,48,53,29,22,25,25,23,46,47,62,41,32,17,31,57,44,54,32,47,52,59,106,76,81,69,13,9,70,26,5,10,12,109,73,11,24,31,13,79,33,12,72,7,32,20,22,93,6,42,63,40,16,7,5,47,26,5,28,86,6,16,,5,8,8,35,14,22,33,7,26,37,23,8,94,93,80,7,110,68,42,56,41,17,10,31,15,5,7,17,14,24,11,37,38,41,20,23,74,83,25,17,10,14,16,36,36,13,4,20,36,35,15,90,29,57,19,11,14,9,61,29,32,31,46,5,14,8,10,3,52,58,51,59,57,33,37,66,88,21,12,22,25,7,31,62,14,22,42,17,40,51,11,17,45,50,22,76,45,66,54,80,,40,18,36,64,16,7,11,11,8,11,38,47,39,52,41,59,16,87,50,30,40,44,12,19,15,45,50,41,70,49,36,54,32,58,32,61,37,60,70,62,44,27,21,34,50,85,61,86,68,97,75,85,16,44,5,26,30,19,26,23,20,28,37,10,5,7,22,30,42,15,26,18,22,8,11,5,6,18,6,7,29,16,24,31,56,50,26,2,9,84,39,31,19,11,10,35,23,15,22,5,59,50,23,16,41,45,17,46,31,59,72,34,20,53,36,29,17,,32,25,85,23,47,42,33,6,60,8,13,94,,,,60,66,,21,9,19,41,72,25,39,31,29,64,56,36,2,23,16,39,49,47,23,37,36,50,17,66,43,3,59,43,29,48,18,22,13,81,32,13,13,37,29,5,20,5,74,11,18,43
20180102,0,O3_24h,52,47,39,44,58,45,42,63,52,24,45,28,53,36,54,53,51,57,48,92,109,123,97,92,82,80,110,82,99,86,87,90,118,123,110,120,108,106,129,118,105,110,103,119,110,103,106,73,58,86,59,63,79,100,124,111,121,92,92,84,104,127,75,108,26,111,60,73,96,41,130,74,78,38,55,70,53,82,60,61,115,95,81,63,76,66,89,73,72,94,52,91,93,83,42,113,156,155,151,96,150,182,134,157,158,46,91,42,78,33,44,48,51,55,41,58,70,56,55,45,114,127,80,51,54,53,55,83,60,43,57,82,75,71,96,146,78,98,100,93,49,84,139,100,74,77,90,65,82,60,75,45,68,66,79,66,73,77,92,84,109,83,71,83,71,65,75,185,78,85,133,60,81,86,74,128,108,128,120,148,89,109,122,116,,57,99,108,138,94,41,34,55,25,40,82,62,45,67,77,60,58,91,61,52,59,58,65,57,57,65,88,64,72,72,62,78,68,62,68,64,96,111,90,93,82,47,107,92,101,114,93,111,114,114,116,111,88,97,83,68,58,99,92,67,64,58,73,56,60,68,67,92,85,88,107,87,48,77,86,65,89,89,94,16,77,69,86,56,79,58,67,46,119,180,125,137,150,58,95,76,75,99,81,70,115,114,117,36,67,90,68,113,73,166,103,69,71,101,63,41,61,,81,105,98,94,72,53,47,20,90,48,48,103,,,,79,78,,96,58,52,68,79,82,94,76,97,90,103,78,72,92,94,78,87,58,73,128,84,82,54,80,100,40,75,65,49,69,92,68,32,112,58,48,51,64,37,65,65,88,180,58,61,51
20180102,0,O3_8h,12,19,10,18,34,7,10,25,8,11,11,5,12,7,18,24,27,32,30,35,67,40,49,53,48,26,28,31,33,50,48,61,57,72,39,58,60,58,60,40,51,56,60,104,77,79,73,21,14,70,29,13,16,35,99,85,50,47,55,41,65,60,30,78,7,55,15,42,92,13,42,44,49,23,15,15,28,40,17,23,87,21,26,10,11,16,19,44,29,33,31,26,43,42,25,37,123,125,115,33,134,111,69,104,87,25,33,18,35,7,17,19,22,25,14,23,45,31,22,23,80,106,32,18,18,28,27,41,32,22,6,44,45,50,34,112,49,71,39,36,26,34,89,50,39,24,63,15,20,16,28,11,55,53,50,56,57,40,34,54,99,32,34,31,26,17,20,59,31,32,62,17,41,45,26,54,41,92,41,103,50,82,98,54,,31,35,52,85,44,12,10,18,8,13,43,46,38,36,53,51,25,88,46,31,41,45,15,26,20,39,48,41,67,53,33,46,31,43,28,54,58,66,74,78,41,31,42,56,68,90,66,84,79,97,86,93,50,36,18,35,28,38,41,36,36,31,48,19,20,13,33,41,37,31,29,33,25,28,12,10,26,33,24,9,46,35,44,34,60,38,30,11,47,127,72,55,62,39,36,42,49,57,42,23,75,55,52,16,45,65,26,67,42,73,82,41,21,61,18,32,12,,53,65,85,39,56,38,31,9,72,15,24,92,,,,64,70,,38,14,27,39,70,36,61,58,40,75,70,43,27,47,54,47,64,38,33,74,52,55,29,67,58,15,44,48,37,49,59,41,21,80,30,26,24,50,24,7,19,31,116,18,25,36
20180102,0,O3_8h_24h,43,26,30,32,54,30,31,57,32,15,24,15,39,25,37,41,40,48,43,77,92,84,86,78,59,49,73,57,70,66,65,80,85,103,81,103,90,82,102,85,98,89,84,104,95,91,96,59,39,75,43,51,65,83,105,102,99,83,79,76,89,110,59,95,18,85,47,58,92,27,74,51,68,32,42,58,31,72,49,54,107,69,58,42,52,41,64,55,55,66,44,68,70,70,29,84,144,143,136,77,142,150,114,141,136,36,69,30,49,20,33,35,41,42,26,50,59,47,43,34,98,117,58,33,42,44,43,60,41,30,34,69,65,58,90,131,69,96,74,74,35,68,120,77,60,63,74,39,60,38,49,25,64,55,60,61,60,59,74,45,101,62,55,55,55,44,51,108,64,63,100,47,66,72,63,90,77,114,90,128,80,97,112,93,,47,73,91,115,76,30,23,37,15,24,78,55,42,52,61,53,49,89,55,41,49,50,42,46,40,56,75,60,68,64,53,71,54,57,53,60,79,88,78,86,69,40,78,81,80,101,80,92,93,108,105,105,75,79,64,55,48,82,77,48,53,42,66,43,43,47,49,72,68,67,74,69,38,66,49,58,75,78,78,10,63,58,76,43,69,41,56,23,101,152,106,112,124,54,74,68,60,87,61,46,88,75,87,22,51,79,50,94,57,96,92,60,55,64,60,36,53,,67,88,96,51,64,49,41,15,81,30,40,96,,,,67,73,,65,35,36,52,72,54,82,69,77,83,85,58,45,76,78,58,80,50,64,113,83,71,45,74,87,30,61,57,44,58,72,56,27,104,52,41,42,54,33,39,57,82,151,44,46,40
20180102,0,CO,1.217,1.144,2.625,2.767,0.68,2.3,2.617,0.85,1.6,0.7,0.867,1.9,2.1,1.843,1.675,0.691,0.87,0.85,2.789,0.878,1.067,0.7,0.66,0.725,1.82,0.833,1.075,1.1,0.825,0.975,0.72,0.7,1.067,1.118,1.125,1.15,1.192,1.014,0.667,1.4,0.967,1.067,1.067,0.933,1.69,0.96,0.725,1.156,3.014,0.6,2.2,1.656,1.13,1.46,1.009,0.875,1.363,1.15,1.25,1.52,1.34,1.275,1.7,0.76,1.329,1.622,0.956,0.971,0.6,3.223,1,0.933,1.229,1.914,1.371,1.2,1.225,0.9,2.075,1.033,0.725,2.9,1.95,2.133,2.95,1.4,3.617,1.64,2.317,2.04,2.25,3.5,1.367,1.133,1.1,1.84,0.95,0.95,1.05,1.233,0.867,1.2,1.4,1.3,1.3,0.867,2.967,1.417,3.2,4.467,2.05,1.3,2.371,1.04,2.05,1.05,1.029,0.74,1.3,1.18,1.4,1.075,0.814,2.886,3.425,2.95,2.6,1.725,1.9,1.95,1.967,1.05,1.2,2.075,1.25,1.2,1.233,0.75,1.575,1.65,2.4,1.025,1.35,1.1,1.233,0.95,0.7,2.975,2.2,3.85,1.975,2.375,0.7,0.65,0.55,0.58,1.267,2.45,1.7,0.8,0.7,1.5,2.9,2.1,2.85,4.85,2.25,1.25,1.7,2.7,1.567,0.8,0.65,0.5,0.6,1,0.833,1,1.5,0.55,0.7,0.9,1.2,0.95,,0.75,1.575,1.167,0.967,3,1.54,1.85,3.26,3.733,2.533,0.867,0.4,0.55,0.467,0.55,0.75,0.8,0.4,0.44,0.467,0.467,0.6,1.3,1.7,1.4,0.6,1.2,0.875,0.675,0.875,0.5,0.88,1.2,0.7,2.4,0.55,1.783,1.617,1.6,1.333,1.05,0.9,1.4,1.7,1.767,1.475,1.7,1.267,1.2,0.7,0.767,0.675,0.975,1.067,1.06,2.04,0.86,0.78,1.94,0.933,0.875,0.98,1.2,3.267,2.525,3.55,2.667,1.6,1.9,2.125,1.533,1.325,1.35,1.467,1.98,1.9,1.4,1.275,1.5,1.8,1.217,1.5,1.725,1.46,0.84,1,1.68,0.7,2.85,1.267,1.9,1.325,1.733,1.8,1.55,1.2,1.6,1.4,1.125,1.267,0.9,0.88,1.1,1.32,2.32,1.325,1.1,0.94,0.633,0.45,0.78,1.16,0.85,1.25,1.15,1.15,1,,0.65,1.25,0.867,1.35,0.65,0.667,0.8,1.15,0.5,1.55,1.3,0.4,,,,0.933,0.4,,2.25,1.5,1.567,0.85,0.6,1.567,1.4,0.9,0.95,0.55,2.733,0.95,1.1,2.55,2,1.7,0.5,1,0.4,1.6,1,1.2,1,0.5,0.8,4.1,3.25,1.567,0.85,1.3,3.35,4.1,2.2,1.2,0.6,1.5,1.7,1.3,0.6,1.65,1.475,1.367,1.275,1.95,1.95,1.2
20180102,0,CO_24h,1.217,1.772,1.75,3.083,0.92,2.45,1.95,0.8,1.32,1.875,1.867,2.433,2.075,1.725,2.188,1.445,1.16,1.58,2.65,1.32,1.867,1.6,1.02,1.28,1.914,1.767,2.038,1.844,1.775,1.825,1.86,1.16,2.075,1.455,1.313,1,1.303,1.691,1.467,1.4,1.233,1.033,1.133,1.033,1.45,0.96,0.75,1,1.963,1.233,1.9,1.46,0.99,1.182,1.073,0.95,1.213,1.15,1.15,1.38,1.38,1.2,1.487,0.8,1.235,1.244,0.95,1.071,0.75,2.915,2.66,2.025,1.586,1.957,1.129,0.986,3.05,0.775,1.6,1.167,0.725,1.9,2.375,2.267,1.833,2.133,2.967,1.78,1.733,1.78,2,2.433,1.6,0.967,2.1,1.54,1.017,1.017,0.975,1.2,0.967,1.167,1.233,1.1,1.1,1.033,2.067,2.35,2.82,2.933,2.133,1.475,2.186,1.45,2.8,1.22,1.386,1.26,1.3,1.66,1.875,1.82,1.188,2.5,3.08,2.175,2.375,1.35,1.45,1.54,1.8,1.067,1.18,1.925,1.175,1.225,1.133,0.7,1.1,1.583,3.56,0.95,1.3,1,1.167,0.975,0.9,2.5,2.05,2.825,1.725,2,0.833,0.75,1.5,0.64,1.567,2.25,1.35,2.7,1,1.65,2.5,1.85,2.2,3.3,2.35,1.3,1.5,2.05,2.133,1.4,1.367,1.2,1.1,1.5,1.5,2,2.55,1.45,0.967,0.95,1.3,0.9,,1.1,1.5,1.075,0.933,3.267,2.1,2.15,4.48,2.667,2.567,0.967,0.5,0.55,1.267,1.1,0.633,0.6,0.567,0.56,0.55,0.867,1.3,1.55,1.55,2,1.35,1.333,0.625,0.725,0.95,0.533,0.66,0.867,0.8,1.95,0.6,1.667,1.383,1.533,1.283,1.025,0.967,2.033,1.033,1.9,1.05,1.3,1.2,1.233,0.82,0.9,0.825,0.925,1.133,0.82,1.68,0.98,0.66,2,0.95,1.04,1,1.2,3.067,2.85,2.275,2.067,1.225,1.72,1.575,1.067,1.3,1.25,1.5,1.6,1.55,0.85,1.2,1.433,1.35,1.2,1.48,1.5,1.58,0.94,1.16,1.46,0.667,1.725,1.333,1.467,1.125,1.267,1.5,1.3,1.067,1.35,1.25,1.125,1.075,0.95,0.92,0.85,1.3,2.04,1.15,1.025,0.9,0.567,0.4,1.12,1.06,0.875,1.3,1.15,1.2,0.95,,0.7,0.85,0.867,1.3,0.65,0.667,0.8,0.9,0.6,1.3,1.05,0.55,,,,1.5,0.7,,1.925,1.8,1.467,0.9,1.15,1.367,1.75,0.6,0.75,0.8,1.6,1.45,1.3,2.2,1.7,2.1,0.4,1.2,0.7,1.2,0.9,0.9,1.167,1.167,1.267,3.05,1.65,1.6,1,1.75,3.1,2.25,2.467,0.5,0.35,1.5,1.7,1.4,0.65,1.5,1.25,1.167,1.1,1.825,2.2,2.125
20180102,1,AQI,56,54,126,85,48,179,111,34,73,55,85,109,146,131,66,46,43,65,289,46,93,59,70,53,260,79,63,53,79,63,68,58,121,113,76,108,112,78,58,124,41,137,88,70,223,71,65,83,240,62,236,126,113,143,91,103,132,121,137,138,106,141,124,58,96,144,26,36,44,289,92,105,84,143,131,117,72,73,119,47,70,285,203,168,259,100,251,211,139,226,263,299,110,89,94,130,70,96,110,71,75,148,100,97,124,22,340,63,167,281,133,54,64,69,80,54,57,58,104,94,149,111,83,242,212,300,230,252,222,253,207,98,111,178,148,96,161,45,127,150,80,120,150,148,136,58,29,325,171,107,229,282,124,90,69,35,86,265,259,66,56,104,179,125,103,241,109,82,91,104,65,63,60,55,62,77,61,53,75,51,72,121,92,121,,39,157,230,82,202,142,106,251,255,191,61,31,30,55,38,31,48,44,26,72,70,55,76,87,66,41,48,66,62,83,40,80,121,31,128,35,227,251,221,184,203,65,133,271,211,208,284,191,138,66,59,58,70,86,83,114,106,103,104,120,124,114,91,143,147,298,304,283,147,263,139,104,89,110,196,143,102,97,119,168,105,119,96,100,122,106,86,108,113,106,142,135,105,142,178,98,175,110,83,122,105,110,129,150,216,144,108,91,30,56,35,82,23,107,23,47,48,,19,85,43,63,26,23,18,47,29,72,69,42,,,,65,31,,191,80,113,106,110,110,102,116,108,85,170,124,103,120,106,115,34,61,59,64,48,58,109,64,98,156,48,126,50,199,273,149,200,59,43,185,163,169,20,211,58,82,117,85,74,49
20180102,1,PM2.5,39,32,95,61,23,135,83,22,46,38,62,81,111,92,34,24,23,30,238,32,69,34,50,22,209,41,35,35,40,44,27,35,91,84,55,80,79,57,40,93,27,104,65,50,172,51,46,61,189,22,185,95,84,109,67,76,100,91,104,105,79,107,93,36,71,110,18,19,6,236,47,65,52,109,99,88,43,38,89,28,50,234,152,127,208,75,200,160,106,175,212,248,82,66,70,98,49,71,82,51,47,113,74,72,93,10,279,43,126,230,101,33,45,46,51,37,25,40,77,70,114,83,61,191,161,250,179,201,171,202,156,73,83,134,113,71,122,28,96,115,51,90,115,104,103,40,13,265,129,65,178,209,47,46,33,22,33,214,208,30,33,77,135,94,76,190,81,42,63,77,32,33,41,26,36,48,41,36,54,34,52,75,34,91,,27,119,179,60,151,76,79,200,204,143,35,19,21,28,20,6,26,22,11,31,28,27,55,64,43,19,31,47,38,61,28,58,91,11,97,7,176,200,170,138,152,46,101,220,160,157,233,143,105,47,41,39,50,63,61,85,79,76,77,90,93,85,64,109,112,247,253,232,112,212,106,77,66,82,147,105,75,72,89,127,78,89,71,75,92,79,62,80,84,79,108,102,78,108,134,73,132,82,30,92,78,82,90,115,165,110,80,50,16,28,11,60,15,63,12,23,33,,8,42,16,44,13,12,11,25,11,52,29,4,,,,26,10,,143,40,84,79,82,80,49,83,54,49,110,58,53,90,79,82,14,43,40,45,29,39,72,21,47,118,33,95,30,89,154,87,150,41,30,139,123,66,10,160,37,60,88,62,53,25
20180102,1,PM2.5_24h,34,66,83,71,23,146,66,25,38,59,99,149,103,81,57,61,38,87,235,84,212,141,76,83,224,157,162,134,201,140,137,86,201,110,99,80,99,129,130,96,72,90,72,59,137,65,50,57,125,71,174,91,76,85,73,92,88,97,95,90,78,90,80,47,65,96,26,21,17,191,93,76,67,108,92,76,77,25,88,45,50,150,204,120,161,117,121,206,74,130,165,140,108,59,129,90,50,66,64,56,50,91,73,60,71,15,184,57,115,147,102,37,78,92,85,48,72,107,66,111,208,169,84,123,158,214,109,125,99,136,123,78,83,107,108,81,95,22,92,106,56,73,94,96,89,43,21,215,120,65,138,161,53,52,71,31,61,136,121,67,61,89,116,94,69,144,87,43,47,56,134,114,108,95,85,195,150,171,228,136,72,90,43,82,,41,92,103,58,127,125,86,190,113,113,39,23,22,53,32,19,23,33,19,62,80,73,70,69,100,79,60,43,28,66,38,52,69,17,62,19,169,151,179,101,106,52,171,127,181,103,155,85,132,57,48,57,39,82,53,86,82,66,88,94,89,83,73,103,121,199,151,118,98,133,87,80,57,79,126,80,65,68,85,81,77,106,61,83,94,97,58,78,77,82,88,87,74,84,100,65,101,64,37,80,64,83,77,83,134,102,65,51,15,31,29,84,35,41,47,22,49,,16,45,20,30,15,15,19,13,9,48,23,14,,,,47,27,,115,64,76,61,70,74,58,63,59,57,102,98,65,78,54,74,14,26,35,35,21,24,78,31,61,100,34,101,36,88,141,91,146,25,16,113,121,61,9,118,43,67,72,75,55,47
20180102,1,PM10,56,55,167,118,47,212,141,33,93,58,97,110,191,209,80,45,42,77,292,39,132,65,76,54,304,105,73,53,106,72,84,63,135,128,93,136,172,86,63,156,40,125,115,88,194,81,72,113,354,72,270,178,119,141,106,90,149,118,128,133,106,123,136,63,111,223,25,35,22,411,131,158,115,121,167,167,92,93,121,46,74,338,239,202,321,108,314,277,165,297,353,311,159,109,119,130,88,73,119,73,97,123,148,126,126,21,451,74,223,301,172,55,65,86,107,45,62,44,104,84,135,128,79,284,250,325,281,308,230,253,249,122,113,204,152,76,155,44,179,211,107,133,163,243,150,59,28,439,265,162,346,406,195,128,85,34,120,274,337,80,59,120,227,165,117,253,159,112,130,127,78,73,68,57,71,102,69,52,83,50,74,189,132,141,,34,249,303,103,298,231,159,367,277,247,70,30,26,57,37,16,47,30,24,91,88,58,82,84,79,40,47,72,71,77,38,69,135,21,193,25,240,282,253,197,225,75,137,307,214,233,332,217,185,75,56,64,83,87,106,141,150,127,134,145,157,124,130,190,193,326,399,372,209,326,221,140,109,147,192,234,151,120,175,170,140,117,135,130,136,113,119,162,130,97,169,193,127,144,207,121,199,134,113,151,90,144,205,156,216,215,124,129,29,60,22,84,22,161,22,46,44,,18,117,34,72,25,16,15,46,22,84,85,26,,,,77,16,,205,107,159,117,98,167,152,179,164,118,288,196,154,174,146,177,33,58,66,72,47,63,165,76,144,169,34,169,49,345,400,246,169,61,18,134,132,285,18,237,64,106,139,98,82,48
20180102,1,PM10_24h,63,104,153,135,55,242,118,46,85,111,160,219,191,199,109,89,70,140,260,72,306,208,115,118,314,294,253,181,284,206,221,149,246,177,150,135,165,182,174,150,102,131,124,98,191,103,94,117,268,138,252,162,126,112,108,108,133,120,129,108,105,119,128,68,104,203,38,42,74,374,243,144,177,145,162,160,146,94,124,64,95,244,294,213,265,180,229,329,144,243,269,205,193,107,213,119,90,78,105,83,89,106,120,101,99,35,327,105,246,267,198,59,117,128,146,54,97,91,102,128,200,220,126,239,250,284,217,219,205,196,208,119,127,170,146,103,142,37,203,198,125,127,157,260,139,64,35,396,281,179,297,376,185,194,189,34,243,211,226,152,104,159,199,170,110,209,177,99,106,116,246,222,146,170,154,226,219,211,230,175,109,189,161,136,,59,198,222,98,254,281,210,366,187,210,120,54,31,106,55,29,38,80,35,100,127,92,111,98,149,91,79,55,48,78,46,63,97,29,137,37,257,233,262,168,176,89,216,217,239,181,263,156,220,90,71,67,63,124,103,158,169,110,144,154,166,127,141,199,212,274,279,228,186,233,187,155,100,150,166,181,146,133,149,126,121,131,137,133,145,151,118,153,114,116,140,155,110,100,160,102,163,95,117,144,106,149,195,130,192,238,105,149,32,70,52,139,60,127,98,59,70,,40,123,42,56,32,24,33,22,27,85,64,95,,,,91,35,,196,166,141,123,211,182,145,150,180,236,281,267,194,133,112,133,33,45,66,67,46,62,194,114,173,144,42,135,57,310,373,227,185,39,30,132,163,270,15,198,68,95,110,107,83,78
20180102,1,SO2,6,19,44,105,23,47,38,12,21,10,21,14,56,66,22,18,21,28,59,12,14,14,20,14,18,13,14,16,19,12,8,11,15,14,12,15,11,18,11,14,6,23,15,8,15,10,4,13,95,10,38,13,12,22,8,15,20,8,17,9,9,20,16,5,17,10,12,13,5,35,13,41,91,9,22,18,12,15,33,62,8,48,34,43,43,38,63,30,58,27,34,58,19,10,17,13,12,7,14,5,9,15,12,47,7,13,17,50,68,165,87,38,39,21,44,42,27,23,13,15,15,17,9,36,57,37,38,31,45,14,18,11,17,9,18,10,43,1,8,25,80,15,12,5,5,7,11,58,52,75,16,37,11,6,66,3,5,37,33,16,14,17,20,16,15,19,25,37,9,9,11,9,13,8,17,14,15,11,13,13,15,10,12,10,,47,13,18,11,122,97,56,91,104,138,27,10,4,9,30,6,31,9,12,15,31,8,39,53,9,11,13,12,12,25,7,13,19,10,31,14,28,24,17,17,13,22,20,15,14,8,29,10,13,6,12,9,17,10,11,30,40,45,14,30,41,14,70,56,39,57,46,16,20,14,20,11,17,11,28,13,25,4,20,8,32,21,18,19,14,10,11,5,11,14,15,18,23,31,23,9,33,7,23,8,15,6,11,10,12,28,5,8,12,14,17,27,28,6,7,5,17,,8,31,10,9,10,8,5,11,3,8,10,15,,,,5,2,,12,32,31,16,7,49,10,10,13,10,39,24,17,25,18,42,37,17,8,57,34,23,53,12,26,19,5,11,12,7,13,35,102,3,17,8,5,2,5,28,61,7,19,30,155,19
20180102,1,SO2_24h,10,22,40,65,26,68,31,20,21,22,57,36,55,71,46,39,29,42,77,14,17,17,20,18,19,19,17,21,23,16,12,12,49,13,16,16,11,28,14,13,8,19,15,8,16,11,8,16,56,16,32,20,18,16,9,12,20,11,17,15,11,26,17,6,13,13,14,14,6,39,51,30,101,10,51,20,78,11,39,68,10,51,36,50,39,58,59,34,31,35,49,66,21,15,50,25,12,12,16,9,10,16,17,17,12,11,19,76,81,194,120,41,49,29,53,75,27,28,17,27,20,24,13,39,56,29,36,30,42,16,25,13,16,9,33,17,32,2,8,26,74,20,22,8,14,10,13,37,56,81,27,34,26,13,78,4,5,46,37,27,16,26,36,29,21,27,40,21,11,16,15,10,24,14,20,14,20,24,18,18,16,12,14,11,,32,14,21,13,108,126,136,160,115,141,22,16,7,29,41,9,27,9,25,23,41,20,48,55,25,18,27,8,11,22,14,16,21,18,45,24,25,25,23,16,14,18,19,14,15,9,34,16,15,9,15,13,15,12,9,35,64,49,24,35,50,25,54,45,45,33,51,18,19,19,21,16,20,19,40,15,16,4,21,9,30,26,19,31,19,19,11,5,12,18,21,24,37,21,15,10,24,9,23,10,26,16,14,13,31,14,5,10,12,15,17,23,29,6,8,7,14,,11,28,10,12,18,10,5,10,4,17,11,15,,,,7,2,,21,48,26,32,72,39,18,17,20,12,43,55,14,40,24,33,16,21,14,44,41,26,80,17,18,21,14,10,13,8,15,37,127,4,11,10,13,4,6,31,80,10,18,35,90,52
20180102,1,NO2,45,54,79,69,32,91,76,15,45,50,54,65,87,71,31,27,28,31,73,58,65,55,40,28,80,49,63,58,50,29,25,23,44,60,81,77,36,53,28,62,25,50,27,12,52,25,17,73,105,23,86,95,67,95,18,46,102,52,69,79,37,74,80,4,53,87,28,28,8,106,35,42,43,61,66,65,17,34,46,33,19,103,82,73,94,56,98,65,68,57,83,97,78,53,36,57,17,20,26,54,15,41,58,50,52,27,99,28,83,67,86,25,42,36,42,21,24,17,31,38,32,33,41,88,88,90,90,64,60,59,60,54,29,42,44,26,28,23,52,65,59,61,42,60,37,25,11,116,68,65,72,96,12,21,37,9,18,79,65,19,26,76,71,46,44,48,42,27,58,32,41,81,45,31,89,49,37,37,43,29,24,43,39,24,,36,72,53,42,91,61,75,75,55,55,39,7,7,14,32,3,16,6,11,22,26,15,46,41,28,16,15,25,11,25,18,21,29,4,73,10,74,40,46,46,73,9,98,46,55,33,48,33,47,17,18,15,60,29,35,29,38,57,40,34,45,35,52,107,112,114,84,62,52,70,64,70,50,82,87,76,82,47,71,23,36,29,54,38,35,12,33,30,62,49,67,40,58,44,49,23,32,37,60,54,24,52,59,35,44,44,33,33,11,17,17,28,16,20,14,8,19,,18,42,11,37,8,6,9,21,24,37,37,13,,,,7,14,,46,71,39,55,5,47,35,22,61,42,49,29,70,32,61,38,40,18,20,54,31,21,45,23,38,65,37,45,12,36,73,43,58,14,34,57,55,13,8,68,30,62,38,44,33,20
20180102,1,NO2_24h,44,66,67,59,34,84,71,26,43,62,76,87,73,71,58,42,45,40,92,67,80,79,49,40,64,63,76,68,76,44,47,34,55,58,68,50,46,67,53,52,29,52,40,25,58,29,20,57,90,48,83,74,57,70,28,51,67,58,69,56,38,59,64,12,57,70,31,29,18,102,80,47,44,53,67,53,61,28,46,41,21,78,80,90,77,80,80,60,57,61,72,72,67,39,65,54,23,23,23,46,22,33,50,30,43,22,72,40,69,71,78,31,44,46,51,33,31,30,34,53,52,53,52,76,76,75,62,72,60,56,63,41,37,39,37,25,35,13,53,56,62,55,53,55,46,28,16,95,68,67,66,93,17,31,39,13,33,72,59,54,26,70,55,46,48,50,70,28,42,33,63,72,55,51,68,48,65,60,62,55,26,38,37,49,,33,61,49,41,65,60,72,79,58,56,32,14,13,39,42,8,15,8,16,34,41,29,46,36,37,28,29,19,13,27,16,24,31,11,61,20,65,45,61,50,68,16,90,44,62,36,53,43,53,21,27,20,35,37,24,35,48,44,45,40,44,36,47,84,96,88,79,67,64,59,64,51,52,61,82,64,43,33,57,32,40,31,41,45,46,34,31,32,43,38,40,39,39,28,43,29,30,26,55,51,33,49,57,41,52,36,33,37,12,13,30,32,23,22,25,11,31,,23,24,17,34,14,10,13,17,17,45,26,14,,,,15,20,,50,71,40,49,26,47,33,20,47,27,41,40,47,36,44,48,17,22,21,31,27,19,41,23,39,55,25,34,18,40,49,38,69,13,22,46,49,17,11,67,28,40,33,44,30,34
20180102,1,O3,11,13,5,8,32,2,8,45,5,11,6,2,8,8,49,36,41,26,30,53,34,49,53,61,18,18,27,24,29,43,46,60,37,29,13,22,70,46,59,32,60,61,60,98,70,77,68,12,7,66,18,4,10,12,108,78,8,39,28,18,74,27,10,72,8,28,21,24,86,6,51,56,39,16,7,7,56,38,13,32,84,3,13,,5,8,8,38,12,31,21,5,7,31,21,9,93,80,77,5,102,60,45,40,33,12,11,28,9,4,10,17,22,29,13,38,37,41,24,25,71,74,15,14,9,10,11,39,31,12,3,18,38,30,18,78,34,47,16,9,11,7,62,25,33,34,44,5,18,8,9,3,43,61,39,57,58,25,32,57,82,13,9,19,26,6,52,68,14,10,50,16,42,56,18,17,53,47,28,73,52,53,63,103,,26,16,30,60,7,6,12,14,6,11,33,49,41,51,42,61,31,86,50,29,40,45,7,17,18,48,64,40,72,50,28,61,37,60,35,69,31,53,59,53,45,30,19,35,43,80,50,75,67,96,74,88,21,36,4,35,26,29,30,22,17,22,35,10,5,7,18,25,47,9,18,9,22,6,11,3,8,17,5,7,33,15,17,32,54,46,22,4,5,63,24,37,21,11,7,36,20,12,14,5,53,39,24,14,41,46,17,39,33,59,69,34,21,44,38,27,20,,23,26,85,23,42,44,34,6,57,6,12,82,,,,65,60,,21,7,20,42,71,25,34,26,24,28,50,51,1,24,20,53,41,40,28,27,44,52,15,57,40,3,29,43,31,46,8,24,23,96,30,11,8,30,38,5,36,2,66,17,17,40
20180102,1,O3_24h,52,47,39,44,58,45,42,64,52,24,45,26,53,36,66,53,54,57,50,90,109,123,97,89,83,80,110,82,99,86,87,90,118,123,110,128,108,106,129,134,105,110,103,119,110,99,106,71,59,86,59,68,78,96,125,111,121,92,92,84,104,127,77,101,25,119,55,73,96,41,130,74,78,38,55,69,56,82,60,61,115,95,81,63,74,66,89,73,72,94,55,91,93,83,42,113,156,155,151,96,150,182,134,157,158,46,91,42,78,33,43,48,51,55,41,58,70,56,64,45,114,127,74,51,54,57,69,83,60,44,51,82,74,71,95,146,78,98,100,93,48,84,139,100,74,75,90,65,82,60,75,45,68,67,79,66,73,77,92,89,109,83,71,83,71,65,75,185,78,85,133,60,89,87,74,128,108,128,120,148,89,106,122,116,,57,99,108,138,96,41,34,55,25,40,82,62,46,67,77,61,58,91,61,52,59,58,65,57,57,65,88,64,73,72,59,78,68,63,68,69,96,111,90,93,85,51,107,92,101,114,93,111,114,114,116,111,88,97,83,68,58,99,92,75,65,55,73,56,60,68,67,92,85,88,107,87,48,77,86,65,89,89,94,16,77,69,89,56,79,58,67,46,119,180,125,137,150,58,95,76,75,99,81,83,115,114,117,33,67,90,68,113,73,166,103,69,67,101,63,41,60,,81,105,98,94,72,53,47,20,90,48,48,103,,,,79,78,,96,75,52,68,79,82,94,76,97,90,103,78,74,92,94,78,87,58,73,128,84,82,54,80,100,40,75,65,49,69,92,68,32,112,58,48,51,64,40,64,65,88,180,58,61,51
20180102,1,O3_8h,11,10,5,8,32,2,8,45,5,11,6,2,8,8,49,36,41,26,30,53,34,49,53,62,18,18,27,23,29,43,46,60,37,29,13,22,64,43,59,32,60,61,60,98,70,77,68,12,7,66,18,4,10,12,108,78,8,39,28,18,74,27,10,72,8,32,21,24,86,6,51,56,39,16,7,7,56,38,13,32,84,3,13,,5,8,8,38,12,31,21,5,7,31,21,9,93,80,77,5,102,60,45,40,33,12,11,28,9,4,10,17,22,29,13,38,37,41,24,25,71,74,15,14,9,10,11,39,31,12,3,18,38,30,18,78,34,47,16,9,11,7,62,25,33,34,44,5,18,8,9,3,43,61,39,57,58,25,32,57,82,13,9,19,26,6,52,68,14,10,50,16,42,56,18,17,53,47,28,73,55,53,63,103,,26,16,30,60,7,6,12,14,6,11,33,49,41,51,42,61,31,86,50,29,40,45,7,17,18,48,64,40,72,50,28,61,37,60,35,69,31,53,59,53,45,30,19,35,43,80,50,75,67,96,74,88,21,36,4,35,26,29,30,22,17,22,35,10,5,7,18,25,47,9,18,9,22,6,11,3,8,17,5,7,33,15,17,32,54,46,22,4,5,63,24,37,21,11,7,36,20,12,14,5,53,24,24,14,41,46,17,39,33,59,69,34,21,44,38,27,20,,23,26,85,23,42,44,34,6,57,6,12,82,,,,64,60,,21,7,20,42,71,25,34,26,24,28,50,51,1,24,20,53,41,40,28,27,44,52,15,57,40,3,29,43,31,46,8,24,23,96,30,11,8,30,38,5,36,2,66,17,17,40
20180102,1,O3_8h_24h,11,11,5,8,32,2,8,45,5,11,6,2,8,8,49,36,41,26,30,53,34,49,53,66,18,18,27,23,29,43,46,60,37,29,13,22,66,48,59,32,60,61,60,98,70,77,68,12,7,66,18,4,10,12,108,78,8,39,28,18,74,27,10,72,8,32,21,24,86,6,51,56,39,16,7,7,56,38,13,32,84,3,13,,5,8,8,38,12,31,21,5,7,31,21,9,93,80,77,5,102,60,45,40,33,12,11,28,9,4,10,17,22,29,13,38,37,41,24,25,71,74,15,14,9,10,11,39,31,12,3,18,38,30,18,78,34,47,16,9,11,7,62,25,33,34,44,5,18,8,9,3,43,61,39,57,58,25,32,57,82,13,9,19,26,6,52,68,14,10,50,16,42,56,18,17,53,47,28,73,62,53,63,103,,26,16,30,60,7,6,12,14,6,11,33,49,41,51,42,61,31,86,50,29,40,45,7,17,18,48,64,40,72,50,28,61,37,60,35,69,31,53,59,53,45,30,19,35,43,80,50,75,67,96,74,88,21,36,4,35,26,29,30,22,17,22,35,10,5,7,18,25,47,9,18,9,22,6,12,3,8,17,5,7,33,15,17,32,54,46,22,4,5,63,24,37,21,11,7,36,20,12,14,5,53,24,24,15,41,46,17,39,33,59,69,34,21,44,38,27,20,,23,26,85,23,42,44,34,6,57,6,12,82,,,,64,60,,21,7,20,42,71,25,34,26,24,28,50,51,1,24,20,53,41,40,28,27,44,52,15,57,40,3,29,43,31,46,8,24,23,96,30,11,8,30,38,5,36,2,66,17,17,40
20180102,1,CO,1.142,1.2,2.688,3.75,0.64,2.3,2.7,0.775,1.54,1.075,0.933,1.533,2.775,1.571,1.2,0.655,1.05,0.81,2.178,0.844,0.967,0.65,0.68,0.675,1.8,0.933,1.038,1.156,0.675,1.025,0.7,0.76,1,1.145,1.1,1.067,1.067,0.954,0.6,1.3,0.933,1.067,1.167,0.967,1.65,1,0.7,1.211,2.843,0.589,2.256,1.588,1.13,1.46,0.982,0.875,1.363,1,1.2,1.44,1.375,1.3,1.7,0.75,1.259,1.713,0.9,1.029,0.617,3.192,0.74,1.125,1.371,2.071,1.286,1.171,0.85,0.825,1.275,0.933,0.75,2.6,1.975,2.033,3.1,1.333,3.8,1.46,2.233,2.06,2.4,3.967,1.567,1.1,1.133,1.72,0.9,1,1.05,1.133,0.867,1.167,1.267,1.267,1.233,0.933,3.1,1.433,3.58,3.933,2,1.425,1.8,0.84,1.817,1.02,0.971,0.66,1.233,1.04,1.2,1.08,0.9,2.786,3.68,2.833,2.733,1.925,1.975,1.95,2,1.05,1.12,2.05,1.125,1.225,1.15,0.75,1.45,1.667,3.1,1.025,1.275,1.1,1.15,0.975,0.75,3.2,2.05,3.55,1.925,2.35,0.6,0.7,0.875,0.6,1.333,2.7,1.7,0.6,0.8,1.5,3.05,2,2.7,4.45,1.6,1.1,1.75,3,1.5,0.9,0.75,0.5,0.6,0.95,0.6,1,1.4,0.5,0.633,1,1.1,0.75,,1.15,1.4,1.3,0.933,3.18,2,1.85,2.78,3.167,2.4,0.933,0.4,0.55,0.533,0.55,0.6,0.6,0.433,0.44,0.65,0.367,0.6,1.35,1.7,1.2,0.6,1,0.875,0.65,1.2,0.45,0.68,1.333,0.733,2.6,0.5,1.667,1.65,1.467,1.367,1,0.8,1.167,1.633,1.6,1.475,1.85,1.267,1.1,0.68,0.767,0.675,0.95,1,0.96,1.28,0.88,0.74,1.88,0.933,1.075,1.06,1.2,3.5,2.425,3.425,2.833,1.525,1.7,2.225,1.3,1.275,1.375,1.467,1.78,1.85,1.25,1.275,1.633,1.8,1.183,1.44,1.775,1.46,0.92,0.98,1.86,0.533,1.6,1.233,2.033,1.4,1.567,1.75,1.4,1.167,1.5,1.4,1.125,1.233,0.867,0.96,0.95,1.28,2.04,1.325,0.975,0.94,0.5,0.5,0.78,1.08,0.775,1.25,1.15,1.1,0.9,,0.7,1.1,0.867,1.35,0.65,0.633,0.8,1.2,0.5,1.4,1.25,0.5,,,,0.867,0.5,,1.85,1.367,1.567,0.95,0.6,1.567,2.55,0.75,0.8,1.3,1.833,0.55,1.1,2.7,2,1.7,1,1.6,0.3,2,0.9,1.2,1,0.533,0.9,4.1,3.35,1.8,0.75,1.4,4.8,2.05,1.967,0.6,0.6,1.55,2,1.3,0.55,1.6,1.075,1.2,1.2,1.45,2.025,1.467
20180102,1,CO_24h,1.208,1.722,1.8,3.083,0.86,2.45,1.983,0.85,1.32,1.8,1.833,2.467,2.05,1.786,2.186,1.355,1.15,1.49,2.567,1.178,1.822,1.5,1,1.15,1.95,1.733,1.988,1.789,1.725,1.75,1.78,1.12,2,1.436,1.3,1,1.278,1.631,1.367,1.3,1.167,1.033,1.1,1.033,1.45,1,0.725,1.022,2.071,1.211,1.933,1.463,1,1.21,1.073,0.95,1.225,1.15,1.175,1.38,1.38,1.175,1.529,0.8,1.235,1.275,0.956,1.057,0.75,2.938,2.58,1.95,1.571,1.914,1.129,1,3.05,0.8,1.525,1.167,0.725,1.95,2.35,2.267,2,2.1,2.967,1.78,1.75,1.78,2.033,2.467,1.633,0.967,2.033,1.54,1.017,1.017,0.975,1.2,0.967,1.167,1.233,1.1,1.1,1,2.067,2.267,2.88,2.983,2.15,1.475,2.171,1.4,2.767,1.2,1.314,1.22,1.267,1.62,1.85,1.8,1.3,2.514,3.1,2.167,2.233,1.375,1.45,1.65,1.8,1.067,1.18,1.95,1.175,1.25,1.117,0.7,1.1,1.583,3.58,0.975,1.3,1,1.167,1,0.85,2.525,2.05,2.825,1.737,2.025,0.8,0.75,1.475,0.64,1.533,2.25,1.35,1.4,1,1.65,2.45,1.85,2.25,3.25,2.35,1.3,1.55,2.05,2.133,1.3,1.2,1.2,1.1,1.45,1.467,2,2.5,1.4,0.967,1,1.3,0.9,,1.1,1.475,1.1,0.933,3.64,2.1,2.15,4.4,2.633,2.567,0.933,0.5,0.55,1.233,1.1,0.533,0.6,0.533,0.54,0.5,0.767,1.25,1.55,1.55,1.95,1.25,1.333,0.625,0.675,0.975,0.5,0.66,0.9,0.8,2,0.6,1.683,1.417,1.533,1.283,1.025,0.95,1.967,1.067,1.9,1.05,1.3,1.2,1.233,0.82,0.9,0.825,0.925,1.133,0.82,1.64,0.96,0.66,2,0.933,1.05,1,1.2,3.133,2.825,2.35,2.067,1.225,1.72,1.575,1.1,1.3,1.275,1.467,1.66,1.55,0.95,1.2,1.433,1.35,1.183,1.46,1.55,1.56,0.92,1.16,1.46,0.633,1.75,1.333,1.5,1.175,1.3,1.5,1.3,1.067,1.35,1.25,1.15,1.1,0.867,0.92,0.85,1.3,2.06,1.15,1.025,0.9,0.567,0.45,1.1,1.06,0.875,1.3,1.15,1.2,0.95,,0.7,0.85,0.867,1.3,0.65,0.667,0.8,0.9,0.6,1.3,1.05,0.6,,,,1.433,0.6,,1.925,2.033,1.467,0.9,1.2,1.4,1.8,0.6,0.75,0.85,1.6,1.4,1.1,2.2,1.7,2.1,0.4,1.2,0.7,1.2,0.9,0.9,1.233,1.133,1.233,3,1.65,1.533,1,1.7,3.1,2.15,2.467,0.5,0.35,1.45,1.8,1.4,0.65,1.525,1.25,1.167,1.125,1.7,2.2,2.05
20180102,2,AQI,58,54,127,85,52,171,117,32,69,64,80,108,144,130,55,42,43,60,251,49,84,57,66,50,244,76,62,54,73,64,61,61,110,117,76,113,104,75,57,111,41,136,91,69,215,70,64,85,240,61,222,131,122,142,91,104,132,110,144,133,108,139,124,60,94,137,24,30,42,278,90,110,77,142,131,117,61,74,80,43,70,284,215,142,258,83,260,191,135,237,263,304,121,93,93,128,73,121,116,71,74,147,98,98,124,27,299,56,172,230,135,52,53,71,74,43,55,45,86,82,125,105,76,237,198,296,221,275,232,250,205,97,110,174,167,99,146,42,126,149,84,105,135,143,126,55,25,337,148,104,223,259,119,83,74,43,92,269,263,96,67,97,196,131,82,224,99,81,93,104,63,62,57,60,61,73,61,57,72,52,61,121,94,147,,42,161,241,81,192,142,115,222,212,163,57,30,26,56,29,31,46,42,27,68,63,50,71,86,57,38,45,74,60,96,49,74,130,31,130,36,193,257,195,184,203,59,100,274,175,207,298,196,124,64,60,58,75,85,80,114,109,100,96,124,122,117,91,133,126,268,312,276,139,273,150,104,97,104,207,144,99,98,127,172,106,110,106,97,119,100,93,106,113,97,146,135,100,150,170,96,172,111,78,116,88,105,131,143,202,147,83,88,20,52,34,82,22,91,26,42,61,17,21,70,43,63,21,23,19,40,30,63,54,36,,,,63,27,,200,76,115,98,110,102,184,110,112,129,146,115,99,109,93,108,54,99,53,69,46,53,102,64,102,141,55,130,40,186,293,134,175,49,45,170,158,168,20,213,53,86,111,68,74,45
20180102,2,PM2.5,40,32,96,62,24,129,88,22,44,41,58,80,110,92,19,20,23,28,200,34,58,35,47,22,193,41,36,36,38,44,27,36,82,88,55,84,69,54,36,83,26,103,67,49,164,50,45,62,189,19,171,99,92,108,67,77,100,82,110,101,80,106,93,38,70,104,12,19,17,227,43,65,44,108,99,88,29,36,58,24,50,233,164,108,207,61,209,143,102,186,212,253,91,69,69,97,50,91,87,51,50,112,73,73,93,11,248,34,130,179,102,33,34,49,45,30,22,31,63,60,94,78,55,186,148,245,170,224,181,199,154,72,82,131,126,74,111,28,95,114,55,78,102,99,95,35,11,286,113,55,172,198,54,28,39,30,46,218,212,71,44,72,147,99,60,173,66,48,57,77,33,33,29,34,35,46,43,39,52,35,43,91,36,112,,28,122,190,59,144,103,86,171,161,123,33,17,17,21,17,6,32,25,11,30,28,23,51,63,31,16,31,53,42,71,34,53,98,11,98,4,145,206,146,138,152,41,75,223,132,156,247,147,93,45,42,38,54,62,58,85,81,75,71,93,92,88,67,101,95,217,261,225,106,222,115,77,72,77,156,110,71,73,96,130,79,82,79,72,89,75,66,75,84,72,111,102,75,115,128,71,130,83,34,87,65,78,96,109,151,112,61,52,11,34,10,60,13,57,15,22,43,10,11,48,17,35,13,16,10,28,7,43,23,9,,,,20,15,,150,30,86,73,82,68,138,82,56,73,64,59,61,81,57,68,24,74,32,49,21,28,65,21,56,107,38,98,27,87,177,63,132,33,25,128,120,63,8,162,32,63,83,44,53,23
20180102,2,PM2.5_24h,34,64,82,68,22,144,66,25,38,57,97,148,103,80,55,56,37,81,238,82,203,133,70,87,224,150,152,127,192,131,132,80,195,109,95,83,98,126,123,97,67,90,72,58,140,63,49,57,128,70,178,90,77,87,72,92,89,96,97,91,78,92,81,47,66,94,24,20,17,193,91,76,65,108,92,76,74,25,85,43,50,156,202,121,166,115,128,205,75,132,172,147,108,60,126,90,51,68,65,55,50,93,74,61,73,15,190,57,116,148,103,37,74,88,84,47,68,100,67,109,202,164,74,127,160,217,111,130,103,133,126,77,83,109,109,80,96,22,90,106,55,74,94,96,90,42,21,219,121,65,139,164,53,51,68,31,60,140,127,75,59,89,116,95,69,145,87,43,48,57,126,104,84,108,78,186,140,162,217,133,68,89,43,83,,39,93,106,57,124,124,86,189,113,113,37,22,21,52,31,17,23,32,18,58,74,70,68,68,98,72,59,43,27,66,43,52,70,17,65,18,168,153,178,103,107,49,166,132,180,106,152,89,131,56,48,55,40,80,53,86,82,66,87,96,87,83,73,105,121,203,158,124,99,137,88,78,58,77,129,81,64,68,85,83,76,104,61,83,94,96,58,79,77,82,90,89,74,86,102,65,103,66,37,75,64,82,78,84,134,100,65,51,15,31,27,82,34,41,44,22,48,30,16,45,20,30,14,15,18,14,9,48,24,14,,,,45,25,,117,52,77,62,70,74,62,65,59,57,99,97,68,75,54,74,14,28,35,36,21,24,78,30,59,100,32,99,35,85,139,84,145,25,17,111,123,61,9,122,42,66,73,71,55,45
20180102,2,PM10,58,55,165,113,51,210,138,27,86,75,87,118,189,208,57,41,42,68,245,38,116,61,75,49,315,100,71,55,94,76,70,69,133,133,92,145,155,82,61,149,40,116,112,86,179,75,67,110,347,69,261,170,117,146,107,96,153,102,147,133,114,130,150,68,108,211,23,29,17,400,128,168,102,139,169,163,69,96,86,42,77,342,256,170,310,99,319,247,163,294,341,334,184,118,119,126,93,92,124,78,96,131,142,142,128,26,402,60,233,241,174,52,53,89,95,32,57,36,88,77,115,128,68,296,240,308,288,340,233,260,244,120,114,202,146,94,146,41,172,198,115,118,145,234,135,58,24,446,239,155,330,390,186,113,96,39,132,289,343,132,81,125,217,163,110,226,145,109,133,139,74,71,61,67,69,94,67,62,66,51,69,168,136,170,,41,254,327,94,267,231,161,329,231,231,61,29,25,59,28,13,43,24,26,83,73,49,70,83,62,37,41,65,64,92,40,65,134,20,207,18,211,290,218,195,219,64,109,318,178,231,349,214,174,76,53,64,90,89,87,137,153,113,115,140,155,124,130,182,167,298,395,359,215,336,225,138,108,150,199,223,146,121,173,169,137,106,141,126,128,116,134,160,124,96,181,188,139,151,193,138,195,133,104,143,106,134,209,145,193,218,96,124,19,51,20,74,21,130,25,41,58,16,20,88,32,73,20,21,16,38,18,74,55,32,,,,73,22,,215,99,151,129,92,152,178,157,171,206,239,177,145,145,134,163,56,112,53,76,45,53,152,76,152,156,40,167,39,320,414,216,155,44,44,156,168,284,13,228,54,105,135,83,80,44
20180102,2,PM10_24h,62,102,153,136,52,239,117,46,86,108,157,218,189,197,106,82,68,133,261,66,296,199,109,121,316,284,240,173,275,195,214,141,241,174,145,143,163,178,165,162,94,129,124,98,192,99,92,116,268,137,255,157,125,117,108,108,134,119,131,109,104,120,130,67,105,198,36,41,73,376,237,145,172,144,161,160,131,95,119,61,94,251,292,213,271,176,233,328,145,245,278,212,193,108,208,119,91,79,106,82,90,107,122,104,101,34,334,104,247,267,197,59,112,124,145,52,94,88,102,126,191,214,113,242,250,290,219,226,207,192,212,117,125,173,145,101,141,38,198,196,124,130,157,260,140,62,35,399,280,177,297,378,185,190,182,34,234,215,235,162,101,158,198,171,111,210,177,100,108,116,232,202,142,192,143,218,206,199,205,170,104,170,161,138,,58,200,226,98,246,277,207,363,187,211,112,54,31,103,54,25,35,77,33,97,120,89,108,97,146,86,77,56,46,78,52,63,99,29,144,36,255,235,261,170,178,82,210,221,238,184,278,160,219,89,71,68,65,122,102,157,167,110,142,149,163,127,141,201,212,277,285,235,189,237,189,152,101,149,168,182,144,134,150,127,121,122,135,132,144,148,118,154,114,115,141,156,110,101,162,102,164,96,117,134,106,146,195,131,193,235,104,148,31,69,48,134,57,128,88,58,67,42,40,120,41,57,31,24,31,23,27,84,62,93,,,,90,32,,197,145,142,123,205,180,148,152,180,233,276,263,196,130,114,135,34,47,66,68,46,61,193,112,169,143,41,133,56,307,371,218,183,39,30,128,166,272,14,200,66,95,112,101,83,75
20180102,2,SO2,7,19,37,134,20,50,42,10,21,15,22,12,52,61,20,25,20,45,47,11,13,14,18,14,18,14,14,16,15,11,7,11,15,14,12,14,10,19,11,9,6,23,16,8,14,9,4,12,86,9,40,12,11,21,7,14,18,11,15,8,9,20,15,4,16,9,8,19,6,33,12,40,96,10,21,17,9,16,23,66,8,33,32,25,41,29,73,29,42,27,33,52,18,10,16,12,12,8,14,6,9,16,12,57,7,11,24,59,63,120,96,30,39,27,40,41,22,25,11,15,14,18,9,37,55,39,37,34,43,14,15,14,20,10,17,9,35,1,6,23,82,17,10,6,7,6,11,46,51,70,17,37,8,13,72,4,5,37,28,23,15,17,14,14,13,16,16,29,8,8,10,8,13,8,16,13,14,14,13,13,13,10,13,9,,32,12,17,11,111,89,49,81,94,147,12,9,4,9,23,5,24,9,15,15,22,8,38,54,7,9,13,10,13,30,8,15,24,9,31,17,28,22,16,15,18,17,19,14,11,8,29,9,13,6,12,8,17,10,7,29,51,44,13,31,37,24,78,52,39,54,49,15,19,13,26,16,16,13,48,12,26,6,15,7,28,18,17,19,13,10,11,3,12,17,15,19,30,32,6,10,38,9,25,8,15,6,11,12,14,81,5,8,17,11,15,23,28,5,7,5,18,8,8,21,9,9,11,8,4,11,3,9,9,16,,,,5,2,,14,27,28,17,7,22,8,11,14,11,13,24,18,26,18,45,48,16,7,54,17,20,47,17,28,16,5,9,13,8,10,34,82,3,47,8,6,2,5,28,30,6,16,34,98,16
20180102,2,SO2_24h,11,22,39,68,24,68,30,21,21,21,56,36,54,71,45,37,28,43,81,14,17,17,20,19,18,19,17,20,23,16,12,12,48,13,16,14,11,28,13,10,8,19,16,9,16,10,8,15,59,16,33,18,17,16,9,12,20,11,17,14,11,26,16,6,13,12,10,15,6,40,50,31,101,10,49,20,55,11,39,67,10,51,37,51,40,56,62,34,32,34,48,67,21,15,47,25,12,11,16,9,10,16,17,19,11,11,19,76,79,193,119,41,49,29,53,74,27,27,18,27,20,24,12,39,58,30,35,30,42,16,25,13,17,9,32,15,33,2,7,26,76,20,21,8,13,10,13,38,56,82,27,34,25,14,77,4,5,45,37,34,16,25,34,28,20,27,40,21,11,16,15,10,19,12,20,14,20,23,18,18,16,12,14,11,,32,14,21,13,97,124,134,156,114,141,20,15,7,28,41,8,27,9,24,23,40,19,48,56,24,18,27,8,11,23,15,16,21,18,45,25,25,24,23,16,14,18,20,14,15,9,27,16,15,9,15,12,16,11,10,35,63,49,23,34,51,26,55,47,45,34,52,17,20,19,22,15,21,19,40,15,17,4,20,9,30,24,19,31,19,19,11,5,12,18,21,24,38,22,15,10,25,9,23,10,25,15,14,13,31,16,5,10,12,15,18,23,29,6,9,7,15,12,11,28,10,12,18,10,5,10,4,17,9,15,,,,7,2,,20,39,26,32,71,38,18,17,20,12,42,55,21,40,24,35,17,22,14,45,41,26,78,17,18,21,14,10,13,8,15,35,125,4,12,11,12,4,6,31,78,9,18,34,91,52
20180102,2,NO2,47,54,69,68,30,89,75,14,45,55,55,79,86,70,25,27,28,30,65,43,59,44,35,29,73,49,59,57,40,27,27,21,42,62,75,74,27,51,20,50,12,46,25,13,52,23,19,71,98,23,93,86,66,90,18,36,95,72,70,73,32,70,71,6,52,76,27,30,12,104,35,35,44,60,65,62,11,23,33,26,19,94,81,61,92,57,98,65,65,56,95,92,77,57,38,53,17,24,28,48,17,35,58,46,49,21,98,28,82,61,82,26,36,41,41,15,23,14,23,32,34,36,34,84,85,108,86,64,56,54,60,47,25,39,47,26,29,27,51,62,60,63,40,57,33,23,10,109,59,61,68,93,11,25,40,12,21,88,75,60,22,76,63,46,41,43,32,19,55,31,34,66,47,28,72,47,36,36,38,32,20,36,33,41,,27,72,56,54,80,61,68,70,55,52,10,8,23,14,28,2,15,8,9,22,18,16,43,44,22,13,16,23,11,27,13,18,29,3,79,10,76,44,45,57,56,26,101,38,49,38,54,33,43,18,20,13,61,25,27,26,42,53,30,38,41,34,53,103,100,107,87,64,56,70,51,77,46,84,86,75,83,44,67,22,33,20,52,39,34,11,35,20,62,44,72,39,50,45,41,25,31,43,68,50,27,50,60,36,40,46,30,36,10,12,18,24,16,15,13,7,22,15,20,30,9,37,8,6,7,20,21,37,37,21,,,,6,20,,43,68,39,56,4,41,36,24,44,32,26,34,64,35,53,51,45,11,18,49,23,14,41,26,37,64,47,45,12,27,66,42,51,9,43,51,42,11,7,64,20,54,36,39,32,15
20180102,2,NO2_24h,44,65,67,60,33,85,70,26,43,61,75,88,73,71,56,41,44,38,91,66,79,77,48,40,64,62,75,67,74,43,46,33,55,58,68,57,45,66,50,43,28,52,39,25,57,28,20,57,89,47,84,69,57,72,27,49,68,58,68,56,38,60,65,13,57,66,31,29,19,103,78,47,43,53,66,53,50,28,44,40,21,79,79,89,79,79,83,60,57,60,73,74,66,41,63,54,23,23,23,46,22,33,51,31,43,21,73,40,70,71,79,31,44,46,50,32,31,28,34,52,51,52,45,77,78,79,64,71,60,55,63,41,36,39,38,25,33,14,52,56,61,55,53,55,46,29,16,96,68,67,66,93,17,31,38,12,32,72,60,65,25,70,55,46,49,50,68,28,42,33,60,72,49,47,69,48,63,59,59,53,25,35,36,48,,33,61,49,42,62,60,72,78,58,56,30,14,14,37,40,7,15,8,15,32,38,28,45,37,36,27,29,20,13,27,16,24,32,11,63,19,65,45,60,49,67,17,90,44,61,35,59,42,52,21,27,19,37,37,24,34,48,45,44,39,43,37,47,86,95,90,79,66,64,60,64,51,53,61,83,63,45,34,57,32,39,30,40,44,45,32,31,32,43,38,42,38,40,29,43,29,30,26,55,51,33,49,57,41,52,36,33,37,12,13,29,32,23,22,23,11,32,20,23,25,16,34,14,10,12,17,17,45,38,15,,,,15,19,,50,71,40,49,25,47,33,20,47,26,41,39,49,36,44,48,18,22,21,32,27,19,42,22,39,55,26,34,17,39,49,37,68,12,23,46,49,17,11,68,26,40,33,43,30,33
20180102,2,O3,8,12,4,7,37,2,8,46,4,6,3,3,7,8,56,36,41,26,35,62,34,56,59,59,19,17,32,23,38,44,42,61,35,27,15,27,74,48,75,35,77,65,60,89,64,79,64,10,7,68,11,5,8,12,105,81,10,28,22,23,82,26,12,75,8,31,21,20,80,6,49,60,37,16,7,5,57,48,24,36,80,3,7,,5,4,6,30,11,28,9,4,5,24,18,7,89,71,69,4,95,65,41,37,27,17,10,27,12,5,8,15,27,23,12,43,38,44,32,28,61,63,28,18,8,4,9,37,33,12,3,19,39,31,13,75,30,37,15,8,10,5,63,23,37,37,44,5,22,7,9,3,47,58,31,49,54,14,19,28,81,10,15,12,25,5,57,79,12,9,58,28,39,51,30,17,59,46,29,60,57,51,66,59,,33,12,27,40,15,4,17,16,6,11,65,49,31,48,49,61,16,80,51,28,44,42,13,14,23,59,60,42,72,49,37,64,32,61,35,73,24,45,53,45,51,33,15,39,45,65,45,66,60,91,66,92,22,37,5,36,20,30,39,17,22,23,33,9,10,7,14,22,36,6,30,4,25,4,11,3,6,18,4,6,30,17,16,30,51,44,18,28,6,57,14,35,25,8,5,33,22,12,6,6,46,32,25,14,38,49,24,32,34,62,64,32,20,42,40,25,19,29,26,36,85,22,40,42,40,6,58,6,12,59,,,,66,46,,16,4,18,27,72,25,31,25,38,34,63,44,2,21,24,42,38,43,27,25,48,57,16,54,40,3,5,42,31,52,8,26,30,95,25,15,16,29,38,6,42,3,59,21,16,44
20180102,2,O3_24h,52,47,39,44,58,45,42,64,52,24,45,26,53,36,66,53,55,57,56,92,109,124,97,92,82,80,110,82,99,86,87,90,118,123,110,120,108,106,129,118,105,110,103,119,110,97,106,71,57,89,59,63,77,98,125,111,121,92,92,84,104,127,72,106,24,111,52,73,96,41,130,74,78,38,55,69,57,82,60,61,115,95,81,63,74,66,86,73,72,94,55,91,93,83,42,113,156,155,151,96,150,182,134,157,158,46,91,42,78,33,41,48,51,55,41,58,70,56,64,45,114,127,80,51,54,53,55,83,60,43,46,81,71,71,94,146,78,98,100,93,48,84,139,100,71,67,90,65,82,60,75,45,68,67,79,66,73,77,92,84,109,83,71,83,71,65,75,185,78,85,133,60,81,86,74,128,108,128,120,148,89,109,122,116,,57,99,108,138,94,41,34,55,25,40,82,62,46,67,77,61,58,91,61,52,59,58,65,57,57,65,88,64,73,72,62,78,68,63,68,73,96,111,90,93,85,47,107,92,101,114,98,111,114,114,116,113,88,97,83,68,58,99,92,63,64,52,73,56,60,68,67,92,85,88,107,87,48,77,86,65,89,89,94,16,77,69,89,56,79,54,67,48,119,180,125,137,150,58,95,76,75,99,81,70,115,114,117,29,66,90,68,113,73,166,103,65,65,101,61,41,58,66,81,105,98,94,72,53,47,20,90,48,49,103,,,,79,78,,96,58,52,68,79,82,94,76,97,90,103,78,72,92,94,78,87,58,73,128,84,82,54,80,100,40,75,64,49,69,92,68,32,112,58,48,51,64,40,60,65,88,180,58,61,51
20180102,2,O3_8h,9,10,4,7,35,2,8,45,5,9,5,3,8,8,53,36,41,26,32,58,34,53,56,59,19,18,30,23,34,44,44,60,36,28,14,23,66,44,67,38,68,63,60,94,67,79,66,12,7,67,15,5,9,12,106,79,9,33,25,20,78,27,11,75,8,33,21,22,83,6,50,58,38,16,7,6,55,43,19,34,82,3,10,,5,6,6,34,11,30,15,6,6,27,20,8,91,76,73,4,98,62,43,38,30,14,10,27,10,5,9,19,24,25,13,40,38,43,28,27,66,68,27,16,8,6,9,38,32,12,3,19,38,31,16,76,32,42,15,8,11,6,62,24,35,35,44,5,20,8,9,3,45,60,35,53,56,19,26,29,82,11,12,16,25,6,55,74,13,9,54,22,39,53,25,17,56,46,28,66,57,52,64,81,,29,14,29,50,15,6,14,15,6,11,49,49,36,50,45,61,24,83,50,29,42,44,10,15,21,54,62,42,72,49,34,62,34,60,35,71,27,49,56,49,48,30,17,37,44,73,46,71,63,93,70,90,22,37,4,35,23,30,34,19,21,22,34,9,7,7,16,23,42,7,24,7,24,5,11,3,5,17,4,7,32,16,17,31,52,45,20,15,5,60,19,36,23,9,6,35,21,11,10,6,50,21,24,14,39,48,17,36,33,60,67,33,21,43,40,26,20,29,24,31,85,23,41,43,37,6,58,6,10,70,,,,64,53,,19,5,19,34,72,25,33,26,31,31,56,48,2,23,22,48,40,42,28,26,46,54,15,56,40,3,17,42,31,49,8,26,27,96,27,13,12,30,38,5,39,2,63,19,16,42
20180102,2,O3_8h_24h,11,11,5,7,35,2,8,45,5,11,6,3,8,8,53,38,42,27,33,58,34,53,56,63,20,18,30,23,34,44,46,61,37,30,14,23,69,49,67,40,68,64,60,98,71,81,68,12,7,69,18,5,11,13,110,83,10,39,29,20,78,28,12,77,8,33,22,24,87,6,53,59,40,16,7,8,55,43,19,34,84,3,13,,5,8,7,38,12,31,21,5,7,33,21,9,93,80,79,5,102,62,45,40,33,14,11,29,11,5,10,17,24,27,13,41,39,43,28,27,71,74,28,16,9,10,9,39,32,12,3,19,39,31,18,78,34,47,16,9,11,7,63,25,35,36,44,5,20,8,9,3,45,61,40,57,58,25,32,31,82,13,12,20,26,6,55,74,14,10,54,22,39,55,25,17,56,47,28,73,64,53,64,103,,31,16,30,60,15,6,14,15,7,11,49,49,41,51,46,61,31,86,50,30,42,45,10,17,21,54,65,42,72,50,34,63,38,61,36,71,31,53,59,53,51,30,19,37,44,80,47,75,67,96,74,90,25,38,4,36,26,30,35,21,21,23,35,10,7,7,18,25,47,9,25,9,24,6,12,3,5,18,5,7,34,16,18,32,55,47,22,15,6,65,24,37,24,11,7,36,21,12,14,6,54,24,25,16,41,48,18,40,34,60,69,34,22,45,40,27,21,29,24,31,86,23,42,44,37,6,58,6,10,82,,,,64,60,,21,6,20,42,72,25,34,28,31,31,56,51,2,24,22,53,41,42,28,27,46,54,15,59,40,3,29,43,31,49,8,26,27,96,31,13,12,30,39,5,40,2,67,19,17,42
20180102,2,CO,1.25,1.261,2.488,4.46,0.62,2.5,2.617,0.8,1.44,1.575,0.767,1.5,2.775,1.714,1.114,0.618,0.91,0.8,1.81,0.82,0.833,0.625,0.68,0.8,1.643,1,1.063,1.167,0.55,1,0.7,0.76,0.95,1.145,1.063,0.975,0.992,0.934,0.6,1.267,0.867,1.033,1.167,0.933,1.59,0.94,0.7,1.211,2.863,0.578,2.344,1.53,1.09,1.345,0.964,0.85,1.275,0.875,1.2,1.36,1.3,1.25,1.675,0.74,1.206,1.633,0.863,0.986,0.65,2.954,0.76,1.125,1.343,2.214,1.3,1.171,0.683,0.75,0.9,0.867,0.75,2.45,2.175,1.7,3.2,1.233,3.64,1.32,2.4,2.08,2.433,3.767,1.867,1.167,1.067,1.62,0.867,1.1,1.05,1.1,0.9,1.1,1.167,1.167,1.2,0.933,3.133,1.35,3.8,3.383,2.2,1.575,1.757,0.95,1.85,0.96,0.914,0.6,0.967,0.98,1.075,1.06,0.929,2.786,3.46,3.075,3.125,2.025,2,1.92,2.067,1.05,1.12,1.9,1.175,1.175,1.083,0.8,1.125,1.683,3.38,1.025,1.325,1.025,1.083,0.95,0.65,3.175,1.95,3.15,1.963,2.425,0.567,0.7,0.95,0.6,1.333,3.05,1.8,2.9,0.8,1.45,2.35,2.15,2.5,4.25,1.5,1.05,1.7,2.5,1.467,0.8,0.767,0.55,0.6,0.85,0.6,1,1.3,0.55,0.567,1,1.1,0.95,,0.85,1.525,1.4,0.967,3.133,1.8,1.725,2.8,2.8,2.467,0.533,0.4,0.7,0.467,0.5,0.267,0.8,0.5,0.44,0.6,0.333,0.65,1.3,1.8,1.1,0.55,0.967,0.75,0.7,1.25,0.5,0.62,1.333,0.733,3,0.45,1.517,1.667,1.3,1.367,1.025,0.767,1.267,1.567,1.267,1.475,2,1.267,1,0.7,0.767,0.65,0.95,0.967,0.8,1.18,0.92,0.74,1.78,0.875,1.04,1.02,1.15,3.4,2.275,3.3,2.967,1.725,1.64,2.425,1.133,1.4,1.325,1.467,1.78,1.8,1.05,1.3,1.433,1.65,1.167,1.4,1.775,1.48,0.88,1.02,1.8,0.267,1.3,1.2,1.733,1.4,1.433,1.75,1.4,1.133,1.35,1.4,1.1,1.125,0.9,0.9,0.925,1.22,1.8,1.275,0.875,0.9,0.433,0.45,0.72,1.04,0.8,1.2,1,1.1,0.9,0.8,0.6,0.95,0.8,1.25,0.65,0.7,0.7,1.1,0.5,1.3,1,0.65,,,,0.767,0.8,,1.925,1.2,1.633,0.95,0.6,1.4,2.55,0.9,0.75,0.95,1.167,0.45,1.5,2.75,1.8,1.9,1.2,1.2,0.4,1.8,0.9,0.9,0.933,0.533,0.933,3.85,3.05,2,0.85,1.25,4.8,2.2,1.7,0.8,0.55,1.45,1.8,1.3,0.55,1.625,1,1.167,1.125,1.2,2.2,1.367
20180102,2,CO_24h,1.217,1.678,1.825,3.18,0.76,2.425,2.017,0.875,1.32,1.8,1.767,2.433,2.075,1.786,2.1,1.273,1.13,1.4,2.61,1.21,1.767,1.425,0.96,1.22,1.914,1.7,1.913,1.756,1.675,1.725,1.7,1.08,1.925,1.409,1.288,1,1.278,1.611,1.3,1.4,1.133,1,1.1,1.033,1.45,0.98,0.725,1.044,2.088,1.178,1.967,1.43,1.01,1.209,1.073,0.95,1.188,1.15,1.175,1.4,1.38,1.225,1.525,0.8,1.247,1.289,0.938,1.043,0.75,2.923,2.48,1.9,1.529,1.9,1.129,1,2.883,0.75,1.45,1.133,0.725,1.95,2.35,2.233,2.1,2.067,3.02,1.74,1.75,1.8,2.067,2.533,1.633,1.033,1.967,1.56,1.017,1.017,1,1.2,0.967,1.167,1.233,1.133,1.1,1,2.167,2.167,2.9,3.033,2.15,1.5,2.143,1.367,2.717,1.18,1.286,1.18,1.233,1.62,1.8,1.76,1.113,2.514,3.16,2.3,2.475,1.425,1.5,1.54,1.833,1.067,1.18,1.95,1.175,1.25,1.117,0.7,1.1,1.583,3.62,0.975,1.275,1,1.167,1,0.85,2.55,2.1,2.85,1.737,2.05,0.8,0.75,1.425,0.64,1.533,2.25,1.45,2.85,1,1.65,2.4,1.85,2.3,3.35,2.3,1.3,1.6,2.1,2.067,1.2,1.267,1.1,1,1.45,1.4,1.9,2.4,1.35,0.9,0.95,1.3,0.9,,1.05,1.475,1.1,0.933,3.35,2.08,2.125,4.3,2.633,2.567,0.867,0.5,0.55,1.167,1.05,0.467,0.6,0.5,0.52,0.475,0.767,1.2,1.55,1.55,1.85,1.2,1.3,0.625,0.625,0.975,0.567,0.66,0.933,0.8,2.1,0.6,1.667,1.433,1.5,1.283,1.025,0.933,1.933,1.133,1.9,1.1,1.4,1.2,1.2,0.8,0.9,0.775,0.925,1.133,0.84,1.64,0.96,0.7,1.98,0.95,1,1,1.2,3.2,2.775,2.425,2.167,1.325,1.72,1.65,1.1,1.3,1.275,1.467,1.66,1.55,0.95,1.25,1.433,1.35,1.183,1.46,1.575,1.56,0.92,1.16,1.5,0.633,1.775,1.333,1.5,1.175,1.3,1.5,1.3,1.067,1.35,1.25,1.15,1.1,0.867,0.92,0.85,1.3,2.1,1.15,1,0.88,0.567,0.45,1.08,1.08,0.875,1.3,1,1.2,1,0.7,0.75,0.85,0.867,1.3,0.65,0.667,0.8,0.9,0.6,1.3,0.9,0.6,,,,1.4,0.6,,1.925,1.675,1.467,0.9,1.2,1.4,1.85,0.65,0.75,0.8,1.533,1.35,1.3,2.2,1.7,2.1,0.5,1.2,0.7,1.2,0.9,0.9,1.167,1.133,1.2,2.95,1.7,1.533,1,1.7,3.15,2.1,2.433,0.5,0.35,1.4,1.8,1.4,0.65,1.55,1.25,1.167,1.125,1.625,2.175,2.025
20180102,3,AQI,61,52,130,88,45,163,97,30,68,66,75,109,139,128,49,38,41,60,240,45,78,56,60,50,223,76,62,55,69,66,59,61,98,116,81,106,99,80,54,116,42,137,94,69,210,71,64,85,237,65,224,133,122,139,92,103,126,113,139,131,104,143,126,59,94,147,19,31,42,283,91,120,72,141,127,114,52,72,69,41,69,276,248,110,268,78,262,178,141,246,258,284,133,97,103,128,71,117,120,71,73,128,99,99,124,21,286,53,177,242,144,53,48,66,67,38,53,39,67,83,110,99,80,234,170,251,216,292,230,253,199,105,109,165,154,106,144,43,126,156,83,103,127,140,119,45,23,331,139,100,214,247,115,74,69,56,92,287,257,86,,96,185,122,88,214,98,79,89,94,63,63,56,57,55,73,63,60,71,60,50,133,106,170,,39,171,251,82,206,139,108,203,156,188,46,27,31,52,26,31,41,42,28,63,58,44,66,89,49,35,46,78,61,105,43,69,125,32,153,37,148,261,142,196,206,55,94,266,126,212,288,204,111,63,61,57,69,83,66,117,117,97,93,130,126,117,93,126,120,260,295,287,146,270,153,105,97,106,206,146,94,103,122,163,111,115,103,99,108,96,98,106,108,96,137,136,104,157,150,96,163,103,70,126,91,100,117,127,198,142,75,83,21,52,33,74,16,80,27,41,45,,29,66,44,59,21,22,20,38,30,60,53,36,,,,51,44,,205,80,114,91,75,96,112,111,101,128,118,95,99,102,94,126,77,57,55,64,41,51,92,65,106,116,61,125,45,206,286,110,160,50,52,185,153,171,19,223,58,96,109,60,78,43
20180102,3,PM2.5,43,31,98,63,21,123,72,21,45,43,54,81,106,89,15,19,22,27,189,31,54,34,42,23,172,45,36,38,42,47,33,38,73,87,59,79,63,58,35,87,26,104,70,49,159,51,45,62,186,27,173,101,92,106,68,76,95,84,106,99,77,109,95,33,70,112,13,19,9,232,39,77,40,107,96,85,18,32,49,23,49,225,197,82,217,57,211,134,107,195,207,233,101,72,76,97,51,88,90,51,50,97,74,74,93,12,235,27,133,191,110,32,28,47,41,26,20,27,48,61,82,74,58,183,128,200,165,241,179,202,149,78,81,125,117,79,110,26,95,118,61,76,96,102,89,31,11,280,106,48,163,193,44,28,44,34,55,236,206,56,,71,139,92,65,163,60,46,56,70,36,34,37,34,38,44,41,42,51,42,27,101,42,128,,27,129,200,60,155,78,80,152,118,141,27,17,20,17,13,6,23,26,10,27,26,20,47,66,25,14,29,57,43,78,30,49,94,11,116,1,113,210,108,147,155,29,70,215,95,161,237,153,83,44,43,39,49,61,47,88,88,72,69,98,95,88,69,95,90,209,244,236,111,219,116,78,72,79,155,111,66,76,92,123,83,86,76,74,80,71,73,75,80,71,104,103,77,119,115,71,123,76,34,95,67,75,82,96,148,108,54,51,6,28,10,53,10,49,15,12,31,,10,44,18,36,11,10,9,26,5,42,19,10,,,,17,27,,154,33,85,67,54,63,73,83,56,54,48,48,61,69,62,88,31,37,21,45,23,24,50,22,71,87,43,94,31,87,167,67,121,26,23,139,116,61,5,172,31,71,81,28,57,21
20180102,3,PM2.5_24h,35,61,82,63,21,141,65,25,38,54,96,147,103,80,54,51,35,75,246,69,194,125,66,75,228,144,141,120,181,124,126,75,192,105,91,79,97,122,116,94,62,89,72,59,141,63,48,58,134,69,183,90,77,88,72,91,89,96,98,91,77,94,83,46,67,98,24,20,17,195,89,75,63,108,92,76,75,26,81,41,50,161,201,121,172,113,130,204,77,135,173,153,107,61,122,91,51,69,67,54,51,94,74,61,75,15,194,56,118,151,104,37,70,85,82,47,64,94,67,108,197,160,81,131,159,216,118,136,108,143,130,77,82,110,110,77,97,22,90,106,55,75,94,97,91,41,20,222,122,65,140,167,53,51,66,30,59,145,133,66,,89,115,96,69,146,87,44,49,58,117,95,90,80,72,177,130,155,207,128,63,93,44,86,,37,94,109,57,131,122,85,188,112,114,36,21,21,50,31,14,21,31,18,55,67,66,66,68,95,65,58,44,27,67,38,51,71,17,69,17,165,157,176,106,109,50,161,136,176,109,160,92,129,56,48,53,41,79,54,87,82,66,86,94,89,83,74,107,121,207,163,129,100,140,89,76,60,75,131,81,64,68,85,85,77,101,61,82,93,95,59,79,77,81,91,90,74,88,103,65,104,66,37,81,64,81,78,86,136,100,65,51,14,30,25,81,32,42,41,21,48,,15,44,19,30,15,15,16,14,8,48,22,14,,,,45,25,,119,49,78,63,71,74,62,66,59,56,97,95,64,74,55,75,14,28,34,37,21,24,77,30,59,100,31,97,34,95,139,101,143,25,17,111,124,61,9,125,41,66,73,69,55,44
20180102,3,PM10,64,52,151,124,44,207,117,29,83,79,74,118,179,203,48,37,40,68,230,35,104,59,61,49,292,99,72,58,85,78,65,70,113,130,96,135,146,84,56,149,41,115,117,80,176,80,67,105,365,77,244,172,111,133,110,93,146,93,136,118,109,139,144,65,106,218,18,30,17,380,129,187,91,175,163,164,51,92,75,40,76,324,287,129,300,88,317,243,148,297,331,331,187,113,120,122,86,97,135,75,93,112,130,124,126,20,381,54,239,264,180,53,47,74,82,36,53,36,68,59,98,116,70,280,213,267,283,350,221,246,242,120,106,198,138,75,142,42,168,196,112,133,139,228,127,42,22,422,226,148,308,382,178,96,86,59,131,300,336,119,,126,215,146,95,208,143,105,126,120,73,73,60,62,52,93,73,61,66,61,49,203,160,197,,33,248,325,106,331,225,158,288,186,217,45,26,30,52,25,14,40,33,27,74,63,43,66,90,48,34,45,72,64,99,34,62,126,17,233,16,175,278,183,198,224,58,103,302,148,233,339,219,144,71,55,62,85,85,72,136,155,107,105,149,155,128,130,175,169,267,371,366,217,324,245,144,108,152,201,219,136,115,163,158,134,98,143,128,127,113,117,160,113,84,156,181,120,141,171,124,184,124,88,153,99,130,182,137,182,213,85,113,20,52,19,65,15,107,26,40,42,,28,79,31,66,15,18,7,34,12,67,53,35,,,,50,43,,216,108,155,105,90,140,172,162,150,204,183,137,146,151,135,200,102,62,57,75,40,50,132,77,159,133,53,122,42,353,409,168,136,43,52,143,124,290,8,223,64,116,115,68,78,42
20180102,3,PM10_24h,62,99,152,128,49,234,115,46,86,104,153,216,187,196,105,75,66,127,279,57,285,190,103,108,322,274,224,164,264,185,209,133,239,170,141,134,162,173,155,148,88,129,123,97,193,100,90,115,280,136,259,161,125,118,108,107,134,119,130,110,104,123,129,68,107,205,34,40,74,378,232,147,166,142,161,160,141,95,115,59,93,259,292,212,276,173,240,326,145,249,294,221,191,109,202,119,91,79,108,81,91,108,122,105,102,33,339,102,247,269,196,59,105,119,142,49,91,83,103,125,182,212,122,245,247,285,227,232,208,203,215,116,123,175,145,96,140,38,194,196,122,131,157,259,141,59,35,401,281,175,297,380,186,185,174,35,226,221,243,150,,157,199,172,111,211,178,101,110,117,219,183,126,149,134,210,194,190,199,163,98,187,162,142,,56,202,230,99,259,272,203,358,187,211,105,54,31,101,52,22,30,74,33,94,112,85,106,97,142,78,75,57,46,80,45,63,100,28,151,35,251,238,258,171,180,87,205,224,235,187,266,164,218,88,71,68,67,120,101,156,166,111,141,153,165,127,139,203,210,280,290,242,191,240,193,150,101,147,170,182,143,135,149,128,122,114,134,132,144,145,117,155,113,113,142,156,109,102,164,102,164,98,117,145,105,144,193,132,194,234,103,147,32,69,45,130,53,127,78,57,65,,40,116,41,58,31,24,29,23,26,84,64,91,,,,88,31,,199,140,144,122,199,179,150,155,179,230,272,258,188,130,116,139,37,48,66,69,46,60,191,110,168,144,42,131,55,354,370,199,180,38,31,125,167,274,14,204,66,96,112,97,82,74
20180102,3,SO2,7,19,30,76,21,49,31,10,19,17,23,12,51,53,19,21,20,61,59,10,12,13,17,15,18,15,12,17,18,10,7,11,16,13,12,16,10,22,12,11,6,22,13,7,13,10,8,12,95,9,41,14,11,19,7,13,17,11,17,8,12,19,15,5,14,10,9,22,6,33,11,36,77,11,19,15,10,17,31,34,7,22,32,27,40,24,65,24,34,25,32,39,17,11,15,13,13,8,17,5,10,14,13,30,7,11,24,26,62,140,94,22,38,17,39,55,17,25,10,14,14,17,9,39,60,40,40,34,43,13,14,27,21,10,16,9,30,1,7,23,83,15,12,6,7,6,12,42,49,67,16,36,9,8,63,4,5,41,26,12,,17,14,13,11,13,14,25,6,7,10,8,21,11,14,13,14,14,11,12,13,8,12,11,,29,12,16,10,130,82,47,100,78,137,8,9,3,12,23,5,15,8,15,13,30,9,27,44,7,10,13,10,17,33,7,20,24,9,29,17,29,26,15,14,20,20,18,14,10,8,22,8,14,7,12,8,20,10,7,28,58,42,13,38,37,26,66,48,34,56,60,16,17,13,33,16,17,15,34,13,25,4,13,6,25,24,19,20,15,9,10,2,10,17,21,31,53,33,6,9,38,8,28,8,15,7,12,9,12,22,5,8,14,13,15,23,34,5,8,5,12,,7,24,9,8,11,10,4,10,3,9,10,11,,,,5,2,,18,32,30,12,4,22,6,12,14,10,11,14,18,24,19,48,35,13,7,41,25,22,43,11,34,14,5,9,11,7,7,40,72,3,42,9,6,2,5,23,102,7,14,30,79,15
20180102,3,SO2_24h,10,22,39,69,24,66,30,21,21,21,55,35,53,71,46,35,28,44,83,14,17,17,20,18,21,19,17,20,23,16,12,12,52,13,15,16,11,28,13,13,8,19,16,9,16,11,8,15,60,16,34,18,17,16,9,12,20,11,17,14,11,26,17,6,14,13,14,15,7,40,49,31,100,11,44,19,76,12,38,65,10,50,37,50,40,53,59,32,32,34,47,67,20,15,45,25,12,11,16,9,10,16,17,20,11,11,19,73,78,193,117,40,48,28,53,79,27,27,18,26,20,23,13,39,59,31,37,31,42,16,25,14,17,9,31,12,33,2,7,26,78,20,20,8,12,10,14,39,57,82,27,34,23,14,77,4,5,45,37,26,,25,33,28,20,27,39,21,11,15,15,10,23,14,19,14,20,23,17,18,16,12,14,11,,32,13,21,13,109,122,132,152,114,142,20,15,7,27,40,8,27,9,24,22,39,19,48,57,22,18,27,8,11,24,14,17,21,18,46,24,26,25,23,16,15,18,20,14,15,9,33,16,15,9,15,12,16,11,10,35,63,50,23,35,50,27,49,48,45,36,53,17,20,18,22,15,20,18,39,14,17,4,20,9,30,23,19,32,19,18,10,5,12,18,21,25,40,22,15,10,24,9,24,10,25,14,14,13,30,17,5,10,12,15,18,23,30,6,9,7,15,,11,28,10,12,18,10,5,10,4,17,11,15,,,,7,2,,21,39,27,31,123,38,18,17,20,12,41,55,15,40,24,36,18,22,14,46,42,26,75,17,19,21,14,10,13,9,14,54,122,4,14,11,12,4,6,32,81,9,18,33,92,51
20180102,3,NO2,51,55,64,66,28,87,68,11,44,58,59,47,81,70,26,25,26,30,61,33,57,37,34,30,64,53,53,59,40,26,27,25,39,61,73,72,27,53,21,69,10,38,30,17,53,28,29,67,96,34,99,86,63,86,20,33,88,81,64,69,27,83,70,4,49,79,26,31,11,100,32,32,39,60,64,58,12,24,40,25,20,90,78,53,90,54,95,59,64,55,99,82,75,45,38,55,18,19,22,45,18,27,53,46,48,22,95,15,77,69,81,25,32,39,41,23,19,14,21,30,36,39,35,79,82,111,88,68,52,54,59,48,25,33,45,20,29,23,47,58,57,64,38,61,29,20,9,104,59,58,66,86,10,36,36,17,33,94,82,29,,67,63,40,39,40,34,15,52,29,26,55,48,40,62,44,36,35,30,32,28,42,35,39,,24,66,56,72,84,61,68,76,51,48,6,7,12,14,21,2,17,6,10,22,27,15,38,42,19,13,15,23,14,28,9,21,25,3,69,9,76,47,39,56,48,23,97,31,49,34,38,34,37,19,24,13,50,20,22,24,46,50,24,43,38,34,41,99,93,101,88,69,67,69,57,77,50,80,85,76,72,42,62,21,34,22,49,41,33,11,31,19,52,47,55,38,56,42,36,22,31,43,66,46,20,42,60,36,37,40,28,34,7,10,20,23,18,17,14,8,18,,14,33,6,37,8,7,7,22,16,36,24,16,,,,5,25,,48,68,37,40,9,41,30,25,30,25,19,20,62,33,52,82,44,10,20,42,41,10,34,14,36,58,45,44,11,22,59,41,50,7,43,48,34,11,7,60,23,53,33,30,31,14
20180102,3,NO2_24h,44,64,67,58,32,85,70,26,43,60,75,87,74,71,57,39,43,37,93,64,77,74,47,39,65,62,74,66,72,41,44,32,56,56,69,50,45,65,46,51,28,50,38,24,56,29,21,57,91,46,85,71,58,73,26,47,68,59,67,57,38,62,66,10,57,70,32,29,18,104,77,46,43,53,65,53,58,28,43,39,21,80,79,87,80,78,82,60,57,60,75,74,66,41,61,54,23,22,23,46,22,32,51,33,43,21,75,39,70,71,79,30,43,45,50,29,30,27,33,50,50,55,50,77,76,78,66,72,59,56,63,42,35,40,39,23,32,14,52,57,61,56,52,55,45,29,16,97,68,67,66,94,17,32,38,13,32,73,61,52,,69,55,46,49,49,68,28,43,34,57,72,54,49,69,48,61,58,56,51,24,40,36,48,,33,61,50,43,67,60,72,78,58,56,29,14,14,36,39,6,15,8,15,31,36,26,45,37,34,26,28,20,12,27,16,24,32,11,65,19,65,44,59,48,66,18,90,42,61,36,51,41,50,21,26,19,38,36,25,35,48,45,43,40,43,37,45,88,95,91,80,65,64,60,63,51,53,63,85,62,46,35,56,31,39,29,40,45,45,31,31,32,44,39,43,38,41,29,43,28,29,27,56,51,33,48,58,41,53,36,33,36,12,13,28,32,23,21,23,11,31,,22,26,16,35,14,10,12,18,17,45,27,15,,,,14,19,,50,70,40,49,28,47,33,20,46,25,40,38,48,36,44,49,20,22,21,33,29,19,42,22,38,55,26,34,17,44,48,42,66,12,24,46,49,16,11,69,27,41,33,42,30,33
20180102,3,O3,5,12,4,8,38,2,7,47,4,4,2,3,5,6,54,38,42,25,15,70,31,61,54,58,19,12,37,23,38,44,40,53,39,24,12,20,70,46,76,17,80,71,50,68,61,68,51,9,7,56,7,5,9,10,98,88,18,16,23,29,88,7,9,78,9,30,18,19,79,6,49,55,40,15,8,6,60,45,18,37,73,4,4,,5,6,7,29,9,26,6,10,5,34,17,8,83,78,75,4,94,74,44,30,24,16,10,41,16,4,9,15,31,23,11,37,41,44,35,28,51,57,17,19,8,3,10,31,35,12,3,17,39,34,13,82,27,41,15,9,9,4,61,16,39,39,43,4,20,7,8,3,50,39,30,44,44,9,7,50,,11,12,13,23,4,52,84,10,12,65,33,47,40,37,18,59,44,38,64,54,44,57,48,,34,12,22,14,7,5,15,11,5,10,68,46,41,48,58,61,10,85,49,27,37,42,14,13,25,56,56,41,70,47,35,60,31,64,36,75,22,39,53,39,51,39,16,46,44,66,52,60,56,86,60,89,34,39,6,33,17,24,43,10,20,21,37,7,12,7,11,18,21,7,19,5,22,4,11,2,10,18,4,5,26,15,17,27,46,42,19,26,12,47,32,29,21,9,10,29,28,11,5,5,56,38,24,8,37,42,25,34,35,61,61,32,18,35,40,23,22,,27,28,87,20,41,41,41,6,60,5,17,59,,,,60,40,,13,2,20,31,74,26,40,21,49,37,64,54,1,20,28,4,37,46,25,30,29,64,20,62,42,5,6,42,33,56,9,23,30,104,30,18,27,33,34,6,32,3,61,28,16,45
20180102,3,O3_24h,52,47,39,44,58,45,42,63,52,24,45,26,53,36,64,53,55,57,45,90,109,125,97,89,80,80,110,82,99,86,87,90,121,123,110,128,108,106,129,134,105,110,103,119,110,92,106,71,59,89,59,62,77,98,125,111,121,92,92,84,104,127,73,99,21,119,47,73,96,41,130,74,78,38,55,69,63,82,60,61,115,95,81,63,74,66,89,73,72,94,63,91,93,83,42,113,156,155,151,96,150,182,134,157,158,46,91,44,78,33,41,48,51,55,41,57,70,56,64,45,114,132,74,51,52,57,69,83,60,44,43,81,68,73,93,151,78,98,100,93,48,84,139,100,68,63,90,65,82,60,75,45,68,67,79,66,73,77,92,89,,83,71,83,71,65,75,185,78,85,133,60,89,87,74,128,108,128,120,148,89,106,122,116,,57,99,108,138,96,41,34,55,25,40,82,62,47,67,77,61,58,91,61,52,59,58,65,57,57,65,88,64,73,72,59,78,68,64,68,75,96,111,90,93,85,51,107,92,101,114,93,111,114,114,116,113,88,97,83,68,58,99,92,75,65,51,69,56,60,68,67,92,85,88,107,87,48,77,83,65,89,89,94,15,77,69,89,56,79,54,67,48,119,180,125,137,150,58,95,76,75,99,81,83,115,114,117,28,66,90,67,113,73,166,103,65,62,101,60,41,58,,81,105,98,94,72,53,47,20,90,48,48,103,,,,79,78,,96,58,52,68,79,82,94,76,97,90,103,78,74,92,94,78,87,58,73,128,84,82,54,80,100,40,75,64,49,69,92,67,34,112,58,48,51,64,40,59,65,88,180,58,61,51
20180102,3,O3_8h,8,10,4,8,35,2,8,46,4,7,4,3,7,7,52,37,42,26,19,62,33,56,55,61,16,16,32,22,35,44,43,58,39,27,13,24,65,43,70,23,72,66,57,85,65,73,61,10,7,63,12,5,9,11,104,82,11,30,24,23,81,20,10,74,8,34,20,21,82,6,50,57,39,15,7,6,59,44,18,35,79,4,8,,5,6,8,32,11,28,8,7,6,30,19,8,88,76,74,4,97,66,44,36,28,15,10,32,12,4,9,17,27,25,12,43,39,43,31,27,61,67,17,17,9,4,10,35,33,12,3,18,39,32,15,82,30,41,15,9,10,5,62,21,36,36,43,5,20,7,9,3,47,53,34,50,52,16,19,53,,11,12,15,24,5,54,77,12,11,58,26,44,48,28,17,57,46,32,65,57,49,62,70,,31,13,27,38,7,5,15,14,6,10,55,48,38,49,45,61,19,83,49,28,40,43,12,15,22,54,60,41,72,49,33,62,33,62,35,72,25,45,55,46,49,36,16,40,44,71,50,67,61,91,66,89,25,37,5,34,21,28,38,16,19,22,34,9,9,7,15,22,35,7,23,6,23,5,11,3,7,18,4,6,30,16,17,30,50,44,20,19,8,55,23,37,22,9,7,32,23,11,8,5,52,21,24,12,39,46,18,35,34,61,65,32,20,40,40,25,21,,25,30,86,22,41,42,38,6,58,6,15,67,,,,62,49,,17,4,19,33,75,25,35,24,37,33,59,50,1,22,24,33,39,43,27,27,40,58,17,58,41,4,12,42,32,53,8,25,28,98,28,15,17,31,37,5,36,3,62,22,16,43
20180102,3,O3_8h_24h,11,11,4,8,35,2,8,46,5,11,6,3,8,8,53,39,43,27,22,62,35,56,57,66,17,18,33,24,35,45,46,61,41,31,14,26,70,49,70,32,72,66,60,98,71,78,68,11,7,69,18,5,11,13,110,88,12,39,29,23,81,28,12,75,8,34,22,24,87,6,55,59,40,16,7,8,60,45,19,35,84,4,13,,5,8,9,40,12,31,12,7,7,35,21,9,93,80,80,5,102,66,46,40,33,15,11,32,13,5,10,17,27,29,14,47,39,43,31,27,71,77,18,17,9,10,11,39,34,12,3,19,39,32,18,84,34,47,16,10,11,7,64,25,37,37,44,5,21,8,9,3,47,61,40,57,58,25,32,57,,13,13,20,26,6,55,77,14,11,58,26,44,56,28,18,58,47,32,73,64,53,64,103,,34,16,30,60,7,6,15,15,7,11,55,49,41,51,46,61,31,86,50,30,42,45,12,17,22,55,66,42,72,51,34,63,41,62,36,72,31,53,59,53,55,36,19,40,45,80,50,75,67,96,74,90,29,40,5,36,26,30,38,22,20,23,34,10,9,7,18,25,47,9,27,8,24,6,12,3,7,19,5,7,34,16,18,33,55,47,23,19,8,65,28,38,24,11,8,36,23,12,14,5,55,24,25,16,42,48,18,40,34,61,69,34,22,45,40,27,22,,26,32,86,23,42,44,38,6,58,6,15,82,,,,64,60,,21,6,20,42,75,26,35,28,37,33,59,51,1,24,24,53,41,43,28,27,46,58,17,60,41,4,29,43,32,53,9,26,28,98,32,15,17,31,39,5,41,3,67,22,17,43
20180102,3,CO,1.342,1.322,2.1,3.717,0.62,2.725,2.067,0.725,1.44,1.75,0.667,1.5,2.625,1.629,1,0.609,0.95,0.74,1.7,0.778,0.744,0.538,0.68,0.9,1.36,1.033,1.014,1.267,0.625,1,0.72,0.76,0.933,1.15,1.075,1,0.967,0.994,0.6,1.3,0.9,1.033,1.167,1.033,1.56,1,0.7,1.144,2.8,0.811,2.456,1.5,1.04,1.336,0.973,0.825,1.163,0.967,1.075,1.3,1.24,1.275,1.657,0.725,1.159,1.663,0.867,1,0.65,3.031,0.74,1.25,1.086,2.257,1.186,1.071,0.75,0.7,0.775,0.867,0.75,2.35,2.65,1.567,3.3,1.2,3.783,1.26,2.483,2.14,2.3,3.133,2,1.067,1.133,1.54,0.9,1.1,1.025,1.033,0.9,1.033,1.1,1.133,1.167,0.967,3.167,1.083,5.68,3.167,2.2,1.6,1.586,0.9,1.467,0.875,0.871,0.58,0.833,0.94,1.05,1,0.9,2.757,3.275,2.867,2.8,2.125,2,1.95,2.067,1.05,1.1,1.775,1.125,1.133,1.1,0.8,1.1,1.617,3.9,1,1.3,0.925,1.067,0.9,0.65,3.15,1.9,2.925,1.913,2.2,0.6,0.7,1.075,0.64,1.6,3.95,2.05,1,,1.9,2.45,1.9,2.4,3.8,1.5,1.1,1.75,2.1,1.467,0.8,0.7,0.6,0.6,0.75,0.6,1,1.3,0.55,0.567,1.2,1.1,1.05,,0.75,1.45,1.433,1,3.48,1.72,1.725,3.36,3.1,2.467,0.5,0.333,0.5,0.4,0.45,0.3,0.7,0.433,0.4,0.55,0.333,0.6,1.25,1.7,1.05,0.5,1,0.85,0.725,1.4,0.4,0.6,1.3,0.633,2.6,0.45,1.3,1.7,1.067,1.383,1.075,0.8,1.333,1.533,1.033,1.475,1.85,1.267,0.967,0.7,0.767,0.675,0.925,0.967,0.8,1.3,0.92,0.68,1.8,0.933,1.05,1.04,1.167,3.333,1.975,3.325,3.067,1.8,1.58,2.55,1.167,1.425,1.3,1.467,1.66,1.8,0.9,1.225,1.4,1.55,1.2,1.4,1.725,1.48,0.9,1.02,1.88,0.3,1.2,1.2,1.367,1.225,1.367,1.7,1.15,1.133,1.3,1.3,1.125,1.2,0.867,0.84,0.95,1.18,1.94,1.275,0.775,0.84,0.4,0.35,0.68,1,0.825,1.2,1,1.1,0.9,,0.55,1.05,0.8,1.3,0.65,0.7,0.7,1.15,0.5,1.3,1.05,0.5,,,,0.733,0.8,,2.15,1.325,1.633,0.8,0.45,1.367,1.7,1,0.6,0.85,0.933,0.45,1.2,2.7,1.7,1.9,1.1,1.2,0.6,1.6,1.5,0.8,0.833,0.5,1,3.35,3.45,1.733,0.85,1,4.05,2.8,1.733,0.3,0.6,1.45,1.8,1.2,0.55,1.55,1,1.133,1.075,1,2.425,1.333
20180102,3,CO_24h,1.217,1.639,1.838,3.1,0.7,2.4,2.017,0.875,1.32,1.775,1.733,2.433,2.1,1.786,2.012,1.2,1.11,1.31,2.467,1.089,1.7,1.35,0.92,1.1,1.92,1.667,1.8,1.7,1.6,1.625,1.66,1.02,1.9,1.38,1.275,1,1.278,1.591,1.267,1.3,1.133,1,1.1,1.033,1.47,1,0.725,1.056,2.143,1.167,2.022,1.433,1.01,1.227,1.073,0.95,1.188,1.15,1.175,1.38,1.38,1.225,1.543,0.8,1.265,1.313,0.956,1.043,0.75,2.923,2.4,1.875,1.486,1.9,1.129,1,2.875,0.75,1.375,1.1,0.725,2,2.375,2.233,2.2,2,3.017,1.74,1.8,1.82,2.05,2.6,1.633,1.033,1.933,1.56,1,1.017,1,1.2,0.967,1.167,1.233,1.133,1.1,1,2.267,2.117,3.02,3.05,2.15,1.475,2.071,1.3,2.683,1.1,1.271,1.1,1.2,1.56,1.775,1.675,1.243,2.557,3.125,2.267,2.333,1.475,1.525,1.65,1.9,1.05,1.18,1.975,1.175,1.233,1.083,0.7,1.1,1.583,3.64,0.975,1.3,1,1.167,1,0.85,2.6,2.1,2.875,1.75,2.1,0.8,0.75,1.35,0.64,1.533,2.3,1.45,1.3,,1.65,2.35,1.85,2.25,3.35,2.25,1.3,1.6,2.1,1.967,1.2,1.1,1.1,1,1.4,1.333,1.85,2.35,1.35,0.9,1,1.3,0.9,,1,1.475,1.1,0.933,3.7,2.08,2.1,4.22,2.633,2.567,0.867,0.467,0.55,1.1,1,0.433,0.6,0.5,0.52,0.45,0.7,1.1,1.55,1.55,1.85,1.1,1.267,0.675,0.6,1,0.5,0.66,0.933,0.8,2.15,0.55,1.667,1.45,1.5,1.267,1,0.9,1.9,1.133,1.867,1.15,1.4,1.2,1.2,0.8,0.9,0.75,0.95,1.133,0.84,1.62,0.96,0.7,1.98,0.933,1.05,1,1.3,3.267,2.7,2.5,2.167,1.325,1.7,1.675,1.167,1.225,1.275,1.433,1.68,1.6,0.95,1.25,1.433,1.45,1.183,1.46,1.55,1.58,0.92,1.18,1.52,0.633,1.75,1.3,1.533,1.175,1.333,1.5,1.3,1.067,1.35,1.25,1.15,1.133,0.867,0.9,0.85,1.3,2.1,1.15,1,0.88,0.567,0.45,1.04,1.08,0.875,1.3,1,1.2,1,,0.75,0.9,0.867,1.3,0.65,0.667,0.8,0.9,0.6,1.3,1.05,0.55,,,,1.367,0.6,,1.95,1.7,1.533,0.9,1.15,1.4,1.85,0.65,0.75,0.8,1.533,1.3,1.1,2.2,1.7,2.1,0.5,1.2,0.7,1.3,0.9,0.9,1.167,1.067,1.167,3,1.7,1.533,1,1.8,3.1,3.1,2.367,0.5,0.35,1.4,1.8,1.4,0.65,1.575,1.25,1.167,1.15,1.6,2.15,1.95
20180102,4,AQI,67,52,110,107,51,150,85,29,66,71,67,89,139,125,43,36,38,58,219,40,73,55,58,51,202,73,61,56,66,65,61,57,83,117,83,111,98,86,56,125,42,128,97,66,205,71,61,81,251,66,212,132,121,137,94,103,122,111,137,131,110,146,130,55,86,154,22,29,41,299,83,124,67,128,122,113,40,71,60,37,67,272,215,98,257,74,263,163,142,254,249,284,131,91,111,126,72,114,115,71,71,127,105,99,122,21,279,49,182,240,135,51,44,70,67,37,51,35,67,75,110,91,77,229,172,219,224,283,230,244,200,106,108,158,164,94,142,39,128,157,86,106,131,141,115,40,22,341,134,93,217,240,108,90,79,49,102,297,263,81,71,94,170,114,69,195,94,78,81,93,61,65,58,59,60,68,65,59,71,60,52,122,107,148,,45,170,264,81,198,128,110,200,160,165,35,25,23,52,26,31,35,42,25,56,55,41,66,89,47,31,39,82,65,117,39,67,120,32,156,37,124,250,125,198,220,55,94,271,99,210,269,206,110,59,61,56,70,85,56,117,121,98,92,126,121,116,92,130,115,249,270,295,174,270,177,104,99,105,205,141,91,97,121,156,113,116,105,94,114,89,89,98,106,92,121,136,106,147,136,96,160,100,75,122,86,99,117,117,196,139,76,80,19,41,32,63,12,86,22,50,55,,25,65,44,53,21,22,20,31,30,61,45,34,,,,37,35,,199,90,116,86,75,95,91,93,89,123,103,87,97,97,94,125,77,60,52,59,54,42,75,65,111,114,66,115,40,250,219,109,154,51,45,158,237,171,18,222,51,82,111,47,75,39
20180102,4,PM2.5,48,32,82,74,23,115,62,20,40,50,48,66,106,87,14,18,21,27,168,28,48,36,40,26,151,46,33,38,47,46,31,37,61,88,61,83,62,63,39,94,26,97,72,47,154,51,43,59,200,25,161,100,91,104,70,76,92,83,104,99,82,111,98,29,63,117,13,18,5,248,35,81,38,97,92,84,14,32,42,24,48,221,164,73,206,53,212,123,108,203,198,233,99,67,83,95,52,85,86,51,51,96,78,74,92,11,228,25,137,189,102,32,24,50,42,24,19,24,48,54,82,67,56,178,130,168,173,232,179,193,150,79,80,120,124,70,108,26,97,119,63,79,99,106,86,28,12,290,99,44,166,189,28,44,52,34,74,246,212,50,51,70,128,85,49,146,59,47,52,64,35,36,40,36,38,44,44,41,51,42,30,92,43,113,,31,128,213,59,148,70,82,150,121,125,23,14,13,13,13,6,18,23,9,28,23,18,47,66,21,15,25,60,46,88,27,48,90,10,118,4,93,199,94,148,169,34,70,220,74,159,218,155,82,41,43,39,50,62,36,88,91,73,68,95,91,87,68,98,86,198,219,244,131,219,133,77,74,78,154,107,60,72,91,118,84,87,78,70,85,66,66,73,79,68,91,103,79,112,103,71,121,75,33,92,63,74,82,88,147,106,55,47,4,23,10,44,8,63,12,17,38,,8,45,24,36,13,10,5,21,5,43,14,8,,,,15,23,,149,36,87,63,54,68,40,59,46,55,53,42,61,63,61,79,42,39,19,38,33,16,38,23,71,85,47,86,27,96,136,72,117,19,31,120,186,66,4,171,34,60,83,21,54,19
20180102,4,PM2.5_24h,35,58,82,59,21,138,64,25,38,53,94,145,104,80,52,47,34,70,238,62,185,117,62,71,226,137,133,114,171,115,121,69,187,103,89,79,96,118,108,94,58,89,72,58,143,62,48,58,138,68,186,87,78,89,72,90,89,96,98,92,77,95,84,46,67,98,23,20,17,198,86,76,61,107,92,76,73,27,78,39,49,167,199,121,176,110,136,201,79,140,176,159,107,62,119,92,50,69,68,54,51,94,75,62,77,15,198,55,119,154,104,36,65,82,81,47,60,86,67,105,191,154,80,134,161,215,123,142,112,140,132,76,81,111,112,76,98,23,89,106,54,76,95,97,92,40,20,226,123,64,142,170,52,50,64,29,59,152,139,66,59,88,115,97,69,147,87,46,50,59,110,86,83,73,66,169,121,147,196,123,59,94,44,87,,36,95,113,58,132,120,86,186,112,114,35,21,21,48,29,12,19,31,17,52,61,63,65,68,91,59,57,45,27,68,38,50,71,16,72,17,161,160,173,108,112,49,157,144,172,112,163,96,128,55,48,51,42,78,53,87,83,67,85,94,89,83,74,109,119,210,168,135,101,143,91,75,61,74,134,81,63,69,84,87,77,99,61,82,93,94,59,79,77,81,91,91,74,89,104,66,105,68,36,82,63,80,78,87,138,99,64,51,14,30,24,79,31,43,38,21,48,,15,44,19,31,15,15,15,15,8,48,22,14,,,,44,24,,121,55,79,63,70,74,59,68,59,56,95,93,64,72,55,75,16,29,34,38,22,24,75,29,58,100,31,96,34,96,137,96,142,24,18,110,128,61,9,128,41,66,73,66,55,43
20180102,4,PM10,69,51,154,162,50,185,100,25,80,90,66,90,173,197,42,35,37,64,179,34,94,58,56,50,242,93,70,59,77,74,70,62,91,129,99,141,144,87,59,157,41,116,117,72,169,80,62,98,363,80,232,174,107,128,112,94,135,92,131,116,105,140,136,57,101,219,21,28,17,372,114,195,82,177,157,151,39,89,66,36,76,317,259,107,295,84,316,232,167,302,321,314,182,109,127,122,83,,128,68,89,85,124,103,118,20,367,48,239,267,172,50,43,76,82,36,50,33,73,63,90,100,65,274,208,224,282,346,214,234,239,114,100,192,135,81,140,38,164,190,116,123,136,229,122,38,19,400,216,134,289,366,164,128,106,43,152,342,336,109,89,116,228,137,82,196,135,103,109,133,69,77,60,66,67,84,78,53,55,62,51,185,162,169,,43,242,319,107,294,203,148,271,193,213,34,24,22,51,18,15,34,33,24,59,58,40,67,87,46,30,38,77,65,109,34,59,130,11,229,19,153,267,153,196,230,57,109,285,131,231,294,218,132,65,53,60,78,81,59,144,162,104,104,149,154,126,125,173,158,241,330,371,228,309,249,146,104,152,199,207,130,107,160,149,134,99,146,129,129,98,119,144,113,77,122,165,107,133,147,114,168,108,97,147,93,123,182,129,185,204,85,107,18,40,18,66,11,98,21,49,50,,24,77,36,50,18,12,9,30,16,64,44,23,,,,36,34,,211,127,147,99,90,137,130,134,126,194,153,122,142,141,136,198,102,68,52,66,55,41,97,77,169,113,65,123,39,384,362,165,139,21,38,129,257,289,6,227,50,102,108,46,79,38
20180102,4,PM10_24h,62,95,151,125,47,228,114,47,86,101,151,213,187,195,100,71,63,120,266,55,274,182,97,104,320,263,213,156,253,174,203,125,233,168,137,133,160,170,144,148,82,128,122,97,194,99,89,114,287,134,262,162,124,117,108,107,134,118,130,110,103,125,130,68,108,206,32,41,74,380,226,149,161,140,160,159,138,96,110,56,93,265,290,208,282,169,246,324,146,254,298,229,191,109,197,120,91,79,109,80,91,108,123,105,103,32,344,100,247,272,195,59,98,115,140,49,89,77,103,123,174,207,119,248,248,282,232,240,209,200,219,115,121,178,145,95,139,38,190,195,121,131,157,257,141,57,34,404,281,174,297,383,186,181,168,36,219,230,252,149,100,155,199,173,111,213,178,103,111,118,206,166,117,139,125,202,183,182,194,158,92,186,162,144,,54,204,235,101,261,267,201,353,188,212,100,55,31,99,51,20,30,72,32,90,106,82,105,97,137,73,74,58,45,81,45,62,102,28,158,34,246,241,254,172,184,85,201,229,231,189,267,168,215,86,71,68,68,119,100,156,165,111,139,153,164,127,138,205,209,282,295,249,193,243,195,148,102,147,173,182,141,135,149,130,122,112,134,131,144,142,117,156,113,112,142,157,109,103,165,102,163,100,115,145,105,142,192,133,196,233,102,145,31,68,41,125,50,127,70,56,65,,39,113,41,59,31,24,28,24,26,84,64,89,,,,86,30,,201,150,146,122,192,177,149,157,177,227,265,253,184,130,117,142,39,49,66,70,47,59,187,108,166,144,42,130,53,360,366,196,178,37,31,123,173,275,14,206,66,97,113,93,81,72
20180102,4,SO2,10,20,23,81,26,46,23,9,18,20,23,10,41,54,19,26,19,60,39,10,12,12,17,15,25,13,12,16,16,10,7,10,14,12,12,16,9,23,12,14,6,20,13,6,13,11,8,10,82,10,45,15,10,17,7,18,17,12,16,9,13,19,15,4,14,13,9,23,6,35,12,31,66,11,19,15,10,17,35,35,8,21,32,29,36,22,67,22,29,22,31,38,15,11,15,13,14,10,27,5,11,13,15,19,7,11,26,18,60,157,79,23,35,19,39,62,13,23,10,20,14,17,10,38,70,39,39,34,43,13,14,18,15,10,20,12,29,1,6,25,93,15,20,4,5,6,12,35,45,63,16,31,5,7,61,4,5,51,22,13,18,14,13,13,8,11,13,18,7,6,9,11,21,15,12,12,14,12,10,11,13,10,13,9,,38,11,14,15,130,85,49,92,77,116,6,14,4,7,22,7,15,8,13,13,24,13,24,46,6,10,15,9,15,35,7,24,30,9,29,14,24,21,13,14,18,23,16,12,8,8,20,9,12,7,12,9,18,10,6,31,60,37,13,42,39,32,74,54,34,57,59,16,19,14,18,18,17,15,27,17,17,3,13,6,24,26,20,21,14,9,10,2,18,18,18,38,56,33,23,10,23,7,42,8,15,7,12,9,11,13,6,8,10,13,18,22,32,6,7,5,16,,7,17,9,8,12,10,4,10,4,9,10,10,,,,4,2,,21,30,34,9,3,25,8,13,16,8,12,12,20,21,22,33,30,13,7,32,30,22,37,10,42,11,4,10,12,7,7,55,72,3,10,9,6,2,5,26,48,7,14,21,61,22
20180102,4,SO2_24h,11,22,37,70,23,63,29,20,21,21,53,34,52,71,44,34,28,45,75,13,17,17,20,18,21,19,17,20,23,16,12,12,50,13,15,16,11,29,13,13,8,20,16,9,16,11,8,15,62,16,35,19,17,17,9,12,20,11,17,13,11,26,17,6,14,13,14,16,7,40,47,32,98,11,36,19,75,12,37,62,10,49,37,50,40,51,59,32,33,34,45,66,20,15,42,25,12,11,16,8,10,16,17,20,11,11,19,72,76,195,114,40,47,28,53,80,27,27,18,27,20,23,13,40,61,32,38,31,43,16,24,14,16,9,31,12,33,2,7,26,81,20,19,8,11,10,14,39,58,82,26,35,20,14,76,4,5,45,37,25,16,24,32,28,20,27,38,21,11,15,14,10,23,14,18,14,20,22,17,18,16,12,15,11,,33,13,20,13,108,121,130,149,115,142,19,15,7,26,40,8,27,9,24,21,39,19,48,57,21,17,27,9,12,24,14,17,22,18,46,24,26,24,23,16,15,18,19,14,15,9,32,16,15,9,16,11,16,11,9,35,63,50,23,35,50,27,48,50,44,37,51,17,20,18,22,14,20,17,39,14,18,4,19,9,30,23,19,32,19,17,10,5,12,18,21,25,41,23,16,10,24,9,25,10,25,13,14,13,30,17,5,10,12,15,18,23,31,6,9,7,15,,10,28,10,11,18,10,5,10,4,17,11,15,,,,7,2,,21,44,27,31,122,37,18,17,21,12,41,55,15,40,24,37,18,22,14,46,43,26,75,17,21,21,14,10,13,9,14,52,120,4,14,10,12,4,6,31,80,9,18,33,92,51
20180102,4,NO2,55,56,59,66,29,84,64,10,44,61,58,49,72,67,23,28,26,28,57,29,54,35,37,37,59,49,50,60,44,25,28,23,36,63,72,62,39,50,23,56,9,39,33,21,51,27,26,59,85,43,102,91,59,87,23,50,82,66,71,64,42,82,66,4,47,81,27,32,14,96,34,29,35,59,64,57,12,28,41,29,20,85,80,50,87,51,99,55,61,59,95,75,67,39,37,54,25,18,22,42,16,25,56,48,51,19,95,11,74,73,75,24,27,41,40,27,16,14,20,25,38,37,30,78,84,109,89,71,50,50,57,50,27,30,40,23,33,17,46,52,56,62,39,57,26,20,9,94,59,56,64,84,8,28,36,18,28,92,82,28,39,66,62,41,36,38,33,13,42,29,27,43,51,47,51,41,41,31,26,31,23,33,29,38,,27,61,51,61,78,60,70,80,50,48,6,6,17,11,17,4,16,6,8,26,24,16,38,40,17,14,14,26,13,29,14,22,33,3,63,8,70,50,36,50,48,17,83,32,46,31,35,29,42,19,22,16,43,24,18,27,47,52,21,43,35,37,37,97,86,94,93,77,62,65,61,74,46,76,79,74,50,34,56,21,36,22,41,40,33,9,30,14,40,38,47,46,59,40,28,21,24,33,67,45,26,33,53,37,36,42,28,30,6,11,21,21,20,15,14,6,20,,12,24,6,29,6,7,7,19,16,33,20,12,,,,6,9,,58,67,37,42,8,41,23,21,20,21,23,17,61,32,34,68,35,12,21,30,39,9,30,18,40,56,43,44,11,17,42,49,47,7,25,38,62,8,8,59,24,51,40,24,31,13
20180102,4,NO2_24h,44,62,67,57,31,85,70,26,43,59,75,86,74,70,53,38,42,35,88,62,75,72,46,38,65,61,73,65,71,40,43,31,56,56,69,51,44,64,44,51,27,50,37,24,55,29,22,56,92,45,86,74,58,74,26,47,69,59,66,58,39,63,66,10,57,71,32,29,19,104,75,46,43,53,65,54,57,28,42,38,21,81,79,85,81,76,83,61,58,60,76,76,66,42,59,54,23,22,24,46,22,32,52,34,43,22,76,38,71,72,79,30,41,44,50,29,29,26,33,49,50,54,50,78,77,79,67,71,59,56,63,42,35,40,40,23,31,15,51,58,61,56,52,54,45,29,16,98,69,67,66,95,17,31,38,13,31,74,63,51,27,69,55,46,48,49,67,28,44,34,53,71,53,48,69,47,59,55,54,49,24,40,36,47,,32,61,50,45,67,60,73,78,58,56,28,14,14,34,37,6,15,7,15,30,34,25,45,37,32,24,28,21,12,28,16,24,33,11,67,19,65,45,58,47,66,18,89,43,59,35,50,40,50,21,26,18,39,36,25,35,47,45,43,39,43,37,45,90,95,92,80,65,64,61,62,51,53,64,87,62,47,36,56,31,39,29,41,45,44,30,31,31,44,39,44,39,42,30,43,28,29,27,56,51,33,48,57,41,53,36,33,36,12,14,27,32,24,20,23,11,31,,22,26,16,35,14,10,12,18,17,45,26,15,,,,13,17,,51,69,40,49,27,47,32,20,45,25,39,37,48,36,43,50,21,23,21,33,30,19,41,21,37,55,26,33,16,41,47,41,66,12,25,45,50,16,11,70,27,42,34,40,30,32
20180102,4,O3,3,13,5,8,36,2,6,48,4,3,2,3,4,7,55,35,42,26,31,72,32,61,47,49,20,13,39,21,34,44,37,54,36,21,14,25,55,51,70,30,84,71,42,49,57,64,54,12,7,46,5,5,11,7,87,69,20,28,15,32,62,7,10,76,10,24,18,19,74,6,47,52,43,15,8,9,59,38,19,33,72,3,4,,5,4,6,29,8,19,7,9,5,37,15,8,74,82,77,4,103,74,36,24,21,18,10,46,11,4,10,15,38,19,12,31,43,44,32,32,44,48,18,18,8,3,10,25,35,12,3,15,35,37,18,67,22,49,13,10,8,4,55,13,40,39,40,4,18,7,7,3,56,45,28,41,43,9,6,53,62,5,11,10,21,3,50,83,19,12,60,41,41,34,44,20,51,46,41,62,50,44,65,49,,30,12,21,19,7,5,11,7,5,10,66,46,37,51,59,56,23,84,50,22,39,41,13,13,24,52,63,38,72,46,30,58,24,66,31,76,20,35,53,45,49,35,19,40,44,68,51,63,48,86,66,80,37,33,8,27,15,15,48,8,20,13,39,8,16,7,7,11,25,12,7,5,21,6,11,2,23,25,3,5,22,15,24,25,41,44,17,31,27,50,35,25,19,8,20,30,29,18,4,5,48,46,24,6,35,39,24,32,35,58,58,33,15,35,38,22,21,,26,37,86,23,42,40,38,6,60,6,20,64,,,,46,54,,8,3,25,23,75,28,50,30,55,52,55,57,1,16,57,4,43,44,26,46,33,66,24,57,42,3,4,42,33,58,23,23,32,103,44,29,8,33,30,6,38,4,46,33,12,46
20180102,4,O3_24h,52,47,39,44,58,45,42,63,52,24,45,26,53,36,67,53,55,57,65,90,109,125,97,89,80,80,110,82,99,86,87,90,121,123,110,128,108,106,129,134,105,110,103,119,110,91,106,71,59,89,59,68,77,94,125,111,121,92,92,84,104,127,73,99,20,119,45,73,96,41,130,74,78,38,55,68,63,82,60,61,115,95,81,63,74,66,89,73,72,94,63,91,93,83,42,113,156,155,151,96,150,182,134,157,158,46,91,48,78,33,41,48,51,55,41,57,70,56,64,45,114,132,74,51,52,57,69,83,60,43,36,81,68,73,88,151,78,98,100,93,48,84,139,100,64,59,90,65,82,60,75,45,68,67,79,66,73,77,92,89,109,83,71,83,71,65,75,185,78,85,133,60,89,87,74,128,108,128,120,148,89,106,122,116,,57,99,108,138,96,41,34,55,25,40,82,62,47,67,77,61,58,91,61,52,59,58,65,57,57,65,88,64,74,72,59,78,68,66,68,76,96,111,90,93,85,51,107,91,101,114,93,111,114,114,116,113,88,97,83,66,58,99,92,75,65,51,69,56,60,68,67,92,85,88,107,87,48,77,60,65,89,89,94,15,77,69,89,56,79,54,66,48,119,180,125,137,150,58,95,76,75,99,81,83,115,114,117,27,66,90,65,113,73,166,103,64,57,101,60,41,56,,81,105,98,94,72,51,47,20,90,48,48,103,,,,79,78,,96,75,52,68,79,82,94,76,97,90,103,78,74,92,94,78,87,58,73,128,84,82,54,80,100,40,75,64,49,69,92,67,35,112,58,48,51,64,40,39,65,88,180,58,61,52
20180102,4,O3_8h,6,9,4,8,35,2,7,46,5,6,3,3,6,7,54,36,41,26,34,64,33,57,53,58,17,15,34,22,35,44,41,57,38,26,13,24,61,44,70,24,75,67,53,76,63,71,59,12,7,59,10,5,10,11,100,79,13,30,22,25,76,17,10,74,9,32,19,21,80,6,49,56,40,15,8,7,59,42,19,35,77,4,7,,5,6,7,31,10,26,8,8,5,31,18,8,85,78,75,4,99,68,42,33,26,16,10,35,12,4,9,17,30,24,12,40,40,43,31,28,57,62,17,17,8,4,10,33,34,12,3,17,38,33,16,79,28,43,14,9,10,5,60,19,38,37,43,4,20,7,8,3,49,51,32,48,50,14,16,53,75,10,12,14,24,5,53,79,14,11,58,30,43,44,33,18,56,46,34,65,56,48,63,65,,31,13,25,33,7,5,14,12,6,10,58,48,38,49,50,60,20,83,49,27,40,43,12,14,23,54,61,40,72,48,32,61,31,63,34,73,24,43,54,45,49,36,17,38,44,70,50,66,58,90,66,87,28,36,6,33,20,24,40,14,19,20,35,8,11,7,13,19,32,9,19,6,23,5,11,2,11,20,4,6,28,15,19,29,48,44,19,22,13,54,26,27,22,9,11,32,25,13,7,5,51,24,24,11,38,44,24,34,34,60,63,32,19,39,39,24,21,,25,32,86,22,41,42,38,6,59,6,16,66,,,,58,50,,14,4,21,31,75,26,38,26,42,38,58,52,1,20,32,26,40,43,26,32,38,60,19,57,41,4,10,42,32,54,12,24,29,100,32,18,15,31,35,6,37,3,58,25,15,44
20180102,4,O3_8h_24h,11,11,5,8,36,2,8,46,5,11,6,3,8,8,56,39,43,28,37,64,35,57,57,66,17,18,35,24,36,45,46,61,41,31,15,26,70,50,71,32,75,68,60,98,71,78,68,12,8,69,18,5,12,14,111,89,14,39,29,26,82,28,12,76,9,34,23,24,87,6,56,60,41,16,8,8,60,45,19,36,84,4,13,,5,8,9,40,13,31,12,7,7,37,21,10,93,80,80,5,102,68,46,40,33,16,11,35,13,5,10,17,30,29,14,47,40,44,31,29,71,77,19,17,9,10,11,39,35,12,3,19,39,33,19,84,34,47,16,10,11,7,64,25,38,38,44,5,21,8,9,3,49,61,41,57,58,25,32,57,82,13,14,20,26,6,55,79,17,11,58,30,44,56,33,18,58,47,34,73,64,53,64,103,,35,16,30,60,7,6,15,15,7,11,58,49,41,51,50,61,31,86,51,30,42,45,12,17,23,55,66,42,72,51,34,63,42,63,36,73,31,53,59,53,56,36,19,38,45,80,51,75,67,96,74,90,32,41,6,36,26,30,41,22,20,23,35,10,11,7,18,25,47,9,27,8,24,7,12,3,11,22,5,7,34,16,19,33,55,47,24,22,13,65,30,30,24,11,11,36,25,14,14,5,55,25,25,16,42,48,18,40,35,61,69,34,22,45,40,27,22,,26,35,87,23,42,44,38,6,59,6,16,82,,,,64,60,,21,7,21,42,76,26,38,30,42,38,60,52,1,24,32,53,41,43,28,32,46,60,19,60,41,4,29,43,32,54,12,26,30,100,32,18,17,31,39,6,42,3,68,25,17,44
20180102,4,CO,1.609,1.617,1.8,5.9,0.6,2.725,1.833,0.75,1.46,1.775,0.767,1.5,2.35,1.671,1.1,0.627,0.95,0.74,1.557,0.744,0.7,0.538,0.66,0.9,1.16,0.967,1.014,1.222,0.625,1.025,0.7,0.72,0.833,1.16,1.025,1,0.967,1.014,0.633,1.2,0.9,0.967,1.167,1,1.49,0.95,0.7,1.011,2.757,0.944,2.589,1.45,1.02,1.38,1,0.8,1.188,0.875,1.1,1.24,1.28,1.3,1.629,0.7,1.129,1.663,0.878,0.971,0.65,3.069,0.76,1.2,0.971,2.2,1.1,0.986,0.75,0.8,0.925,0.933,0.75,2.4,2.3,1.467,3.3,1.2,4,1.2,2.317,2.14,2.35,3.033,2.367,0.967,1.1,1.52,0.9,1.067,1.025,1.067,0.9,1.033,1.1,1.067,1.167,1,3.267,0.85,3.575,3.317,1.983,1.65,1.586,0.96,1.4,0.95,0.843,0.54,0.833,0.84,1.025,1.125,0.867,2.743,3.975,2.733,2.9,2.225,2.025,1.86,2.067,1.1,1.1,1.7,1.05,1.2,1.083,0.75,1.025,1.583,4.62,0.975,1.35,0.95,1.05,0.875,0.65,3.225,1.875,2.625,2,2.575,0.533,0.7,1.325,0.68,1.667,3.75,1.95,0.8,1,1.75,2.55,2,2.15,3.4,1.6,1.1,1.7,2.1,1.4,0.8,0.75,0.8,0.6,0.75,0.6,1,1.3,0.55,0.567,1.1,1.1,0.95,,0.85,1.575,1.533,1.033,3.58,1.6,1.775,3.74,2.933,2.4,0.467,0.333,0.6,0.433,0.4,0.3,0.8,0.433,0.38,0.45,0.4,0.7,1.25,1.7,1.05,0.55,0.933,0.825,0.7,1.375,0.4,0.86,1.3,0.633,2.45,0.45,1.133,1.6,0.967,1.333,1.075,0.75,1.167,1.55,0.933,1.45,1.75,1.233,0.933,0.7,0.767,0.675,1,0.9,0.78,1.52,0.96,0.7,1.8,0.9,1.025,1.06,1.2,3.3,1.825,3.4,2.967,1.975,1.64,2.75,1.5,1.325,1.325,1.433,1.54,1.8,0.85,1.2,1.367,1.4,1.183,1.44,1.55,1.52,0.88,1.02,1.88,0.2,1.1,1.167,1.333,1.225,1.467,1.7,1,1.133,1.25,1.25,1.3,1.233,0.833,0.82,0.975,1.16,1.94,1.25,0.775,0.84,0.367,0.35,0.82,0.98,0.8,1.2,1,1.1,0.9,,0.55,0.9,0.8,1.2,0.6,0.667,0.7,1.15,0.6,1.6,0.95,0.3,,,,0.767,0.5,,2.225,1.333,1.667,0.75,0.45,1.467,1.45,0.9,0.45,0.8,0.833,0.4,1.2,2.55,1.4,1.9,1.1,1.3,0.6,1.1,1.8,0.7,0.733,0.5,1.1,3.05,3.3,1.667,0.8,0.8,2.95,4.6,1.667,,0.5,1.4,3.2,1.2,0.55,1.6,0.875,1.033,1.075,0.875,2.2,1.267
20180102,4,CO_24h,1.233,1.6,1.838,3.217,0.66,2.325,2.017,0.9,1.32,1.75,1.733,2.4,2.1,1.786,1.971,1.118,1.1,1.22,2.386,1.044,1.622,1.288,0.88,1.075,1.92,1.6,1.743,1.667,1.55,1.625,1.58,0.98,1.833,1.36,1.237,1,1.278,1.551,1.167,1.3,1.1,1,1.1,1,1.47,1,0.725,1.056,2.214,1.178,2.078,1.425,1.01,1.26,1.073,0.95,1.188,1.15,1.175,1.38,1.36,1.225,1.557,0.8,1.265,1.35,0.944,1.043,0.75,2.938,2.32,1.875,1.443,1.9,1.143,1.014,2.825,0.775,1.275,1.1,0.725,2.05,2.4,2.233,2.3,2,3.05,1.74,1.817,1.82,2.1,2.667,1.633,1.033,1.833,1.58,1,1.017,1,1.2,0.967,1.167,1.233,1.133,1.1,0.933,2.267,2.033,3.04,3.117,2.15,1.45,2,1.26,2.6,1.125,1.243,1.04,1.2,1.54,1.75,1.65,1.2,2.557,3.175,2.267,2.367,1.525,1.55,1.56,1.9,1.05,1.18,1.95,1.175,1.2,1.083,0.7,1.1,1.567,3.72,0.975,1.3,1,1.167,1,0.85,2.625,2.1,2.875,1.775,2.125,0.8,0.75,1.325,0.64,1.533,2.35,1.55,1.3,1,1.65,2.3,1.85,2.25,3.35,2.25,1.3,1.6,2.1,1.9,1.1,1.1,1,0.9,1.35,1.267,1.8,2.25,1.25,0.833,1,1.3,0.9,,0.95,1.475,1.133,0.933,3.68,2.02,2.1,4.16,2.667,2.567,0.833,0.433,0.55,1.033,0.95,0.433,0.6,0.5,0.52,0.425,0.633,1.1,1.5,1.6,1.75,1,1.267,0.675,0.6,1,0.5,0.68,0.933,0.8,2.25,0.55,1.667,1.467,1.5,1.267,1,0.9,1.867,1.15,1.8,1.15,1.4,1.167,1.2,0.8,0.9,0.75,0.975,1.133,0.86,1.62,0.94,0.7,1.96,0.933,1.05,1.02,1.3,3.3,2.625,2.55,2.267,1.325,1.7,1.75,1.167,1.225,1.275,1.467,1.74,1.6,0.95,1.275,1.433,1.45,1.183,1.44,1.55,1.58,0.92,1.14,1.54,0.633,1.75,1.3,1.533,1.2,1.333,1.5,1.3,1.067,1.35,1.25,1.15,1.133,0.867,0.9,0.85,1.3,2.14,1.15,1,0.88,0.567,0.45,1,1.08,0.875,1.3,1,1.2,1,,0.75,0.9,0.867,1.3,0.65,0.7,0.8,0.9,0.6,1.35,1.1,0.55,,,,1.367,0.6,,2,1.9,1.533,0.95,1.05,1.4,1.8,0.7,0.75,0.8,1.467,1.3,1.1,2.2,1.7,2.1,0.5,1.2,0.7,1.3,1,1,1.167,1,1.167,3,1.8,1.567,1,1.6,3,3.1,2.333,0.5,0.35,1.4,1.8,1.3,0.65,1.625,1.225,1.167,1.15,1.5,2.15,1.925
20180102,5,AQI,65,53,124,126,43,141,83,53,69,75,65,87,126,119,38,34,38,56,204,39,71,57,53,54,188,72,61,57,75,75,64,56,71,117,86,111,94,87,64,106,48,128,105,71,186,70,61,77,247,66,198,133,115,138,94,98,119,100,135,135,114,147,131,52,86,147,17,34,40,292,84,124,66,133,120,105,33,67,57,40,65,286,206,83,258,67,263,147,136,257,245,280,161,87,117,125,78,117,119,71,73,121,104,100,124,24,274,43,192,248,125,49,41,78,65,43,52,30,64,65,114,87,76,221,164,199,234,281,224,247,202,114,103,150,167,117,141,36,130,163,92,97,137,138,113,38,23,335,128,97,210,293,109,86,71,45,105,273,253,67,81,98,163,108,59,179,94,78,78,117,61,65,63,61,61,67,65,59,72,59,53,109,105,120,,45,165,267,87,188,125,103,198,133,156,31,24,34,34,28,30,37,42,28,55,52,44,65,94,41,30,41,93,64,111,46,67,135,32,136,38,109,227,135,192,225,53,88,273,89,207,243,207,98,58,61,54,74,85,53,120,125,98,94,127,122,114,89,125,113,233,254,297,211,269,229,103,96,108,204,138,89,96,124,142,114,114,96,96,111,82,88,96,104,87,121,132,108,143,126,98,157,103,89,126,100,96,108,116,195,141,76,80,18,46,31,63,12,78,19,47,35,14,18,60,44,47,21,21,20,36,30,45,45,34,,,,28,26,,171,80,115,89,110,100,87,86,91,105,95,89,94,88,110,126,85,73,48,55,55,43,68,65,113,103,64,122,44,256,183,135,141,51,35,158,163,164,18,221,45,77,116,42,70,39
20180102,5,PM2.5,46,36,93,81,21,107,61,15,39,49,46,64,95,79,10,17,21,23,153,27,45,32,36,29,141,47,33,39,54,54,39,38,51,88,63,83,56,64,45,79,26,97,78,51,140,50,43,56,196,28,148,101,86,105,70,73,89,75,102,102,85,112,99,29,63,112,10,18,7,241,34,84,37,101,90,78,11,31,37,27,46,235,155,61,207,48,212,112,103,206,194,229,122,64,88,94,57,88,89,51,51,91,77,75,93,9,223,17,144,197,94,31,23,57,38,29,19,21,45,46,85,64,55,170,124,149,183,230,173,196,151,85,76,115,126,88,107,22,98,123,56,72,104,105,84,26,10,284,92,43,159,211,38,42,34,31,75,222,202,36,59,73,123,80,41,135,63,46,52,79,35,36,44,39,37,46,42,41,52,41,33,81,41,90,,31,125,216,64,141,63,76,148,101,118,19,16,16,12,9,8,8,21,9,27,23,20,46,70,18,13,22,69,45,83,32,48,102,5,103,4,81,176,102,144,174,24,65,222,66,156,192,156,73,40,43,35,53,62,35,90,94,73,70,96,92,85,66,94,84,182,203,246,160,218,178,76,71,80,153,105,57,71,93,108,85,85,69,71,83,60,62,69,77,64,91,100,80,109,95,73,119,76,37,95,75,71,78,87,146,107,55,52,8,24,10,44,8,57,10,19,24,9,6,31,23,29,12,9,7,19,10,31,12,6,,,,18,14,,129,30,86,66,82,57,30,56,46,42,38,39,56,61,82,66,49,43,15,35,38,12,39,21,73,76,45,92,29,81,125,67,107,15,19,120,123,66,4,170,28,56,87,18,50,20
20180102,5,PM2.5_24h,36,56,82,56,20,135,63,26,38,51,92,143,104,80,51,44,33,64,235,63,175,110,58,74,218,130,125,108,160,108,116,64,182,103,86,82,95,115,101,88,54,89,72,58,143,60,47,58,143,67,189,86,79,90,72,89,90,95,98,92,77,97,85,46,68,97,21,20,17,201,84,76,60,106,92,76,66,27,73,38,49,173,197,119,181,107,143,198,80,145,187,166,107,62,116,92,50,68,70,53,51,95,75,62,78,14,201,54,120,157,104,37,59,80,79,46,57,79,73,103,185,147,78,138,160,213,129,148,116,150,135,76,80,112,113,80,98,23,88,106,54,76,95,97,92,39,19,229,124,64,144,174,52,50,61,28,60,159,145,65,59,89,115,97,68,148,88,46,51,60,102,78,76,67,62,161,112,139,184,119,56,95,44,88,,35,96,110,58,129,119,86,184,114,114,33,21,21,45,28,11,17,30,17,48,55,60,65,68,87,52,55,46,29,68,42,50,72,16,76,17,157,162,170,111,115,47,151,144,167,115,169,100,125,54,48,50,42,78,53,88,83,68,84,95,88,84,73,111,119,212,171,141,104,147,94,73,62,74,136,81,63,69,83,88,78,98,62,81,93,94,60,79,76,80,91,92,73,91,105,66,105,69,36,83,63,79,79,88,140,100,64,51,14,30,23,77,29,43,38,21,47,26,15,43,19,31,15,14,15,16,8,49,22,14,,,,43,24,,122,53,81,64,74,74,57,68,59,55,93,91,66,71,57,76,17,30,34,38,23,24,75,29,59,100,31,95,33,85,135,74,141,23,18,109,127,62,9,131,42,65,73,63,55,43
20180102,5,PM10,68,53,155,199,42,189,99,54,85,97,64,92,169,185,37,33,37,59,176,32,90,62,53,56,226,92,70,61,79,82,75,59,74,132,103,140,135,89,66,137,47,105,119,65,134,79,68,86,363,80,209,169,100,133,114,85,137,88,140,117,110,147,137,51,105,211,16,33,15,373,116,196,79,187,145,139,32,81,61,39,70,326,234,93,285,80,313,232,168,308,305,325,188,104,133,116,85,,130,69,93,89,121,104,112,23,356,42,246,270,168,48,40,92,78,42,52,29,72,50,89,89,67,258,207,214,290,340,209,231,239,115,98,186,142,98,132,35,162,188,131,114,133,208,125,31,22,428,204,142,290,414,166,120,90,38,157,319,341,82,90,123,197,130,66,176,136,104,104,182,69,77,64,69,70,81,77,49,57,61,53,159,158,131,,43,234,316,108,252,197,152,269,179,209,28,23,33,33,23,14,36,31,23,57,51,43,64,91,40,29,40,85,66,106,39,60,149,17,203,20,133,236,144,190,235,53,87,288,122,225,272,217,131,59,56,56,80,85,54,144,162,106,108,149,150,119,124,182,163,217,318,376,254,299,295,147,115,151,198,204,125,102,154,135,131,98,140,130,130,87,123,140,99,71,113,147,134,135,128,118,160,102,125,151,93,114,164,121,190,201,86,107,10,45,19,67,10,86,18,46,31,10,17,68,21,46,20,7,11,35,13,44,44,24,,,,23,18,,193,108,130,89,91,149,121,120,130,157,137,126,135,123,140,199,118,94,47,57,57,42,84,77,173,102,51,189,43,388,313,218,127,23,34,130,181,276,8,228,44,84,116,41,75,38
20180102,5,PM10_24h,63,91,151,121,46,224,112,48,84,99,147,208,186,194,100,67,61,114,258,58,262,173,92,109,313,252,201,148,242,165,198,117,228,166,135,141,158,165,135,149,76,127,122,97,194,96,88,113,289,133,264,159,124,120,108,105,134,117,131,111,104,126,131,67,109,201,30,41,74,382,220,151,157,139,159,155,120,95,103,53,91,273,288,205,287,164,250,321,148,259,296,238,190,109,192,120,91,78,111,79,92,108,124,107,105,32,347,98,246,274,193,59,90,114,136,51,86,72,114,122,167,200,117,250,249,280,239,247,210,210,222,114,119,180,146,98,138,38,186,195,121,131,157,255,142,56,33,407,282,173,297,387,187,180,162,36,212,238,260,148,99,154,199,174,110,214,180,104,112,121,193,151,109,130,117,194,171,174,188,152,88,181,163,144,,53,206,231,101,251,263,200,349,190,212,95,55,31,96,50,19,30,69,32,87,101,79,103,97,131,66,72,60,46,81,51,62,104,28,164,34,240,242,250,174,187,81,197,231,227,192,255,171,213,85,71,68,69,117,99,156,165,113,138,148,161,128,138,207,207,282,298,256,197,246,200,146,103,146,175,183,140,135,148,131,123,110,134,131,143,138,116,157,112,111,141,158,110,104,165,101,163,101,115,147,104,139,191,134,199,232,102,144,31,68,39,121,46,125,70,56,64,34,39,110,40,59,31,23,28,25,26,84,64,88,,,,85,29,,201,147,147,121,192,177,148,157,176,222,258,248,188,129,118,146,43,51,65,70,49,58,183,105,166,143,42,130,51,325,361,210,176,36,32,120,175,276,13,209,66,96,113,88,81,71
20180102,5,SO2,10,24,21,81,28,34,25,10,19,24,23,11,41,55,21,23,22,73,37,10,12,11,19,14,43,11,11,16,17,10,6,10,12,11,13,14,9,25,13,12,6,19,13,6,13,10,13,10,69,11,43,16,10,18,7,18,17,10,21,11,12,19,15,4,15,13,7,26,6,37,13,27,65,12,17,13,9,14,37,39,8,20,29,23,34,24,70,25,30,22,28,32,13,9,14,14,16,14,29,5,10,13,15,28,7,10,30,18,55,177,90,40,29,22,37,85,15,29,7,23,14,20,9,37,70,40,38,33,47,12,15,11,9,9,26,14,31,1,6,28,129,15,11,4,6,6,12,35,44,74,18,36,5,4,53,4,5,48,20,10,19,15,14,14,7,10,13,18,7,5,8,17,18,12,12,12,14,13,10,12,12,11,15,8,,55,11,11,22,112,87,58,101,80,112,6,10,5,10,22,7,19,9,12,13,23,12,27,51,10,11,26,9,15,41,6,28,35,11,30,11,29,35,14,16,18,18,15,13,7,8,16,10,13,6,13,10,16,9,6,30,61,42,15,41,44,45,62,62,36,55,63,19,21,13,14,15,19,14,23,15,19,2,13,7,29,24,15,27,13,7,10,2,16,18,17,35,60,31,31,9,25,8,49,8,16,6,13,9,24,12,5,8,10,13,16,19,35,6,7,5,10,8,8,20,10,7,12,11,8,9,4,8,11,11,,,,5,2,,21,24,32,8,6,24,8,9,22,9,14,12,19,21,13,19,28,13,7,34,15,21,40,13,48,11,5,10,11,5,5,35,81,2,28,10,8,2,6,26,53,8,29,21,65,24
20180102,5,SO2_24h,10,22,36,70,23,59,29,20,20,21,51,34,51,71,44,32,28,47,74,14,16,17,20,19,20,19,17,20,22,16,12,12,40,13,15,14,11,29,14,10,8,20,16,9,16,10,8,15,64,15,36,17,17,17,9,12,19,11,17,13,11,26,16,6,14,12,11,16,7,40,46,32,97,11,33,18,53,12,36,59,10,48,38,49,40,49,62,32,33,33,42,63,20,15,39,25,13,11,17,8,10,15,17,21,11,11,20,70,73,198,110,40,46,28,53,74,26,27,16,27,20,23,13,39,62,32,37,31,43,16,24,13,15,10,30,15,32,2,7,27,84,20,18,8,10,10,14,39,58,84,25,35,19,14,76,4,5,45,37,25,16,24,32,27,19,27,38,22,11,15,14,11,23,14,18,14,20,21,17,18,16,12,15,11,,34,13,19,13,96,120,128,147,116,142,19,15,7,25,39,7,27,8,22,20,39,19,48,57,20,17,27,9,12,25,14,18,22,17,47,24,26,25,23,16,15,17,19,15,15,9,36,15,14,8,16,11,16,11,9,35,63,51,22,33,51,28,56,52,44,38,50,18,21,18,22,14,20,17,39,14,18,3,19,9,30,23,18,33,19,17,10,5,12,18,20,25,43,23,17,9,24,9,26,10,25,12,14,13,31,16,5,10,12,15,18,23,31,6,8,7,15,13,10,29,10,11,18,10,5,10,4,17,11,15,,,,7,2,,21,44,28,31,70,37,18,17,21,11,41,55,21,40,24,37,19,22,14,47,42,27,75,17,22,21,14,10,13,8,13,33,118,4,15,10,11,4,6,31,77,9,18,32,92,51
20180102,5,NO2,56,57,57,66,23,74,64,10,43,61,58,75,69,64,22,26,25,28,53,28,51,31,39,38,60,42,46,58,49,25,31,24,32,61,69,66,41,50,26,32,10,40,41,26,48,29,37,51,83,38,99,83,57,87,25,49,82,45,80,67,41,74,61,6,49,72,24,32,15,93,31,40,33,59,62,55,12,28,40,36,18,80,79,51,81,48,101,53,62,63,89,74,63,31,37,52,28,20,20,37,17,24,53,50,50,19,96,9,72,76,77,25,25,42,40,29,17,13,23,26,38,40,33,76,83,103,88,71,51,50,57,46,25,26,37,28,29,10,52,49,54,61,38,55,28,19,15,89,56,55,65,84,5,20,27,13,26,89,74,35,35,66,62,40,31,37,38,20,44,29,29,37,55,52,54,38,44,30,25,32,21,31,31,31,,33,61,51,63,68,61,65,76,49,47,4,8,11,12,8,4,14,8,8,33,22,17,39,38,17,14,14,23,13,31,11,23,38,5,61,7,67,54,44,45,48,17,71,31,41,30,26,27,40,17,18,18,44,26,14,25,53,54,22,46,39,39,39,99,83,86,103,83,60,63,60,70,44,77,72,74,35,28,56,23,39,23,38,36,34,9,29,10,35,38,47,42,57,37,29,20,22,31,69,42,30,25,45,35,36,39,28,26,6,9,23,22,19,14,14,8,19,16,21,24,5,27,7,8,9,20,16,29,18,10,,,,6,10,,59,57,33,42,5,39,16,19,17,31,23,11,62,25,24,48,39,10,32,26,31,10,28,14,42,52,31,43,10,16,36,42,49,7,32,37,58,7,8,59,21,50,46,23,33,14
20180102,5,NO2_24h,45,61,67,57,30,85,70,27,42,58,74,84,74,70,53,37,41,34,87,59,73,70,45,39,64,60,71,64,69,39,43,30,53,56,70,58,44,62,42,39,26,49,37,24,54,28,23,56,90,44,87,72,58,77,26,46,70,59,66,59,40,64,66,11,57,67,31,29,18,105,74,46,42,53,64,53,46,29,41,37,21,82,78,84,82,75,87,60,58,60,75,77,66,42,58,55,23,22,24,45,22,31,53,35,44,22,78,36,71,73,79,30,39,44,50,31,28,25,35,48,50,53,49,78,78,81,70,71,59,57,63,42,34,40,41,25,30,15,51,58,61,57,52,54,45,29,16,99,69,67,67,94,16,32,37,13,31,75,63,51,28,70,56,46,48,49,66,28,44,34,51,70,53,48,68,46,58,53,51,47,24,40,36,47,,32,61,48,46,64,60,73,79,58,56,28,14,14,32,35,5,15,7,14,29,33,24,44,37,31,23,27,21,13,28,17,25,33,10,69,19,65,45,56,46,66,18,87,41,58,35,42,39,49,21,25,18,40,36,25,34,48,46,42,39,43,37,46,92,95,93,81,66,63,61,61,51,53,65,87,62,48,36,56,31,40,29,40,44,44,29,31,31,44,40,45,39,42,30,42,27,28,27,57,51,34,47,57,41,53,37,34,35,12,14,27,31,24,20,26,12,31,22,22,27,16,35,14,10,12,18,17,45,26,15,,,,13,16,,52,69,40,49,22,47,31,20,43,26,39,36,50,36,42,50,22,23,22,33,31,19,41,21,36,55,26,33,16,36,46,34,65,11,25,45,50,16,11,70,27,42,34,39,30,31
20180102,5,O3,2,11,5,8,42,3,7,46,5,3,3,3,5,6,54,36,42,26,32,70,32,63,42,47,20,17,42,23,28,43,30,50,34,21,14,23,52,52,59,57,81,64,32,34,57,59,43,15,7,46,5,5,13,6,79,74,14,56,9,23,56,8,12,85,8,25,19,21,70,6,49,33,44,15,8,8,49,38,22,26,74,3,4,1,4,5,6,27,7,15,9,6,5,42,16,9,65,90,73,4,92,72,37,16,17,20,10,50,11,4,7,13,37,17,12,27,42,45,28,31,39,38,15,18,8,3,8,23,30,11,3,17,36,43,22,53,23,62,6,10,9,4,51,11,36,39,31,4,22,7,7,3,62,55,39,48,45,8,7,38,66,5,10,12,24,5,41,72,19,13,54,45,35,27,39,22,47,50,42,57,48,39,55,58,,27,11,14,15,14,6,15,6,7,10,65,45,44,48,65,56,23,80,70,15,41,36,10,14,25,59,66,42,73,44,36,57,21,63,24,76,16,29,44,43,43,27,22,37,45,69,48,65,44,86,73,75,34,27,9,26,10,7,45,5,18,12,37,8,19,7,4,8,27,17,5,6,21,8,13,2,34,25,2,5,16,13,24,28,39,41,17,33,38,45,17,38,14,10,16,33,26,13,3,6,35,53,29,6,38,38,20,34,35,61,52,33,15,34,35,20,22,23,15,33,86,24,42,38,37,6,58,7,22,64,,,,48,55,,7,7,28,20,70,26,59,32,58,45,52,63,1,26,80,12,40,44,16,34,37,63,23,60,41,2,24,42,33,60,24,17,32,104,34,29,9,30,27,6,38,6,29,34,10,45
20180102,5,O3_24h,52,47,39,44,58,45,42,62,52,24,45,26,53,36,64,53,55,57,64,92,109,125,97,92,82,80,110,82,99,86,87,90,118,123,110,120,108,106,129,115,105,110,103,119,110,96,106,71,57,89,59,68,76,98,125,111,121,92,92,84,104,127,70,106,18,111,45,73,96,41,130,74,78,38,55,68,57,82,60,61,115,95,81,63,74,66,86,73,72,94,55,91,93,83,42,113,156,154,151,96,150,182,134,157,158,46,91,51,78,33,40,48,50,55,41,58,70,56,57,45,114,132,74,51,52,57,55,83,60,44,24,81,68,75,85,146,78,98,100,93,48,84,139,100,62,55,90,65,82,60,75,45,68,67,79,66,73,77,92,89,109,83,71,83,71,65,75,185,78,85,133,60,89,87,74,128,108,128,120,148,89,106,122,116,,57,99,108,138,94,41,34,55,25,40,82,62,47,67,77,61,58,91,77,52,59,58,65,57,57,65,88,64,74,72,62,78,68,66,68,76,96,111,90,93,85,47,107,92,101,114,88,111,114,114,116,113,88,97,83,66,58,99,92,63,64,51,73,56,60,68,67,92,85,88,107,87,48,77,51,65,89,89,94,15,77,69,89,56,79,54,61,48,119,180,125,137,150,58,95,76,75,99,81,83,115,114,117,27,66,90,65,113,73,166,103,63,52,101,62,41,50,57,81,105,98,94,72,50,47,20,90,48,48,103,,,,79,78,,96,75,55,68,79,82,94,76,97,90,103,78,72,92,94,78,87,58,73,128,84,82,54,80,100,40,75,64,49,69,92,68,36,112,58,48,51,64,40,31,65,88,180,58,61,52
20180102,5,O3_8h,6,9,4,8,37,2,7,46,5,6,3,3,6,7,53,36,42,26,33,65,33,58,51,53,20,15,35,22,33,44,39,55,35,25,13,22,58,45,68,50,76,66,49,68,62,72,56,12,7,56,9,5,10,10,96,78,13,36,19,25,71,15,11,80,8,31,20,20,78,6,49,51,40,15,8,8,52,41,19,33,77,3,6,,5,6,7,31,9,24,12,7,5,34,17,8,81,80,74,4,97,69,41,30,24,16,10,38,12,4,9,16,31,22,12,35,40,43,26,29,53,57,17,18,9,3,9,31,33,12,3,17,37,35,17,69,27,47,13,9,10,5,58,17,37,37,40,4,20,7,8,3,52,52,33,48,49,13,14,50,73,9,12,13,24,5,50,77,15,11,57,33,41,41,34,18,54,47,36,63,55,46,61,63,,30,12,20,29,15,5,14,11,5,10,60,47,39,49,54,59,21,83,54,24,40,41,12,14,23,55,62,41,72,47,35,60,29,62,32,74,22,40,52,45,48,30,18,40,44,70,52,66,55,89,68,84,30,34,6,31,18,21,41,12,20,18,37,8,12,7,11,17,31,9,16,6,22,6,12,2,15,21,4,6,25,15,20,29,46,44,19,24,18,52,24,29,20,9,11,32,25,13,6,5,48,27,25,10,38,43,23,34,34,60,61,32,18,38,37,24,21,26,23,32,86,22,41,41,38,6,59,6,18,66,,,,55,51,,13,5,22,28,71,26,42,27,44,39,57,54,1,22,42,23,40,43,24,32,38,60,19,58,41,3,13,42,32,53,14,22,30,100,32,20,14,31,34,6,37,3,52,27,14,44
20180102,5,O3_8h_24h,11,11,5,8,38,2,8,47,6,11,6,3,8,8,56,39,44,28,37,65,35,58,57,63,21,18,36,24,36,45,46,61,38,31,15,24,70,51,71,52,77,68,60,98,71,81,68,13,7,70,18,5,12,14,111,90,15,39,29,27,82,28,13,81,9,33,23,24,87,6,56,60,42,16,8,10,55,45,20,36,84,4,13,,5,8,7,40,13,31,21,7,7,38,21,10,93,81,80,5,102,69,46,40,33,17,11,38,13,5,10,17,31,27,14,43,41,44,26,29,71,77,20,18,9,10,9,39,35,12,3,19,40,35,19,78,34,47,16,11,11,7,64,25,38,39,44,5,21,8,9,3,52,61,41,58,58,25,32,57,82,13,14,20,26,6,55,79,19,11,58,33,44,56,35,18,58,47,36,73,64,53,64,103,,35,16,25,60,15,6,15,15,7,11,60,49,41,51,54,61,31,86,55,30,42,45,12,17,23,55,66,42,72,51,36,63,42,62,36,74,31,53,59,53,57,31,19,40,45,80,54,75,67,96,74,90,34,41,6,36,26,30,42,21,22,23,37,10,12,7,18,25,47,10,27,9,24,7,13,3,15,24,5,7,34,16,20,33,55,47,24,24,18,65,30,32,24,11,12,36,25,14,14,5,55,27,26,16,42,48,18,40,35,62,69,34,22,45,38,27,23,29,26,35,87,23,42,44,38,6,59,6,18,82,,,,64,60,,21,7,22,42,72,26,42,31,44,39,60,54,2,26,42,53,41,43,28,32,46,60,19,60,41,4,29,43,33,53,14,26,30,100,33,20,17,31,39,6,43,4,68,27,17,44
20180102,5,CO,1.625,1.867,1.787,6.7,0.58,2.325,1.917,0.75,1.5,2,0.767,1.533,2.325,1.514,0.95,0.591,0.9,0.69,1.513,0.74,0.689,0.538,0.64,0.9,1.186,0.8,0.971,1.1,0.725,1.025,0.8,0.76,0.775,1.16,1.037,0.9,0.942,1.014,0.7,1.2,0.9,0.933,1.2,1.133,1.38,0.94,0.7,0.944,2.938,0.9,2.544,1.422,0.99,1.373,1,0.825,1.213,0.825,1.025,1.3,1.3,1.25,1.575,0.7,1.141,1.578,0.875,0.971,0.667,3.031,0.74,1.3,0.929,2.314,1.071,0.883,0.75,0.75,1.125,1.067,0.725,2.5,2.075,1.333,3.25,1.133,3.54,1.2,2.2,2.36,2.267,2.967,2,0.867,1.2,1.42,0.95,1.08,1.075,1.067,0.9,1.033,1.1,1.1,1.133,0.9,3.6,0.867,3.12,3.8,2.283,1.575,1.443,1.083,1.383,1.08,0.843,0.5,0.775,0.82,1.05,1.15,0.867,2.629,3.825,2.833,3.05,2.2,2.075,1.925,1.967,1.167,1.04,1.675,1.05,1.225,1.1,0.7,0.975,1.55,5.38,1,1.325,0.95,1.05,0.9,0.7,3.05,1.925,2.55,2,2.6,0.433,0.7,1.075,0.66,1.6,4.05,1.7,0.8,1,1.85,2.55,1.85,2.15,3,1.9,1.1,1.65,1.95,1.4,0.8,0.85,0.8,0.6,0.75,0.633,1,1.3,0.55,0.6,1.1,1.2,0.8,,1,1.475,1.625,1.1,3.8,1.56,1.775,4.22,2.9,2.4,0.4,0.267,0.45,0.533,0.35,0.267,0.8,0.467,0.36,0.333,0.367,0.8,1.25,1.65,1,0.7,0.867,0.8,0.775,1.475,0.467,0.66,1.3,0.7,2.35,0.45,1.1,1.567,1,1.383,1.1,0.767,1.1,1.667,0.933,1.45,1.7,1.267,0.9,0.68,0.767,0.7,1,0.967,0.74,1.26,0.98,0.72,1.82,0.85,1.06,1.06,1.125,3.8,1.825,3.4,3.067,2.225,1.82,2.75,1.5,1.225,1.45,1.333,1.5,1.7,0.8,1.2,1.433,1,1.183,1.44,1.55,1.52,0.84,1,1.74,0.15,0.95,1.2,1.533,1.25,1.4,1.7,1.05,1.167,1.25,1.2,1.375,1.133,0.867,0.76,0.925,1.16,2.3,1.225,0.775,0.84,0.4,0.3,0.72,0.98,0.8,1.2,1.15,1.1,0.85,0.9,0.6,0.95,0.8,1.15,0.55,0.667,0.7,1.1,0.6,1.6,0.9,0.25,,,,0.767,0.5,,2.05,1.167,1.5,0.75,0.6,1.533,1.25,0.85,0.5,0.95,0.8,0.35,1.5,1.95,1.1,1.9,1.1,1.2,0.3,1,1.7,0.7,0.833,0.5,1.167,2.75,2.7,1.433,0.8,0.95,2.35,3,1.7,0.3,0.55,1.35,2.2,1.2,0.5,1.55,0.825,1,1.125,0.825,2.25,1.267
20180102,5,CO_24h,1.258,1.561,1.85,3.267,0.62,2.3,2.017,0.9,1.35,1.75,1.633,2.4,2.1,1.786,1.9,1.009,1.08,1.15,2.4,1.09,1.556,1.2,0.84,1.14,1.843,1.6,1.671,1.622,1.5,1.525,1.56,0.94,1.775,1.33,1.237,1,1.253,1.511,1.167,1.35,1.067,1,1.1,1,1.47,0.98,0.7,1.056,2.225,1.167,2.144,1.378,1.01,1.245,1.073,0.95,1.2,1.1,1.15,1.38,1.36,1.225,1.563,0.78,1.265,1.356,0.925,1.029,0.75,2.938,2.26,1.825,1.414,1.9,1.143,0.967,2.6,0.8,1.2,1.067,0.725,2.05,2.35,2.2,2.35,1.933,3.1,1.74,1.85,1.84,2.2,2.7,1.633,1.033,1.8,1.6,1,1,1,1.2,0.967,1.167,1.233,1.133,1.1,0.933,2.367,1.967,3.06,3.183,2.15,1.425,1.886,1.283,2.517,1.16,1.2,0.98,1.275,1.5,1.7,1.625,1.143,2.6,3.2,2.333,2.625,1.575,1.6,1.675,1.9,1.067,1.14,1.975,1.175,1.225,1.067,0.7,1.125,1.6,3.78,0.975,1.3,1,1.167,1,0.85,2.65,2.125,2.875,1.775,2.225,0.8,0.75,1.325,0.64,1.533,2.4,1.55,1.3,1,1.7,2.3,1.9,2.3,3.35,2.25,1.3,1.6,2.1,1.9,1.1,1.05,1,0.9,1.35,1.233,1.7,2.2,1.25,0.8,1,1.3,0.85,,0.9,1.45,1.175,0.933,3.367,2.02,2.075,4.08,2.7,2.567,0.8,0.433,0.55,0.967,0.95,0.4,0.6,0.5,0.46,0.4,0.633,1.05,1.45,1.65,1.65,1,1.233,0.7,0.6,1.05,0.567,0.68,1,0.85,2.25,0.55,1.65,1.483,1.5,1.267,0.975,0.9,1.8,1.2,1.767,1.15,1.3,1.167,1.2,0.8,0.9,0.75,0.975,1.133,0.86,1.62,0.94,0.7,1.96,0.925,1,1.02,1.225,3.4,2.575,2.625,2.267,1.425,1.7,1.775,1.2,1.175,1.3,1.467,1.72,1.6,0.95,1.275,1.433,1.45,1.183,1.42,1.575,1.56,0.92,1.16,1.56,0.633,1.75,1.3,1.533,1.25,1.367,1.5,1.35,1.1,1.35,1.25,1.175,1.133,0.867,0.9,0.875,1.3,2.18,1.15,1,0.88,0.567,0.45,0.98,1.08,0.875,1.3,1.15,1.2,1,0.8,0.75,0.95,0.867,1.3,0.65,0.7,0.8,0.95,0.6,1.35,1.1,0.55,,,,1.367,0.6,,1.975,1.867,1.533,0.95,1.1,1.4,1.8,0.7,0.75,0.8,1.433,1.2,1.3,2.2,1.7,2.1,0.6,1.2,0.7,1.3,1,1,1.167,1,1.133,3,1.85,1.533,0.95,1.5,2.85,1.9,2.333,0.5,0.4,1.4,1.8,1.3,0.65,1.625,1.225,1.167,1.15,1.425,2.125,1.9
20180102,6,AQI,66,55,115,116,42,142,80,35,69,76,63,92,124,115,36,34,41,52,205,36,70,54,50,53,177,70,59,58,80,66,67,56,69,116,86,110,96,86,71,106,41,126,110,71,165,67,63,72,250,68,196,136,115,136,94,92,121,100,119,141,110,150,131,51,87,153,18,33,39,286,82,123,66,144,116,104,32,61,65,52,61,275,200,63,235,66,252,164,139,263,250,274,126,66,111,127,86,126,122,72,72,142,106,97,126,21,282,31,196,264,142,52,43,82,67,49,54,29,60,59,116,86,76,204,150,191,223,275,219,239,202,111,98,143,168,114,146,29,124,157,93,92,128,135,120,28,30,340,130,92,206,317,102,75,56,36,97,270,245,69,78,111,154,108,47,168,98,80,80,117,61,63,65,65,58,67,66,59,71,60,54,104,105,110,,50,168,302,106,212,117,97,219,127,148,31,33,23,31,28,30,35,41,28,57,49,47,64,91,40,29,53,89,65,117,54,69,149,32,130,37,106,211,138,188,231,52,83,281,92,204,244,215,97,55,61,55,72,86,55,119,126,97,96,124,121,113,89,125,121,219,224,300,236,270,256,96,97,105,203,132,81,88,124,137,115,110,91,97,115,74,78,90,96,91,121,125,106,142,117,96,146,93,92,124,96,94,107,116,192,141,81,80,18,36,30,58,12,63,20,36,29,,27,60,44,35,21,21,20,40,30,49,40,33,,,,28,25,,168,76,117,93,110,100,80,84,90,91,90,92,104,69,96,103,81,62,49,45,50,36,70,62,114,104,55,111,40,279,196,143,139,52,37,158,168,155,17,224,45,75,114,42,64,44
20180102,6,PM2.5,47,37,86,82,21,108,58,22,39,53,44,68,93,77,9,18,24,24,154,25,49,35,33,27,133,49,31,40,58,47,45,32,49,87,63,82,57,63,51,79,25,95,82,51,125,48,44,52,199,31,147,103,86,103,70,68,91,75,89,107,82,115,99,28,64,116,7,17,10,235,30,80,35,110,87,77,10,24,46,32,43,224,150,44,184,47,201,124,106,212,199,223,95,47,83,96,63,95,92,52,52,108,79,72,95,10,231,15,147,213,108,32,25,60,40,28,22,17,41,41,87,63,55,153,115,143,172,224,168,188,151,83,73,109,127,85,111,20,93,119,57,68,97,102,90,19,13,289,98,44,155,224,33,33,25,25,72,219,194,37,57,83,117,80,32,127,68,44,53,88,36,34,46,39,34,48,46,41,51,42,33,77,40,82,,31,127,251,79,161,56,71,168,96,113,18,19,16,9,8,9,14,17,10,31,23,23,45,67,16,12,21,66,46,88,37,49,114,10,98,1,79,160,105,141,180,26,61,230,68,153,193,164,72,38,43,38,52,63,38,89,95,72,71,93,91,84,66,94,91,168,173,250,185,219,205,70,72,78,152,100,57,65,93,104,86,82,65,72,86,53,57,65,71,67,91,94,79,108,88,71,111,69,41,93,71,70,75,87,144,107,59,53,5,17,11,40,7,40,10,21,20,,9,27,13,24,11,12,10,19,8,34,12,3,,,,14,11,,127,27,88,69,82,58,28,55,50,42,37,39,60,49,67,65,56,42,19,31,29,9,41,21,75,77,38,83,26,77,107,109,106,17,16,120,127,37,4,173,31,54,85,25,45,24
20180102,6,PM2.5_24h,37,53,83,55,20,133,62,26,38,51,89,141,104,80,49,40,32,59,234,52,165,102,54,65,220,123,119,102,150,101,111,59,176,102,84,81,93,112,94,87,50,88,73,58,143,58,47,59,148,65,191,86,80,91,71,87,90,94,98,93,78,99,87,45,69,100,22,20,17,204,81,76,58,105,92,76,71,25,69,38,49,179,195,117,184,104,145,195,82,150,179,172,107,62,113,93,51,69,71,52,51,96,76,63,80,14,205,52,121,161,104,37,52,77,77,48,54,71,66,100,180,141,76,140,153,213,132,153,120,153,138,77,79,114,114,77,100,23,88,106,54,76,96,97,93,37,19,232,125,64,146,179,52,50,58,27,60,165,149,65,58,89,114,98,67,148,89,47,52,62,94,71,71,76,58,153,104,132,174,115,53,95,44,88,,34,97,115,59,131,117,86,183,115,115,32,21,21,43,27,10,17,29,17,46,50,57,65,69,83,47,53,47,30,69,42,50,74,16,79,16,152,164,167,113,119,47,145,149,162,117,162,104,123,53,48,50,43,77,53,88,84,68,84,94,90,84,73,112,117,214,173,147,109,150,99,71,63,74,138,82,62,69,82,90,78,97,62,81,93,92,60,79,76,80,91,92,73,92,106,67,106,69,36,84,63,78,78,89,142,99,64,51,14,30,21,75,27,44,37,21,47,,15,42,19,31,15,15,15,16,9,49,22,14,,,,42,23,,123,52,83,65,76,75,55,69,59,55,91,90,62,70,59,76,19,31,34,39,24,24,74,28,60,101,31,94,33,93,132,89,140,22,18,107,127,61,9,134,42,65,73,59,55,41
20180102,6,PM10,77,58,153,180,41,175,92,34,86,99,63,98,170,178,35,33,40,52,173,33,88,55,49,53,213,88,66,64,82,77,81,59,68,131,102,138,139,87,73,134,40,107,133,66,125,74,69,80,362,83,210,180,100,129,114,88,141,87,133,123,109,139,132,50,103,218,17,32,15,373,112,194,79,163,137,129,31,70,72,51,65,328,237,72,258,74,310,233,175,321,318,329,150,75,148,113,91,95,133,67,89,,111,92,111,20,358,30,243,289,192,51,42,88,81,48,55,28,67,48,98,84,72,247,184,198,275,324,213,230,238,114,95,178,142,91,133,27,162,187,134,108,130,175,123,26,29,422,196,131,288,432,152,97,59,34,137,321,327,85,92,127,213,136,46,173,144,107,107,152,69,74,68,78,64,76,79,46,51,66,55,148,157,118,,49,241,359,113,272,182,142,293,167,200,27,32,22,30,19,13,34,40,21,61,48,46,63,83,39,28,54,83,76,108,45,65,165,13,197,16,132,211,151,189,241,51,78,278,119,221,266,227,117,57,57,55,82,76,56,155,169,102,113,154,156,118,118,186,158,198,315,367,274,305,321,140,115,145,197,203,109,100,158,132,129,92,129,129,122,76,104,128,97,63,118,134,121,124,114,109,153,98,132,145,105,113,162,123,189,209,90,107,8,35,21,58,10,73,19,35,25,,26,68,12,34,15,9,12,39,22,47,39,19,,,,16,19,,183,100,135,88,88,148,108,116,127,130,127,132,156,80,139,153,110,72,48,44,49,35,87,72,175,97,52,129,39,404,339,180,125,,36,131,160,257,7,229,42,75,113,41,70,43
20180102,6,PM10_24h,64,87,151,120,45,219,111,48,87,98,143,204,186,192,98,63,60,108,262,50,251,162,88,99,315,239,194,140,230,156,191,110,222,164,131,141,156,161,126,147,71,127,123,96,193,94,88,111,299,130,263,160,122,119,108,104,135,116,131,112,104,128,131,68,110,208,30,40,75,384,215,153,152,138,158,155,133,90,98,53,90,282,286,201,292,160,258,317,148,264,306,246,189,108,187,121,91,79,113,79,93,110,124,107,106,32,351,96,245,277,192,59,80,109,134,49,84,65,102,121,163,193,115,251,246,283,243,253,211,214,226,114,117,183,146,94,138,38,183,195,120,132,156,251,143,54,33,410,282,172,299,392,187,176,153,36,206,246,268,148,99,154,198,175,108,214,181,105,113,123,182,138,102,142,110,187,161,166,167,147,84,175,164,144,,52,208,238,102,252,260,197,346,192,213,92,56,30,94,48,19,31,66,31,84,96,77,102,97,126,62,71,61,48,83,50,62,106,28,170,34,235,243,245,174,191,84,190,234,223,194,266,177,210,83,71,68,70,115,97,157,165,113,137,153,164,128,136,208,205,281,302,262,202,250,206,144,104,146,178,185,139,136,147,132,123,108,134,131,142,135,115,158,112,110,142,159,109,105,166,100,164,103,116,147,104,138,191,136,202,232,102,142,30,67,37,117,43,123,67,55,63,,38,107,40,59,31,23,27,26,26,84,64,88,,,,83,28,,201,144,149,121,189,176,147,157,175,219,252,244,179,127,121,148,46,52,65,70,51,57,179,103,166,144,43,128,50,370,360,192,174,36,32,116,174,276,14,212,66,96,114,84,81,70
20180102,6,SO2,11,30,22,73,27,25,33,12,18,30,22,11,37,65,24,28,32,65,41,10,12,11,18,15,28,11,11,16,15,11,11,10,11,11,14,14,8,29,16,12,6,20,13,6,13,9,11,10,62,10,43,16,11,18,8,15,19,7,19,13,14,24,15,5,17,15,9,22,6,39,15,24,65,12,16,14,10,13,48,41,8,20,33,30,31,25,58,28,33,26,24,24,13,8,13,20,18,19,24,4,11,18,13,15,7,11,31,17,47,252,91,55,35,24,37,114,28,33,13,21,14,18,10,39,54,42,36,32,51,12,20,11,11,9,26,12,38,1,6,30,161,16,13,4,6,6,14,32,47,69,23,37,7,8,38,4,5,48,19,10,16,15,13,14,9,10,11,19,6,6,9,22,19,8,12,11,15,12,11,13,13,11,14,7,,58,13,11,20,144,83,72,113,67,112,8,10,5,6,20,8,14,10,22,16,20,14,38,58,15,11,23,7,14,39,6,32,36,13,72,18,28,33,14,14,17,21,15,14,8,8,20,12,15,7,14,9,15,9,7,32,64,37,15,45,50,38,62,66,39,47,65,25,20,12,13,10,20,15,23,14,21,2,14,6,30,23,11,24,15,6,10,2,15,11,23,37,71,37,5,8,20,7,44,8,16,6,15,8,19,16,5,8,13,12,15,21,33,5,7,6,12,,10,18,9,8,16,27,14,10,3,11,10,13,,,,4,2,,22,26,35,8,7,23,12,9,35,8,16,19,20,23,11,18,29,13,7,29,12,19,44,18,49,12,8,8,9,6,7,44,90,2,32,9,10,2,6,31,69,12,40,26,116,29
20180102,6,SO2_24h,10,22,35,69,23,56,29,21,21,22,49,33,50,72,44,31,29,48,75,13,16,17,20,18,22,19,17,20,22,16,12,12,37,13,15,15,11,29,14,11,8,20,16,9,16,10,8,15,64,15,37,17,17,17,9,12,19,11,17,13,11,25,17,6,14,13,14,17,7,40,45,32,96,11,30,18,72,11,35,58,10,48,38,49,41,47,60,32,33,33,42,61,20,15,37,25,13,11,17,8,10,15,16,21,11,11,20,66,71,203,106,40,44,28,52,81,27,27,18,26,20,22,13,39,62,33,39,32,45,16,23,13,15,10,30,12,32,2,7,27,89,21,17,8,9,10,14,40,59,85,24,36,19,14,75,4,5,46,36,24,16,24,30,27,18,27,38,22,11,14,14,11,23,13,18,14,20,20,17,17,16,12,15,11,,35,14,19,13,97,119,126,145,116,142,19,14,6,25,38,7,27,8,23,20,38,18,48,56,19,16,26,9,12,25,14,19,22,18,49,24,27,25,23,16,15,18,19,15,15,10,31,16,15,8,16,10,16,11,9,35,62,50,22,35,49,28,47,54,44,39,51,18,21,17,22,13,21,17,38,14,19,3,19,9,30,23,18,33,19,16,10,5,13,18,23,25,45,24,17,9,25,9,26,10,24,11,14,13,31,16,5,10,12,15,18,23,31,6,8,7,15,,10,29,10,11,18,11,5,10,4,16,11,15,,,,7,2,,21,43,29,31,70,37,18,17,22,11,40,54,16,40,23,37,20,22,14,47,39,27,75,17,24,21,14,10,13,9,13,53,116,4,16,10,11,4,6,31,76,9,20,31,95,50
20180102,6,NO2,59,57,57,67,24,66,64,12,43,61,58,49,69,63,22,31,32,29,52,34,48,36,40,31,57,44,42,57,58,26,27,25,32,61,69,66,51,51,37,34,12,46,49,31,54,28,39,49,83,40,99,83,60,85,28,34,89,32,76,60,33,75,59,3,48,72,26,32,14,91,31,42,32,57,61,53,12,21,40,45,17,77,79,50,71,47,95,55,61,67,91,70,62,21,31,54,32,22,28,35,17,33,53,31,50,20,99,9,65,83,76,26,29,45,41,35,23,13,18,27,38,44,37,78,78,100,87,78,52,49,57,38,18,23,35,24,31,12,51,49,56,60,42,51,26,17,16,83,61,53,64,81,7,25,25,12,25,85,72,20,32,62,55,42,27,37,56,23,51,29,33,36,51,38,50,33,48,30,27,34,25,30,38,33,,27,70,56,57,69,63,70,78,47,46,5,9,11,15,8,5,15,13,9,40,20,20,41,40,18,15,14,18,14,32,11,24,44,6,73,15,66,68,51,55,54,16,80,42,47,30,40,45,40,18,19,18,40,30,15,28,58,49,24,45,39,40,38,97,81,78,110,90,64,65,69,69,49,78,72,67,32,29,57,20,41,24,33,39,35,9,27,8,39,37,61,38,57,36,30,21,17,32,66,42,34,25,48,34,37,37,28,22,6,11,24,20,19,14,13,9,17,,29,21,6,27,11,8,8,16,13,28,18,10,,,,5,20,,53,58,35,39,4,39,17,23,18,28,28,11,57,26,36,55,41,12,19,22,28,8,32,17,40,53,30,43,9,16,24,53,53,8,42,44,68,6,8,59,32,45,42,30,34,18
20180102,6,NO2_24h,46,59,67,56,29,84,69,27,43,58,73,84,74,70,52,36,40,33,86,57,70,68,45,38,65,59,70,64,68,39,43,29,52,56,70,58,45,61,42,38,26,49,37,25,53,28,24,56,92,43,89,73,59,78,26,45,70,57,66,60,40,64,66,9,57,72,32,29,18,105,72,46,41,53,64,54,54,27,40,37,21,83,77,82,82,73,85,60,59,60,78,77,66,42,56,55,24,22,24,45,22,32,53,34,43,21,79,35,71,74,80,30,38,44,49,30,28,24,32,47,49,52,48,79,79,83,71,71,59,57,62,42,34,40,41,23,29,15,51,58,61,57,52,54,45,29,16,99,69,67,67,95,16,32,36,13,30,76,64,50,28,70,56,46,47,49,66,28,45,34,49,69,53,41,68,45,57,49,49,46,24,39,36,46,,32,62,48,47,65,60,74,79,58,56,27,13,14,31,32,6,15,7,14,29,31,23,44,37,30,22,26,21,13,28,17,25,33,11,70,19,65,46,56,46,66,19,88,40,57,35,48,39,48,21,25,18,40,36,25,35,49,47,41,40,43,36,43,94,94,94,83,66,64,61,60,51,53,66,87,63,49,36,55,31,40,29,41,44,44,28,31,30,44,40,47,40,43,31,42,27,28,28,57,50,34,46,57,41,54,36,34,34,12,14,26,31,24,20,26,12,31,,22,27,16,35,14,10,12,18,17,44,26,15,,,,12,16,,52,69,40,49,21,47,30,20,42,26,39,36,49,36,42,50,23,23,22,33,31,19,41,20,36,56,26,33,16,37,46,42,64,11,27,44,49,16,11,70,27,43,34,38,30,30
20180102,6,O3,2,11,5,7,38,3,7,49,4,3,4,3,5,5,52,29,33,24,31,66,34,59,39,53,18,16,43,23,18,41,34,49,34,17,13,24,43,49,43,55,74,55,24,27,44,61,36,14,6,43,5,5,8,6,75,86,6,67,18,31,60,10,17,76,8,27,15,17,69,6,48,27,43,15,7,7,50,53,23,18,73,3,4,,3,3,6,28,8,13,7,3,4,47,18,6,57,85,58,5,79,55,31,34,14,18,9,50,17,4,7,9,32,13,10,22,36,46,31,29,35,31,12,15,7,3,7,17,30,11,3,23,45,48,26,55,21,61,6,7,9,4,45,15,36,38,26,4,16,7,8,3,57,50,42,50,45,7,6,52,65,5,14,6,32,6,18,62,4,9,50,45,36,39,42,22,43,50,40,54,47,46,56,52,,33,7,10,18,11,5,10,6,5,10,63,43,45,45,60,56,21,71,54,11,41,34,8,14,23,57,67,42,71,42,34,56,9,63,20,69,17,15,33,36,36,41,18,23,38,66,39,53,40,86,72,72,33,19,8,20,5,9,41,4,15,6,30,8,20,6,3,6,24,8,3,3,17,5,12,3,39,19,3,5,14,12,27,25,36,39,16,37,28,42,6,41,16,9,6,32,24,8,3,7,31,49,22,5,39,39,12,37,35,58,47,32,16,31,35,16,23,,7,31,87,22,35,36,37,7,59,5,21,62,,,,46,40,,7,5,25,24,70,29,56,27,56,44,47,63,1,28,53,6,42,46,27,33,43,64,18,54,42,4,25,42,33,61,45,20,28,106,28,22,4,30,25,6,18,9,35,25,8,39
20180102,6,O3_24h,52,47,39,44,58,45,42,61,52,24,45,26,53,36,64,53,55,57,58,90,109,125,97,89,80,80,110,82,99,86,87,90,118,123,110,120,108,106,129,115,105,110,103,119,110,96,106,71,57,89,59,68,73,94,125,112,121,92,92,85,104,127,73,99,16,119,38,73,96,41,130,74,78,38,55,67,63,79,60,61,115,95,81,63,74,66,89,73,72,94,63,91,93,83,42,113,156,155,151,96,150,182,134,157,158,46,91,51,78,33,40,48,51,55,41,57,70,56,64,45,114,132,74,51,52,53,69,83,60,40,24,81,68,78,83,151,78,98,100,93,48,84,139,100,61,51,90,65,82,60,75,45,68,63,79,66,73,77,92,89,109,83,71,83,71,65,75,185,78,85,133,60,89,86,74,128,108,128,120,148,89,109,122,116,,57,99,108,138,94,41,34,55,25,40,82,62,47,67,77,61,58,91,77,52,59,58,65,57,57,65,88,64,74,72,62,78,68,66,68,76,96,111,90,93,85,51,107,92,101,114,93,111,114,114,116,113,88,97,83,66,58,99,92,75,65,51,69,56,60,68,67,92,85,88,107,87,48,77,45,65,89,86,94,15,77,69,88,56,79,54,57,49,119,180,127,137,150,58,95,76,75,99,81,83,115,114,117,27,66,90,65,113,73,166,103,62,39,101,61,41,48,,81,105,98,94,72,50,47,20,90,48,48,103,,,,79,78,,96,75,55,68,79,82,94,76,97,90,103,78,74,92,94,78,87,58,73,128,84,82,54,80,100,40,75,64,49,69,92,67,36,112,58,48,51,64,40,31,65,88,180,58,61,52
20180102,6,O3_8h,6,8,4,8,37,2,7,47,4,5,3,3,6,7,53,35,40,26,33,66,33,58,49,55,17,15,37,22,31,43,38,54,35,23,13,22,55,45,64,51,76,65,45,61,59,70,53,12,7,54,9,5,10,9,92,80,12,42,19,26,70,14,11,75,8,31,18,20,76,6,49,47,41,15,7,8,57,48,20,30,76,3,6,,5,4,7,30,9,22,7,5,5,36,18,8,77,81,71,4,94,67,39,30,23,17,10,41,13,4,9,15,31,21,12,34,39,44,31,29,50,53,16,17,8,2,9,29,32,11,3,18,39,37,18,71,26,50,12,9,9,5,56,17,37,38,38,4,19,7,8,3,53,51,35,48,48,12,13,50,71,8,12,12,25,5,45,75,13,11,57,35,41,44,35,19,52,47,36,62,54,48,60,62,,31,11,18,27,13,5,13,10,5,10,60,47,40,48,55,59,21,81,54,22,41,40,11,14,23,55,63,41,72,46,35,59,26,63,30,73,21,36,49,43,46,36,18,37,43,69,48,64,53,89,68,82,30,32,7,29,16,19,41,11,18,16,34,8,14,7,9,15,30,9,13,5,21,5,12,2,20,20,4,5,24,14,21,28,44,43,18,26,20,50,27,31,20,9,11,32,25,12,6,5,45,28,25,9,38,42,22,35,34,60,59,32,18,37,37,23,21,,21,32,86,22,40,40,38,6,59,6,18,65,,,,54,49,,12,5,23,28,70,26,45,27,46,40,55,56,1,23,44,20,40,44,25,32,39,61,20,58,41,4,15,42,33,56,19,23,29,101,32,20,12,31,32,6,34,4,50,26,13,43
20180102,6,O3_8h_24h,11,12,5,8,39,2,8,47,5,11,6,3,8,8,57,40,44,29,38,66,35,59,57,67,18,18,38,24,36,45,46,61,39,31,16,24,70,51,71,54,77,68,60,98,71,81,68,14,8,70,18,5,12,14,111,90,15,42,29,28,82,28,13,77,9,34,23,25,87,6,57,60,42,16,8,10,60,51,20,36,84,4,13,,5,6,9,40,13,31,12,7,7,40,21,10,93,81,80,5,102,69,46,40,33,17,11,41,14,5,10,17,31,29,14,47,41,45,32,29,71,77,20,18,9,10,11,39,35,12,3,20,41,37,20,84,34,50,16,11,11,7,64,26,38,39,44,5,21,8,10,3,53,61,42,58,58,25,32,57,82,13,14,20,26,6,55,79,19,11,58,35,44,55,36,19,58,47,36,73,64,53,64,103,,35,16,25,60,15,6,15,15,7,11,60,49,41,51,55,61,31,86,55,30,43,45,12,17,23,56,66,42,72,51,36,63,42,63,36,74,31,53,59,53,57,36,19,40,45,80,51,75,67,96,74,90,35,41,7,36,26,30,42,22,20,23,35,10,14,7,18,25,47,10,27,9,24,7,13,3,20,24,5,7,34,16,21,33,55,47,24,26,20,65,40,35,24,11,12,36,25,14,14,5,55,29,26,16,42,48,18,41,35,62,69,34,22,45,38,27,23,,26,36,87,23,42,44,38,6,59,6,18,82,,,,64,60,,21,7,23,42,72,27,45,32,46,41,60,56,1,28,44,53,41,44,28,32,46,61,20,60,42,4,31,43,33,56,19,26,30,101,33,21,17,31,39,6,43,4,68,27,17,44
20180102,6,CO,1.725,2.061,1.775,5.65,0.58,2.075,1.833,0.775,1.5,2.3,0.733,1.7,2.35,1.5,0.85,0.627,0.84,0.75,1.443,0.733,0.678,0.55,0.6,0.825,1.18,0.833,0.988,1.111,0.725,1.05,0.8,0.76,0.725,1.18,1.088,0.925,0.967,1.014,0.733,1.15,0.967,1,1.267,1.1,1.35,0.9,0.725,0.933,2.929,1,2.588,1.467,1,1.44,1.027,0.8,1.275,0.825,0.95,1.26,1.3,1.3,1.6,0.7,1.159,1.513,0.9,1.014,0.667,3.031,0.7,1.4,0.986,2.214,1.043,0.917,0.675,0.76,1.325,1.167,0.725,2.6,2.075,1.3,2.9,1.033,3.867,1.24,2.3,2.54,2.3,2.833,1.733,0.733,1.167,1.44,1.017,1.1,1.05,1.067,0.9,1.1,1.133,1.033,1.133,0.867,3.933,0.733,2.76,3.983,2.133,1.625,1.471,1.12,1.617,1.15,0.886,0.5,0.8,0.84,1.1,1.225,0.85,2.671,3.7,3.025,2.867,2.225,2.1,1.925,2.1,1.15,1.02,1.65,1.075,1.2,1.117,0.7,0.95,1.567,5.56,1,1.4,1,1.067,0.9,0.75,3,2.025,2.5,2.1,2.575,0.467,0.5,0.775,0.6,1.6,3.6,1.7,0.8,0.9,1.75,2.2,2.1,1.6,3,2.5,1.05,1.85,2,1.367,0.8,0.8,0.7,0.6,0.65,0.7,1,1.35,0.65,0.6,1,1.2,0.75,,0.7,1.35,1.875,1.1,5.55,1.56,1.775,4.02,3.033,2.433,0.6,0.333,0.45,0.433,0.25,0.267,0.7,0.567,0.36,0.45,0.4,0.85,1.3,1.65,1,0.65,0.9,0.7,0.775,1.35,0.5,0.6,1.467,0.667,2.95,0.5,1.05,1.567,1,1.433,1.175,0.7,1.167,1.667,0.933,1.425,1.85,1.367,0.9,0.7,0.8,0.725,1,1.033,0.76,1.48,1.2,0.74,1.82,0.933,1.075,1.08,1.233,4.067,1.875,3.325,2.967,2.375,1.96,2.75,1.8,1.25,1.5,1.3,1.46,1.75,0.8,1.2,1.533,1.25,1.233,1.44,1.425,1.56,0.92,1,1.74,0.2,0.95,1.267,1.85,1.25,1.4,1.7,1.05,1.2,1.15,1.25,1.25,1.133,0.867,0.74,0.9,1.2,2.22,1.2,0.8,0.84,0.367,0.3,0.74,0.98,0.8,1.2,1.15,1.1,0.95,,0.7,0.9,0.8,1.2,0.6,0.733,0.85,0.95,0.6,2.35,0.9,0.4,,,,0.8,0.6,,1.95,1.2,1.633,0.75,0.6,1.4,1.25,0.75,0.55,0.85,0.767,0.35,1.3,1.8,1.5,1.9,1.1,1.2,0.3,0.9,1.2,0.6,0.9,0.567,1.133,2.8,3.3,1.533,0.7,0.8,1.35,3.8,1.733,0.6,0.5,1.35,2,1.3,0.55,1.65,1.025,1,1.075,0.95,1.95,1.433
20180102,6,CO_24h,1.283,1.55,1.825,3.267,0.62,2.225,2,0.9,1.32,1.775,1.6,2.4,2.125,1.757,1.825,0.927,1.06,1.09,2.271,0.989,1.478,1.125,0.8,1.05,1.84,1.5,1.662,1.578,1.425,1.525,1.48,0.92,1.7,1.34,1.237,0.975,1.253,1.471,1.067,1.3,1.067,0.967,1.133,1,1.47,0.94,0.7,1.056,2.3,1.122,2.188,1.367,1.03,1.28,1.055,0.95,1.2,1.1,1.15,1.38,1.36,1.25,1.586,0.8,1.271,1.362,0.956,1.014,0.75,2.938,2.18,1.8,1.357,1.914,1.143,0.967,2.6,0.74,1.125,1.067,0.725,2.15,2.325,2.2,2.45,1.9,3.1,1.72,1.867,1.9,2.15,2.767,1.6,1,1.767,1.62,1,1.017,1.025,1.2,0.967,1.167,1.267,1.133,1.1,0.933,2.467,1.833,3.06,3.233,2.1,1.425,1.771,1.22,2.433,1.125,1.2,0.94,1.2,1.48,1.675,1.575,1.1,2.629,3.2,2.4,2.5,1.6,1.625,1.725,1.933,1.067,1.14,1.975,1.175,1.2,1.1,0.7,1.125,1.6,3.88,0.975,1.3,1,1.167,1,0.85,2.65,2.175,2.925,1.8,2.225,0.8,0.75,1.25,0.64,1.533,2.5,1.55,1.3,1,1.7,2.25,1.9,2.25,3.35,2.25,1.3,1.6,2.1,1.833,1.1,1,0.95,0.85,1.25,1.167,1.65,2.1,1.15,0.767,1,1.3,0.85,,0.85,1.425,1.2,0.967,3.45,2,2.075,4.04,2.7,2.6,0.8,0.433,0.55,0.867,0.85,0.367,0.6,0.5,0.46,0.4,0.567,1,1.45,1.65,1.65,0.9,1.233,0.7,0.625,1.05,0.567,0.7,1,0.8,2.35,0.55,1.617,1.517,1.433,1.267,0.975,0.9,1.733,1.233,1.733,1.2,1.4,1.167,1.2,0.8,0.867,0.75,0.975,1.133,0.86,1.64,0.94,0.7,1.96,0.933,1.075,1.04,1.3,3.433,2.5,2.7,2.333,1.425,1.74,1.875,1.233,1.175,1.325,1.467,1.72,1.6,0.95,1.275,1.433,1.45,1.183,1.42,1.575,1.56,0.92,1.16,1.56,0.6,1.725,1.3,1.65,1.25,1.367,1.55,1.35,1.1,1.35,1.3,1.2,1.167,0.867,0.9,0.875,1.3,2.2,1.175,1,0.88,0.567,0.45,0.94,1.08,0.875,1.3,1.15,1.2,1,,0.75,0.95,0.867,1.3,0.65,0.667,0.8,0.95,0.6,1.4,1.1,0.55,,,,1.333,0.6,,1.975,1.833,1.567,0.95,1.1,1.4,1.8,0.7,0.75,0.8,1.4,1.15,1.1,2.15,1.7,2.1,0.6,1.3,0.7,1.3,1.1,1,1.167,0.967,1.133,3,1.9,1.533,0.95,1.4,2.7,3,2.267,0.5,0.45,1.35,1.8,1.3,0.65,1.625,1.225,1.167,1.15,1.325,2.1,1.875
20180102,7,AQI,69,56,116,98,44,143,78,32,71,77,58,85,157,111,47,48,43,51,192,36,70,53,48,55,163,76,61,59,87,69,68,54,72,117,83,109,98,85,70,109,40,114,111,75,148,67,66,74,245,68,188,138,110,137,96,93,127,110,108,138,116,147,128,53,89,144,17,35,38,283,81,122,62,165,114,99,38,51,80,77,60,283,189,66,212,63,249,163,143,276,276,278,104,57,105,126,94,128,124,76,75,148,115,97,132,21,293,27,198,242,142,57,52,115,70,63,57,23,62,53,117,88,71,205,146,179,216,263,220,235,193,115,96,141,171,117,144,28,120,150,87,106,132,130,119,29,33,339,124,97,208,301,100,77,57,33,92,271,240,92,70,98,156,115,33,165,99,72,83,106,60,61,58,63,58,74,67,66,70,63,55,109,107,127,,67,181,311,96,216,115,99,230,133,141,30,32,22,34,28,30,33,67,27,64,53,46,60,93,37,32,53,87,64,117,49,72,170,32,151,37,99,204,139,189,230,53,85,257,99,198,258,217,106,53,64,56,72,86,56,124,131,98,98,130,125,115,88,132,137,198,188,295,254,278,284,96,97,103,186,131,82,89,132,131,117,111,89,96,116,70,94,86,96,98,119,121,106,142,116,94,157,94,88,125,97,94,103,119,196,138,88,80,18,33,29,51,13,58,25,39,30,,34,61,43,32,23,20,19,28,30,71,38,33,,,,27,26,,161,70,115,93,110,103,79,83,95,96,89,94,106,72,117,100,97,92,45,41,40,35,70,64,107,93,59,106,38,237,212,177,138,54,38,163,175,158,16,228,85,74,116,58,74,50
20180102,7,PM2.5,49,37,87,66,23,109,57,22,41,53,40,62,119,72,10,26,25,23,144,25,50,36,32,31,123,51,31,41,64,49,42,31,52,88,61,81,58,62,50,81,25,85,83,54,113,48,46,53,194,33,141,105,82,104,71,69,96,82,80,105,87,112,97,32,66,110,7,17,9,232,30,81,34,125,85,74,10,23,58,56,42,232,142,47,161,44,198,123,109,225,225,227,77,32,78,95,70,97,93,55,54,113,86,72,100,12,242,10,148,191,108,39,32,86,46,44,26,15,40,36,88,65,51,154,111,135,165,212,169,184,145,86,71,107,129,88,110,18,90,115,46,79,100,98,89,20,15,288,93,46,157,224,40,27,31,23,64,220,189,60,50,73,118,86,21,125,71,37,54,72,37,31,35,36,33,53,48,47,50,44,37,81,42,96,,48,136,260,71,165,54,74,179,101,107,16,17,13,7,8,9,13,20,10,45,29,26,42,69,15,14,21,64,45,88,34,52,128,13,112,4,74,153,106,142,179,27,62,206,74,148,207,166,79,35,45,39,52,63,39,93,99,73,73,98,94,86,65,100,104,148,141,244,203,227,233,71,72,76,140,99,60,66,100,99,88,83,56,71,87,50,70,61,71,73,89,91,79,108,87,70,119,70,42,94,72,70,64,89,147,105,65,56,3,19,13,34,9,40,13,17,21,,15,28,11,22,10,12,7,17,14,51,12,3,,,,13,12,,122,27,86,69,82,71,27,54,52,37,36,36,59,46,88,75,58,47,16,27,18,7,45,23,73,69,41,79,26,82,89,133,105,13,12,123,132,51,3,177,62,53,87,40,53,29
20180102,7,PM2.5_24h,38,50,83,51,20,131,62,26,38,50,87,138,105,80,49,38,32,53,226,53,156,95,51,68,212,117,111,96,141,96,106,54,170,101,82,81,92,108,88,92,46,88,73,59,142,58,46,59,153,63,196,87,81,92,71,87,90,93,97,93,78,100,88,44,69,98,21,20,17,206,78,76,56,105,92,76,69,28,66,39,48,186,193,115,186,101,150,192,85,155,182,178,105,60,110,93,51,70,73,52,51,97,76,64,82,13,208,51,123,164,104,37,48,75,76,48,51,64,66,96,174,136,67,143,148,210,141,158,123,152,139,77,79,115,116,77,101,23,88,106,53,77,96,96,94,36,18,236,126,64,148,183,52,49,55,27,60,172,154,81,58,90,114,99,66,149,89,46,53,63,87,64,56,67,53,146,97,124,163,110,50,97,45,89,,34,99,122,59,136,116,86,182,116,115,31,21,21,41,26,10,17,29,16,44,52,54,64,69,79,43,51,48,31,70,37,51,76,17,82,16,147,165,165,115,123,47,140,157,158,120,163,108,122,51,48,49,43,76,51,89,84,69,83,94,90,84,72,113,117,214,173,152,114,154,105,70,64,74,140,82,62,69,81,92,79,96,62,80,92,91,60,79,76,80,92,92,72,94,106,67,107,70,36,85,63,77,78,91,145,99,65,51,14,30,20,73,26,45,36,21,46,,15,42,19,31,15,14,15,16,9,49,22,14,,,,42,23,,123,50,84,66,78,75,53,69,59,55,88,86,62,68,61,76,21,32,34,39,24,23,72,28,59,100,31,92,32,91,131,91,138,22,18,107,126,60,8,138,44,64,74,53,54,41
20180102,7,PM10,81,60,138,143,43,180,87,25,89,101,64,86,168,169,46,47,42,50,176,32,85,53,47,58,215,99,70,66,87,74,84,56,70,132,98,137,143,88,74,135,39,97,135,67,137,75,79,83,342,84,224,178,101,138,116,91,146,96,112,113,105,140,131,54,110,207,16,34,12,381,109,192,71,122,131,127,37,50,86,55,65,337,230,67,227,64,313,221,175,341,356,302,133,61,138,116,103,96,128,68,88,108,120,88,105,20,368,26,240,271,177,61,51,110,88,52,62,22,72,47,98,87,67,243,171,179,264,316,208,223,233,118,92,170,140,101,136,27,157,181,121,114,130,165,123,26,32,414,190,141,292,420,148,102,61,23,131,304,312,132,88,120,193,142,32,171,146,92,113,159,67,69,64,74,63,76,77,55,51,66,57,147,162,135,,67,255,379,115,286,178,143,300,166,194,29,31,21,33,17,16,32,82,21,69,53,45,55,90,36,31,54,75,69,115,40,67,173,17,250,22,121,215,160,185,232,53,85,261,129,218,297,221,115,54,58,58,74,80,56,147,183,100,116,156,159,118,120,182,173,188,278,366,299,316,330,134,115,138,183,203,112,97,164,129,129,93,125,128,124,78,119,119,95,69,121,134,103,123,108,97,149,94,123,137,97,117,154,125,188,193,101,107,8,32,24,50,12,57,24,38,26,,33,69,20,29,22,11,11,27,17,69,37,22,,,,15,25,,180,88,127,96,99,153,106,114,137,139,125,135,160,91,154,140,141,131,44,40,39,34,88,75,161,93,,119,36,375,357,200,123,,37,136,175,263,11,241,70,68,105,57,75,49
20180102,7,PM10_24h,67,83,150,111,45,217,109,47,87,97,139,200,187,191,96,60,59,101,255,53,239,151,83,103,308,228,182,132,219,148,185,102,215,162,128,140,155,157,117,154,65,126,124,96,191,95,87,110,303,128,269,165,122,121,108,103,135,115,130,112,104,129,132,68,112,202,29,40,75,385,209,156,146,138,156,154,129,93,94,53,89,291,284,196,295,156,264,312,152,271,311,253,186,106,183,121,92,79,115,78,94,110,124,107,108,31,355,93,244,280,189,59,75,107,131,52,82,62,101,118,161,187,104,252,239,268,252,259,213,212,228,114,116,184,147,94,138,38,180,194,119,132,156,247,144,53,34,412,282,171,300,396,188,172,146,36,201,255,274,175,98,153,198,175,108,215,182,105,114,125,169,126,101,130,105,177,151,160,161,141,80,174,166,145,,53,211,246,102,262,255,195,342,193,213,87,58,30,91,46,19,31,66,31,82,104,74,100,96,121,57,70,61,50,84,44,63,109,28,178,33,229,243,242,176,195,84,188,238,218,196,267,181,207,81,71,69,70,114,94,157,165,114,137,154,164,128,136,208,204,281,303,269,208,254,212,143,106,146,179,186,139,136,147,134,124,107,134,130,142,132,115,158,111,109,141,159,108,106,164,99,164,103,116,148,104,136,190,137,205,233,103,141,30,66,35,112,38,122,66,55,61,,39,106,39,59,31,23,27,27,26,86,65,88,,,,82,28,,201,140,151,120,187,176,146,155,175,218,245,238,177,125,125,149,51,57,65,70,51,56,175,100,165,144,43,126,48,374,361,194,171,37,33,115,172,277,13,214,68,95,114,77,80,68
20180102,7,SO2,10,35,19,55,31,20,26,14,20,33,22,11,31,56,22,41,38,68,63,9,12,11,19,18,56,13,11,16,17,10,11,10,13,11,17,15,10,28,15,10,6,25,13,6,17,9,18,10,62,11,43,18,10,18,8,16,20,6,13,13,14,25,16,5,17,16,9,21,6,44,16,23,69,12,16,14,12,14,51,50,8,24,37,17,21,24,46,32,24,35,22,24,15,7,14,23,18,19,15,5,10,17,16,15,13,12,37,17,46,259,102,55,37,36,35,104,35,38,21,17,14,21,11,41,42,44,39,34,53,15,26,10,8,9,35,14,38,2,6,23,177,18,23,4,10,5,14,35,41,84,28,37,5,6,33,4,5,57,27,18,16,17,13,14,9,11,17,16,6,7,9,24,14,8,12,11,16,15,11,13,13,11,16,8,,49,12,13,19,185,84,73,132,86,121,9,15,5,14,22,7,12,10,18,23,24,19,53,79,16,16,17,6,14,32,8,28,34,13,115,19,26,27,15,14,17,23,16,13,7,7,19,12,23,7,13,8,15,9,7,35,67,47,26,45,65,32,65,64,40,36,52,26,20,11,14,12,22,16,23,13,26,2,14,7,36,26,9,32,17,5,9,2,13,9,17,26,57,32,5,8,25,8,55,8,16,6,13,9,20,16,6,9,11,11,15,23,32,5,6,8,12,,8,32,11,9,13,25,7,9,5,12,11,14,,,,4,2,,22,28,34,9,6,30,17,12,38,8,24,38,21,28,10,18,30,14,8,30,13,19,48,27,45,11,11,8,8,6,7,22,93,2,33,11,12,2,6,31,79,11,24,56,106,52
20180102,7,SO2_24h,10,22,34,66,23,53,28,21,21,22,47,32,49,72,42,30,29,47,78,14,16,16,20,19,24,19,17,20,23,16,13,12,41,13,15,15,11,29,14,11,8,21,16,9,16,10,9,16,66,15,38,17,16,17,9,12,18,11,17,12,11,25,17,6,15,12,14,17,6,40,44,33,94,11,29,18,70,13,35,58,10,48,38,47,40,45,59,32,30,32,41,58,20,14,34,24,13,12,17,7,11,15,16,21,12,11,21,64,69,208,103,39,42,29,52,75,27,27,18,26,20,22,12,40,60,31,39,32,46,17,23,13,15,10,30,12,32,2,7,27,94,21,16,8,8,10,14,40,60,86,24,36,18,14,73,4,5,47,36,34,16,24,29,26,19,27,37,22,11,14,14,12,19,13,17,14,20,19,16,17,16,13,15,11,,35,14,18,14,110,117,125,143,117,142,18,14,6,24,38,8,27,8,22,20,40,18,48,57,19,16,24,9,12,26,12,19,23,18,53,23,27,25,22,16,15,19,19,14,15,10,30,16,15,8,15,10,15,11,10,34,62,49,23,35,49,29,55,55,43,40,51,19,21,17,22,13,21,17,38,14,19,3,19,9,31,23,17,33,18,16,10,5,13,17,23,24,45,24,17,9,25,9,28,9,24,11,14,14,31,16,5,10,12,14,18,23,32,6,8,7,15,,10,30,10,11,18,11,5,10,4,16,11,15,,,,7,2,,21,42,30,30,70,37,19,16,23,11,39,50,17,40,23,37,20,23,14,47,35,27,74,18,26,21,15,10,12,9,13,53,113,4,17,10,11,4,6,32,78,9,20,31,92,49
20180102,7,NO2,57,59,55,69,33,60,62,13,43,62,58,76,62,61,23,40,41,33,54,45,49,46,45,46,58,54,50,61,61,29,29,29,40,67,71,73,68,54,50,40,26,44,52,32,60,34,43,54,86,56,101,81,57,83,34,47,92,40,54,62,39,75,56,5,51,65,26,32,15,91,35,49,32,58,59,51,18,23,47,55,21,74,76,50,61,44,80,56,55,77,85,68,56,22,28,56,39,26,27,34,19,33,66,27,47,19,94,11,67,81,79,34,34,46,42,41,30,17,22,37,43,49,37,86,70,90,87,87,59,48,60,37,17,26,36,28,25,19,49,48,54,61,46,45,29,22,21,84,58,55,65,80,8,18,26,11,25,77,74,61,41,63,60,37,19,39,76,27,50,30,36,53,50,36,53,35,57,35,27,43,32,44,45,49,,34,67,67,64,69,58,77,79,47,46,18,16,12,14,12,6,15,14,10,42,34,27,45,42,23,21,15,20,17,35,18,25,47,9,71,12,62,75,58,61,61,15,83,51,44,34,42,51,59,24,20,18,39,36,19,30,55,46,24,46,40,38,35,96,98,68,108,93,62,67,75,64,48,75,69,59,40,33,56,20,44,28,29,44,37,9,27,8,28,43,56,33,53,37,31,22,22,29,65,41,36,28,48,34,38,37,30,29,6,13,28,18,21,16,16,10,19,,19,28,8,28,8,10,12,16,17,30,17,12,,,,7,11,,52,59,35,44,6,42,21,24,22,26,22,13,55,20,52,53,35,16,29,25,41,12,37,14,39,50,24,41,9,19,17,25,59,2,43,49,71,4,10,60,37,40,52,43,32,28
20180102,7,NO2_24h,47,58,66,55,29,83,69,27,43,58,71,85,74,70,48,36,40,32,86,55,68,66,44,40,64,58,69,63,67,38,42,29,53,57,70,59,46,60,41,44,26,49,37,24,53,30,25,57,92,43,90,76,60,78,27,45,71,57,65,60,41,65,66,9,57,68,32,29,17,106,71,46,40,52,64,54,52,28,40,38,21,83,77,81,82,71,86,60,56,60,79,78,65,42,54,55,24,22,24,44,21,32,54,34,44,21,80,34,71,75,80,30,37,43,49,32,27,23,31,46,48,46,42,80,78,81,74,71,59,57,62,42,33,40,42,23,29,15,51,58,61,58,51,54,44,29,17,100,70,68,68,95,15,32,36,13,29,77,65,65,29,69,56,46,46,49,67,29,46,33,47,68,49,40,67,45,55,46,47,45,23,40,37,46,,31,63,49,50,69,60,75,80,58,56,26,13,14,29,30,5,15,8,14,29,33,23,43,37,29,22,26,21,13,28,17,25,34,11,72,18,65,47,56,45,66,19,89,40,55,35,47,39,48,21,25,17,40,36,28,35,49,47,41,40,44,37,43,95,95,94,84,67,64,62,61,51,53,68,86,64,50,37,55,31,40,29,41,45,44,27,31,30,44,41,48,40,43,31,41,27,27,28,57,50,34,46,58,41,54,36,34,34,11,14,26,30,24,20,26,12,31,,21,28,16,35,14,10,12,18,17,44,26,15,,,,12,14,,52,68,41,49,21,48,29,20,41,26,39,35,50,36,42,51,24,23,22,33,31,20,41,19,36,56,26,33,15,36,44,42,63,11,28,44,50,16,11,70,28,43,35,37,30,30
20180102,7,O3,3,10,5,7,28,3,7,52,4,3,4,3,4,5,49,18,24,22,28,56,34,49,36,34,15,9,35,18,14,39,34,45,30,11,11,14,31,45,31,40,60,58,20,22,34,50,40,12,6,26,4,5,9,7,68,67,2,50,39,32,48,8,22,75,7,26,13,16,68,6,48,22,40,15,6,9,45,48,17,9,67,4,4,,3,5,4,30,12,11,7,2,5,45,21,5,47,76,53,6,70,53,18,39,16,18,10,46,8,3,7,7,28,13,9,17,30,47,26,22,28,25,18,8,6,2,6,12,24,11,3,27,50,43,26,47,27,49,7,7,11,4,42,20,34,33,19,4,14,7,8,3,54,61,36,47,46,7,6,15,51,5,9,8,42,8,3,47,10,7,47,34,30,40,41,22,33,45,41,39,39,36,51,22,,26,5,7,15,7,6,7,6,5,10,49,39,43,46,59,55,18,63,52,10,36,27,4,13,19,47,66,38,68,39,23,54,12,61,22,74,16,3,23,29,30,41,11,12,34,61,35,46,35,76,68,70,28,11,9,18,5,10,40,2,16,6,29,8,11,6,2,5,25,4,2,8,19,9,15,4,31,14,3,5,10,10,29,22,31,40,14,39,50,23,4,41,18,7,7,31,20,12,3,6,22,44,21,5,39,38,10,30,36,56,41,41,14,29,29,14,21,,12,20,82,21,37,35,31,7,54,6,23,56,,,,45,52,,7,6,25,20,69,30,54,27,52,55,55,61,1,39,37,6,53,42,31,33,32,56,14,53,42,5,36,44,34,58,51,29,21,114,26,18,4,31,25,6,9,14,19,15,12,30
20180102,7,O3_24h,53,47,39,44,58,45,42,62,52,24,45,26,53,36,67,53,55,57,53,92,109,125,97,92,83,80,110,82,99,86,87,90,121,123,110,120,108,106,129,118,105,110,103,119,110,91,106,71,56,89,59,68,68,94,125,112,121,92,92,85,104,127,73,99,16,111,33,73,96,41,130,74,78,38,55,67,63,82,60,61,115,95,81,63,74,66,89,73,74,94,63,91,93,83,42,113,156,155,151,96,150,182,134,157,158,46,91,51,78,33,40,48,51,55,41,58,70,56,64,45,114,127,80,51,52,60,55,83,60,37,16,81,68,78,83,151,78,98,100,93,48,84,139,100,61,45,90,65,82,60,75,45,68,63,79,66,73,77,92,84,109,83,71,83,71,65,75,125,78,85,133,60,81,86,74,128,108,128,120,148,89,109,122,116,,57,99,108,140,96,41,34,55,25,40,82,62,47,67,77,61,58,91,77,52,58,58,65,57,57,65,88,64,74,72,59,78,68,66,68,76,96,111,90,93,85,51,107,91,101,114,93,111,114,114,116,113,88,97,87,66,58,99,92,75,65,51,73,56,60,68,67,92,85,88,107,87,48,77,39,65,89,86,94,15,77,69,84,56,79,54,57,50,119,180,127,137,150,58,95,76,75,99,81,83,115,114,117,27,66,90,65,113,73,166,103,61,30,77,57,41,45,,81,105,98,94,72,50,47,20,90,48,48,103,,,,79,78,,96,75,55,68,79,82,94,76,97,90,103,78,74,92,94,78,87,58,73,128,84,82,54,80,100,40,75,64,49,69,92,67,36,114,58,48,51,64,40,31,65,88,180,58,61,52
20180102,7,O3_8h,5,8,4,7,36,2,7,47,4,5,3,3,5,6,53,33,38,25,30,64,33,57,47,49,19,15,36,21,28,43,37,53,36,22,13,21,51,45,59,42,74,63,41,55,55,63,51,12,7,50,8,5,10,9,89,77,10,43,22,27,67,13,13,75,8,31,17,19,75,6,49,43,41,15,7,8,56,43,20,27,75,3,5,,4,4,6,30,10,20,8,5,5,37,18,7,73,80,69,5,91,65,36,31,22,17,10,41,12,4,8,11,31,20,12,30,38,45,31,28,47,49,25,16,8,3,8,26,31,11,3,19,40,38,19,68,26,49,11,8,10,5,54,17,36,37,35,4,19,7,8,3,53,53,35,48,48,11,12,25,68,8,12,11,28,5,39,71,12,10,55,35,36,43,36,19,49,47,37,59,53,45,59,56,,30,11,16,26,7,5,13,10,5,10,59,46,40,48,55,58,20,78,53,20,42,38,10,14,23,54,63,40,71,45,31,59,24,63,29,73,21,31,46,41,44,36,17,30,42,68,46,61,50,87,68,81,30,29,8,28,14,18,41,10,18,14,33,8,13,7,8,13,29,8,12,6,21,6,12,3,21,20,4,5,21,14,22,27,42,42,18,28,24,47,24,32,19,9,10,32,24,12,5,6,41,28,24,8,38,42,20,34,35,59,56,34,17,36,35,21,21,,20,30,85,22,40,39,37,6,58,6,19,64,,,,52,50,,11,5,23,27,70,27,46,27,47,42,55,56,1,25,43,18,42,44,26,33,38,60,19,57,41,4,18,42,32,56,24,24,28,103,31,20,11,31,31,6,31,6,45,25,13,41
20180102,7,O3_8h_24h,11,12,5,7,39,2,8,48,5,11,6,3,8,8,59,40,44,29,36,66,35,59,57,63,21,18,38,24,36,45,46,61,41,31,16,24,70,51,71,45,77,68,60,98,71,78,68,14,7,70,18,5,12,15,111,90,15,44,29,29,82,28,14,77,9,33,23,25,87,6,57,60,42,16,8,10,60,47,20,36,84,4,13,,5,6,9,40,14,31,12,7,7,43,21,10,93,81,80,5,102,69,46,40,33,18,11,41,14,5,10,17,32,29,14,43,41,45,32,29,71,74,29,18,9,11,9,39,35,12,3,21,42,38,21,84,34,50,16,11,11,7,64,27,38,39,44,5,21,8,10,3,53,61,42,58,58,25,32,31,82,13,14,20,28,6,55,79,19,11,58,35,40,55,36,19,58,47,37,73,64,53,64,103,,35,16,25,64,7,6,15,15,7,11,60,49,41,51,55,61,31,86,55,30,45,45,12,17,23,56,66,42,72,51,34,63,42,63,36,74,31,53,59,53,57,37,19,38,45,80,51,75,67,96,74,90,35,41,8,36,26,30,42,22,20,23,37,10,14,7,18,25,47,10,27,9,24,7,13,3,21,25,5,7,34,16,23,33,55,47,24,28,24,65,40,37,24,11,12,36,25,14,14,6,55,29,27,16,42,48,18,41,36,62,69,35,22,45,38,27,23,,26,36,87,23,42,44,38,6,59,6,19,82,,,,64,60,,21,7,23,42,72,27,46,32,47,42,60,57,1,29,44,53,42,44,28,33,46,61,20,60,42,4,33,43,33,56,24,26,30,103,33,21,17,31,39,6,43,6,68,27,17,44
20180102,7,CO,1.627,2.244,1.637,3.8,0.68,1.725,1.633,0.675,1.6,2.625,0.9,1.7,2.125,1.5,0.8,0.773,0.97,0.82,1.45,0.81,0.667,0.55,0.62,1,1.233,0.933,1.038,1.178,0.75,1.05,0.84,0.8,0.833,1.21,1.113,1.025,1.042,1.014,0.767,1.233,0.967,1.033,1.3,1.2,1.35,0.9,0.75,1.022,2.988,1.067,2.622,1.525,1.01,1.44,1.045,0.825,1.375,0.925,0.925,1.24,1.34,1.325,1.629,0.7,1.212,1.433,0.944,1.014,0.683,3.038,0.72,1.65,1.029,2.214,1.029,0.9,0.7,0.75,1.6,1.567,0.775,3.05,2.175,1.433,2.45,1.033,3.3,1.28,2.64,3.02,2.5,2.967,2.233,0.733,1.067,1.48,1.133,1.1,1.05,1.1,0.9,1.133,1.467,1.067,1.2,0.933,3.933,0.733,3.34,4.017,2.4,1.85,1.7,1.32,1.8,1.28,0.943,0.54,0.833,0.92,1.1,1.16,0.871,2.814,3.1,3,3.2,2.3,2.15,1.82,2.1,1.133,1,1.7,1.1,1.333,1.083,0.8,1,1.617,4.35,1.1,1.4,1,1.15,0.925,0.9,3.075,2.025,2.625,2.188,2.8,0.567,0.45,0.825,0.6,1.6,2.75,3.1,2.45,1.1,1.95,2.5,2.15,1.35,2.85,3.45,1.05,1.8,2.15,1.433,0.8,0.867,0.7,0.6,0.7,0.7,1.05,1.3,0.65,0.667,1.05,1.3,0.95,,0.95,1.35,2.175,1.05,7.04,1.74,2,4.02,3.167,2.5,0.533,0.4,0.45,0.433,0.3,0.3,0.7,0.667,0.38,0.4,0.5,0.85,1.45,1.65,1.25,0.7,0.9,0.675,0.775,1.35,0.45,0.64,1.533,0.7,3.15,0.5,1.017,1.633,1.033,1.4,1.225,0.8,1.267,1.65,0.967,1.425,1.85,1.4,0.967,0.76,0.8,0.675,1.025,1.033,0.725,1.64,1.26,0.8,1.84,0.933,1.15,1.12,1.175,4.4,2.1,3.15,2.867,2.475,2.1,2.675,2.033,1.25,1.55,1.333,1.36,1.85,0.85,1.25,1.667,1.35,1.3,1.42,1.35,1.64,1,0.98,1.76,0.15,0.975,1.367,1.95,1.35,1.367,1.75,1.05,1.233,1.35,1.25,1.35,1.1,0.9,0.76,0.95,1.28,2.5,1.225,0.975,0.88,0.367,0.35,0.82,1.02,0.8,1.2,1.15,1.15,0.95,,0.65,1.25,0.9,1.25,0.55,0.767,0.85,0.9,0.6,1.5,0.95,0.35,,,,0.967,0.6,,2.25,1.267,1.667,0.75,0.6,1.533,1.25,0.8,0.6,0.7,0.767,0.3,1.3,1.25,1.4,1.9,1.1,1.3,0.4,0.9,1.3,0.7,0.933,0.7,1.133,2.3,2.4,1.433,0.75,0.9,1.05,2.4,1.833,0.1,0.5,1.4,2.2,1.2,0.55,1.7,1.45,1.033,1.175,1.475,1.95,1.6
20180102,7,CO_24h,1.283,1.522,1.825,3.16,0.6,2.2,1.983,0.9,1.34,1.825,1.5,2.4,2.125,1.757,1.829,0.873,1.04,1.02,2.225,0.99,1.378,1.063,0.78,1.08,1.817,1.5,1.588,1.533,1.4,1.5,1.46,0.86,1.667,1.3,1.225,0.975,1.253,1.451,1.067,1.333,1.067,0.967,1.133,1.067,1.47,0.975,0.7,1.067,2.363,1.133,2.256,1.4,1.04,1.28,1.055,0.95,1.213,1.1,1.15,1.38,1.34,1.25,1.586,0.8,1.276,1.378,0.956,1,0.733,2.946,2.08,1.775,1.314,1.929,1.143,0.967,2.45,0.8,1.125,1.1,0.725,2.2,2.325,2.133,2.45,1.833,3.1,1.68,1.98,1.96,2.2,2.767,1.6,0.967,1.667,1.62,1,1.017,1.025,1.2,0.967,1.167,1.267,1.133,1.1,0.933,2.533,1.733,3.06,3.267,2.1,1.425,1.7,1.2,2.4,1.18,1.171,0.88,1.2,1.42,1.6,1.5,0.975,2.671,3.125,2.4,2.725,1.675,1.625,1.64,1.967,1.067,1.14,1.95,1.175,1.233,1.1,0.7,1.125,1.617,3.88,0.975,1.3,1,1.183,1,0.85,2.65,2.175,2.925,1.8,2.275,0.8,0.75,1.225,0.64,1.533,2.55,1.65,2.85,1,1.7,2.25,1.9,2.2,3.3,2.3,1.25,1.65,2.15,1.767,1,1.067,0.9,0.8,1.25,1.133,1.6,2.05,1.1,0.767,1.05,1.3,0.85,,0.85,1.425,1.2,0.95,3.86,1.98,2.1,3.92,2.7,2.6,0.733,0.433,0.55,0.833,0.8,0.333,0.6,0.5,0.46,0.433,0.5,1,1.45,1.65,1.55,0.9,1.2,0.7,0.625,1.05,0.5,0.7,1.033,0.8,2.45,0.55,1.583,1.517,1.433,1.267,1,0.9,1.667,1.25,1.7,1.2,1.45,1.2,1.2,0.78,0.867,0.75,0.975,1.133,0.775,1.62,0.96,0.7,1.96,0.933,1.075,1.06,1.225,3.433,2.45,2.775,2.333,1.525,1.78,1.875,1.267,1.175,1.325,1.467,1.72,1.6,0.95,1.275,1.433,1.45,1.183,1.42,1.575,1.56,0.92,1.14,1.58,0.6,1.7,1.3,1.75,1.25,1.367,1.55,1.35,1.1,1.35,1.3,1.225,1.167,0.867,0.9,0.875,1.3,2.28,1.175,1.025,0.88,0.567,0.45,0.92,1.06,0.875,1.3,1.15,1.2,1,,0.75,0.95,0.833,1.3,0.65,0.667,0.8,0.95,0.6,1.4,1.1,0.55,,,,1.333,0.6,,2,1.767,1.6,0.95,1.1,1.433,1.7,0.7,0.7,0.8,1.4,1.1,1.1,2.1,1.7,2.1,0.6,1.3,0.7,1.3,1.1,1,1.167,0.933,1.133,3,2,1.5,0.95,1.3,2.55,3.1,2.267,0.5,0.45,1.35,1.8,1.3,0.65,1.625,1.25,1.167,1.15,1.3,2.025,1.8
20180102,8,AQI,63,59,122,86,49,136,75,32,82,81,61,80,150,111,42,58,46,53,219,44,70,55,54,58,160,79,63,60,89,61,65,54,78,120,82,106,99,87,69,115,47,106,113,75,142,67,63,72,243,69,172,142,113,141,98,98,130,114,105,135,116,153,128,54,94,148,15,52,37,291,96,123,63,135,114,99,45,44,92,77,62,295,189,57,178,61,220,150,113,284,252,308,148,54,84,124,104,124,125,81,75,156,119,97,133,28,280,33,199,253,138,66,72,133,74,99,61,26,65,53,120,97,80,184,149,163,218,252,225,235,193,110,91,137,181,128,137,31,119,154,82,94,135,125,120,26,38,327,158,98,205,303,92,67,59,36,88,243,274,71,72,98,181,125,36,165,116,65,78,105,62,59,60,60,60,78,72,71,76,70,59,105,110,141,,61,193,327,108,235,113,105,242,136,139,28,38,22,34,28,30,26,57,30,109,53,51,69,96,44,41,57,91,61,127,59,77,171,32,182,37,105,193,137,189,237,52,87,213,109,188,252,210,115,55,65,60,76,85,53,135,131,100,100,131,125,115,91,130,138,179,167,283,266,285,282,94,103,103,188,141,88,88,138,132,120,114,95,97,117,61,80,86,97,99,115,117,110,141,113,94,165,93,86,120,111,98,110,121,200,137,85,82,18,31,28,56,18,46,28,44,35,,32,73,43,33,25,25,25,25,36,77,31,32,,,,28,25,,165,70,117,89,110,112,81,79,102,78,93,92,105,62,104,106,111,78,52,34,76,33,68,63,102,100,50,106,32,201,237,137,146,56,28,147,168,156,17,235,99,74,136,83,86,48
20180102,8,PM2.5,44,39,92,59,25,103,54,22,48,55,43,58,115,72,10,39,26,29,168,25,50,38,35,33,121,52,34,40,66,42,39,31,57,90,60,79,60,64,49,86,26,79,84,54,108,48,41,52,192,37,130,108,84,107,73,73,98,85,78,102,87,116,97,35,70,113,10,20,11,240,35,82,31,102,85,74,10,17,68,56,41,244,142,39,134,43,169,115,84,233,201,257,113,28,49,93,77,93,94,59,54,118,89,72,101,11,229,11,149,202,105,47,52,101,53,74,30,14,40,36,90,72,58,138,114,123,167,201,174,184,145,82,67,104,136,97,104,17,89,117,41,70,102,94,90,18,20,276,120,54,154,228,28,20,34,24,59,192,223,41,52,73,136,94,21,125,87,32,57,78,42,29,42,30,32,57,49,51,55,50,41,78,45,107,,43,145,276,80,184,65,77,191,103,106,19,20,12,17,6,10,15,28,19,81,31,32,49,71,19,21,31,67,43,96,41,56,129,11,137,8,78,145,104,142,186,29,64,162,81,141,201,159,86,34,46,42,55,62,34,102,99,75,75,99,94,86,67,98,105,135,126,232,215,234,231,70,76,76,141,107,65,65,105,100,90,85,56,72,88,43,58,63,72,74,86,88,82,107,84,70,125,69,39,90,83,73,71,91,150,104,62,58,5,17,14,35,12,32,16,9,24,,17,40,10,21,12,17,12,14,12,56,17,3,,,,16,8,,125,33,88,66,82,71,27,55,58,37,40,34,59,33,56,66,65,56,18,23,54,6,33,27,72,75,35,79,22,70,91,104,111,8,19,112,127,57,9,184,74,53,103,61,63,28
20180102,8,PM2.5_24h,37,47,84,50,20,130,61,26,38,50,84,135,107,80,48,36,31,46,234,44,147,89,48,59,213,110,102,90,133,90,100,49,165,101,79,78,91,104,83,96,42,88,73,58,140,57,46,59,155,61,198,90,82,93,71,85,90,93,96,94,78,101,89,44,70,99,20,19,16,208,76,77,54,105,92,76,68,28,62,39,48,192,190,113,187,98,153,189,83,160,183,184,106,60,106,94,52,71,75,52,51,98,77,65,84,13,212,49,125,167,104,36,47,75,73,51,47,57,67,92,168,128,72,145,147,206,141,161,128,157,142,77,78,115,118,77,101,23,88,106,52,77,96,96,94,35,18,239,128,65,150,187,51,48,53,26,60,177,160,64,57,89,116,100,64,149,90,46,53,64,81,58,63,50,49,142,91,117,153,106,48,96,45,90,,34,100,128,60,135,114,86,181,117,116,30,21,21,39,25,9,17,28,16,43,49,52,63,69,75,38,48,49,32,70,41,52,78,17,87,14,142,165,162,117,127,46,136,153,153,122,170,113,121,50,47,49,43,76,50,89,85,70,83,94,91,84,72,112,118,214,173,157,120,159,111,70,65,75,140,84,63,70,82,93,79,95,62,80,92,89,60,79,76,80,92,93,72,95,106,67,108,70,36,81,64,77,77,92,148,100,65,52,14,30,19,70,24,45,36,20,44,,15,42,19,31,14,14,15,17,9,51,24,14,,,,42,22,,124,48,85,67,80,76,52,69,60,55,85,84,60,65,62,76,23,33,34,39,26,23,71,27,59,101,32,92,31,91,129,93,136,22,19,109,126,61,8,141,45,63,75,51,53,39
20180102,8,PM10,71,65,167,119,48,170,82,17,112,109,63,76,169,170,41,64,45,54,162,43,87,58,55,64,189,106,73,67,93,70,78,55,83,137,99,129,146,92,72,141,46,87,136,64,127,80,73,82,317,85,220,188,108,145,120,102,155,99,109,104,102,144,127,55,110,210,13,52,12,385,139,193,74,130,126,123,44,43,96,70,72,348,224,62,203,63,260,222,154,360,343,321,188,56,116,112,110,87,127,75,95,114,126,88,113,27,356,32,240,333,188,75,80,129,94,72,69,25,78,52,88,93,81,241,155,208,273,302,210,233,227,114,92,167,145,98,128,30,152,185,111,129,133,165,127,24,37,411,207,143,288,421,131,82,66,35,123,260,361,89,92,139,216,154,35,170,164,78,104,140,71,66,66,68,67,80,92,60,57,74,62,149,167,151,,60,259,368,116,307,174,158,314,180,171,27,37,21,33,17,15,25,61,29,87,54,50,69,95,43,40,62,84,64,123,47,71,171,19,283,22,123,217,151,183,237,52,88,235,125,210,274,217,134,57,60,57,75,84,53,161,191,111,126,157,159,121,120,181,182,181,239,352,330,322,335,131,108,138,191,205,106,98,167,129,131,94,138,131,134,68,108,111,96,100,123,126,104,133,108,90,160,96,120,125,107,125,167,132,200,186,95,112,8,30,27,60,14,42,27,43,31,,31,93,30,32,24,21,24,24,35,72,30,25,,,,27,21,,202,88,129,100,95,171,109,106,152,103,133,131,158,71,156,159,169,104,51,33,99,32,84,73,152,92,36,111,26,350,375,174,127,,,131,177,260,16,244,107,73,125,88,83,47
20180102,8,PM10_24h,64,79,151,109,45,214,108,47,88,97,135,195,187,191,96,58,57,93,257,47,227,139,79,94,310,215,169,125,208,141,179,96,208,160,125,132,154,152,111,155,60,124,123,96,188,93,86,109,308,125,272,166,121,125,109,102,136,115,129,112,104,130,131,67,113,204,28,40,73,387,204,158,140,137,155,154,126,91,89,54,88,299,281,192,299,151,267,308,149,276,315,260,186,103,178,121,93,79,117,78,94,111,126,108,109,30,358,90,243,284,188,59,73,109,128,54,78,55,109,113,160,178,111,254,233,272,251,263,214,217,231,114,115,185,148,94,138,38,177,194,118,132,155,244,144,52,33,415,284,171,302,400,187,169,139,36,196,260,282,146,97,153,199,176,105,215,183,104,115,127,157,115,92,107,99,170,143,150,156,136,76,166,168,146,,53,214,252,105,254,249,194,340,194,212,81,59,30,87,44,18,32,64,30,80,99,72,98,97,116,52,69,62,52,85,50,64,112,28,188,31,222,243,237,177,200,84,183,238,214,198,257,185,205,80,70,70,71,112,92,157,165,115,136,154,164,128,134,207,204,280,302,274,215,258,217,143,107,146,179,188,138,135,147,136,124,107,134,130,142,129,115,158,110,109,140,159,107,109,164,98,164,105,117,138,103,136,190,138,210,232,103,141,30,66,33,106,35,124,65,55,60,,39,104,40,59,31,23,27,27,27,87,61,88,,,,82,27,,202,137,152,120,184,176,145,154,175,215,239,232,175,121,128,151,57,60,65,70,54,55,172,97,163,144,43,124,47,378,364,196,169,37,34,120,171,278,14,218,70,94,115,72,80,66
20180102,8,SO2,11,36,21,54,35,21,26,10,24,38,23,12,29,59,20,39,41,74,73,10,12,10,18,25,30,14,11,16,18,10,9,10,13,11,16,18,9,28,14,11,6,21,12,8,14,9,17,11,61,14,46,19,12,19,8,15,22,6,12,15,11,27,17,6,16,18,11,25,6,52,17,28,58,13,16,14,13,19,67,52,8,36,41,15,14,23,58,33,22,44,26,31,17,8,14,36,19,16,17,5,11,21,18,18,17,13,35,14,50,317,126,59,39,41,38,98,31,28,12,17,14,20,14,43,35,46,37,36,51,15,24,14,7,9,39,13,40,1,7,24,144,20,36,4,7,7,15,33,65,129,29,43,4,5,36,4,5,46,26,11,20,18,21,16,9,14,19,13,8,9,11,23,17,9,12,12,17,19,12,13,14,10,18,7,,33,15,15,24,192,119,93,142,91,131,10,11,6,19,29,7,11,14,14,30,25,17,68,83,20,18,16,7,13,34,8,24,34,13,104,22,30,27,17,15,16,25,16,14,9,8,16,8,24,7,15,9,16,10,8,38,64,65,24,44,79,30,49,60,41,27,67,28,21,12,17,15,25,16,23,14,25,3,14,8,34,30,8,42,20,4,10,2,14,10,18,27,46,31,9,8,28,8,49,8,16,6,15,11,13,19,7,10,10,12,15,23,45,5,7,9,13,,10,31,13,10,18,13,8,10,6,9,8,21,,,,5,2,,24,31,36,10,7,41,31,14,46,9,28,18,23,32,13,18,30,20,10,61,26,22,40,21,42,11,20,7,13,6,7,10,98,2,26,10,11,2,6,28,82,15,30,93,94,54
20180102,8,SO2_24h,10,23,33,64,23,51,28,20,22,23,44,31,47,73,42,30,29,47,88,13,16,16,20,19,22,19,17,20,23,16,13,12,36,13,15,16,12,29,14,12,8,21,16,9,16,10,9,16,66,15,38,16,16,17,8,13,18,11,17,13,11,25,17,6,15,12,14,17,6,40,42,33,92,12,27,18,68,14,36,57,10,48,38,45,37,44,60,31,33,32,40,56,20,14,32,24,13,12,16,7,11,15,16,21,12,11,22,62,67,214,101,37,41,30,52,74,27,27,16,25,20,21,13,41,55,33,41,32,47,17,23,13,14,10,30,12,32,2,8,27,97,21,17,8,8,10,14,40,61,90,23,37,18,14,72,4,5,48,35,23,17,24,28,26,18,27,36,22,11,14,14,13,22,14,17,14,20,18,16,17,16,12,15,11,,35,14,18,14,102,116,125,142,117,142,18,14,6,24,37,8,27,9,21,20,40,18,48,59,19,16,23,9,12,26,12,20,23,18,57,23,27,24,22,16,15,20,20,14,14,10,34,15,15,8,15,10,15,11,10,34,62,50,23,36,50,29,46,55,44,40,53,19,22,17,22,13,21,16,37,14,20,3,18,9,31,23,16,33,18,15,10,5,13,17,23,24,46,25,17,8,26,9,29,10,23,11,14,14,31,16,5,10,12,14,18,23,33,6,8,7,14,,10,31,10,11,18,10,6,10,4,16,9,15,,,,7,2,,21,42,30,30,70,38,19,16,24,11,39,46,17,40,23,37,21,23,14,48,28,27,72,18,27,21,16,10,12,9,13,52,110,4,19,10,11,4,6,32,79,9,20,33,93,45
20180102,8,NO2,54,59,56,68,43,57,61,14,44,62,56,58,58,62,32,46,42,34,56,62,58,57,57,60,59,58,58,63,61,41,35,32,48,70,77,67,72,61,51,73,50,48,54,37,67,44,52,58,85,76,99,77,59,82,44,59,92,56,58,65,46,79,59,9,52,69,28,36,23,91,44,56,30,58,59,51,27,28,52,55,26,74,74,52,51,42,74,55,50,79,81,70,56,26,28,55,49,27,31,35,26,45,66,35,47,25,86,11,66,85,77,37,37,46,43,50,31,18,29,43,55,64,42,89,64,82,87,90,64,50,60,40,20,30,37,32,30,26,49,48,57,62,61,49,33,27,33,79,59,57,65,80,10,28,26,12,21,71,75,43,46,69,59,44,22,39,84,28,60,33,48,67,67,50,67,41,69,41,27,51,40,41,50,59,,33,62,72,58,68,56,74,76,49,45,35,20,17,17,20,8,16,23,15,42,42,34,49,40,27,26,17,22,15,39,27,25,45,13,72,17,61,68,61,69,72,14,73,53,48,44,38,43,71,29,28,24,43,38,20,35,52,47,28,51,45,38,36,93,110,61,102,95,66,72,78,61,51,74,70,58,50,34,56,21,48,29,34,47,43,14,28,17,31,53,56,42,61,40,38,25,26,28,67,36,46,35,49,36,38,43,29,40,12,19,37,25,29,22,20,14,24,,33,38,19,30,25,10,21,16,20,29,27,19,,,,9,17,,54,60,35,55,6,45,27,28,28,32,31,12,54,17,44,55,35,39,42,36,64,21,38,20,40,52,14,42,13,19,21,13,62,4,35,48,67,3,17,63,43,45,55,54,35,31
20180102,8,NO2_24h,47,57,66,56,29,82,68,26,43,58,70,84,74,70,49,36,40,31,87,55,66,65,45,39,65,58,68,63,67,38,41,28,53,58,71,53,46,60,40,55,26,49,37,25,52,30,26,57,93,43,91,74,60,79,27,45,73,57,65,60,41,66,66,8,57,68,32,29,16,106,70,47,39,53,63,54,51,28,40,39,22,83,76,79,81,70,86,60,59,61,79,78,65,41,52,56,25,22,24,44,21,32,55,34,44,21,81,33,71,76,80,29,36,44,49,33,26,22,34,45,48,49,47,82,79,82,75,72,59,57,62,42,32,41,42,23,29,16,51,58,62,59,51,54,44,29,17,101,70,68,68,96,14,31,35,13,28,77,66,48,30,69,57,46,44,49,67,29,47,33,45,67,53,45,67,44,55,44,46,44,23,41,37,46,,31,63,49,48,66,60,75,80,58,56,25,13,14,28,28,5,15,8,13,29,32,22,43,37,28,21,24,22,13,28,18,25,34,11,73,17,65,47,55,46,67,20,89,40,55,35,38,39,49,21,24,14,40,35,29,35,49,48,40,40,43,37,42,95,96,93,85,68,64,62,61,52,54,68,85,65,51,38,55,31,40,29,41,45,44,26,31,30,44,42,49,40,44,31,41,27,27,29,58,49,34,46,58,40,54,36,34,34,11,15,25,29,24,20,26,12,31,,21,29,16,35,14,10,12,19,18,44,37,15,,,,12,14,,53,68,41,50,20,48,29,20,40,25,38,34,50,35,41,51,24,23,23,34,32,20,41,18,35,56,26,33,15,34,43,42,62,11,29,45,50,16,12,70,28,43,36,37,30,29
20180102,8,O3,4,11,4,8,19,2,7,55,5,3,3,4,5,5,44,12,24,21,14,43,27,38,25,21,13,7,29,16,15,30,29,44,21,10,8,20,26,39,30,15,34,52,21,19,24,43,33,11,6,11,4,5,7,8,49,57,4,30,34,28,41,7,20,70,5,23,11,12,63,6,38,14,40,15,6,8,36,41,13,11,63,5,4,,3,9,5,24,19,11,7,3,6,40,22,7,36,72,60,7,65,39,19,36,11,11,10,44,8,3,7,5,26,15,10,11,29,46,20,17,17,11,7,6,6,2,6,9,20,11,3,30,46,39,23,39,23,45,7,5,10,4,35,11,32,27,8,4,13,7,8,3,53,54,36,47,52,7,6,27,46,5,11,6,40,12,2,40,5,7,38,24,24,33,26,17,20,42,41,29,27,39,58,4,,28,6,7,19,7,9,8,8,6,10,27,33,41,45,51,55,11,54,48,13,34,23,6,16,17,42,64,38,68,35,18,53,16,58,24,68,17,5,19,23,27,47,13,14,29,46,37,46,34,71,60,60,24,11,13,13,7,9,34,4,13,4,35,9,6,6,3,5,21,3,3,12,21,9,13,3,21,13,4,5,6,7,22,17,22,34,15,32,48,14,10,31,14,4,7,28,13,11,3,7,10,37,14,5,37,42,13,18,30,52,33,36,8,26,24,10,19,,4,15,78,20,18,37,23,6,49,5,15,52,,,,42,45,,6,6,28,10,68,28,51,28,46,38,48,63,1,46,42,4,58,28,22,26,20,50,14,49,40,5,53,44,31,60,44,43,19,117,32,16,4,31,16,6,9,10,14,9,12,34
20180102,8,O3_24h,52,47,39,44,58,45,42,62,52,24,45,26,53,36,64,53,55,57,40,90,109,125,97,89,80,80,110,82,99,86,87,90,121,123,110,128,108,106,129,129,105,110,103,119,110,91,106,71,56,89,59,62,61,98,125,112,121,92,92,85,104,127,73,99,16,111,31,73,97,41,130,74,78,38,55,67,63,82,60,61,115,95,81,63,74,66,89,73,72,94,63,91,93,83,42,113,156,155,151,96,150,182,134,157,158,46,91,51,78,33,40,48,51,55,41,58,70,56,57,45,114,132,74,51,54,57,69,83,60,37,16,81,68,78,83,151,78,98,100,93,48,84,139,100,59,43,90,65,82,60,75,45,68,63,79,66,73,77,92,89,109,83,71,83,71,65,75,125,78,85,133,60,89,87,74,128,108,128,120,148,89,106,122,116,,57,99,108,138,94,41,34,55,25,40,82,62,47,67,77,61,58,91,77,52,58,58,65,57,57,65,88,64,74,72,62,78,68,66,68,76,96,111,90,93,85,54,107,92,101,114,88,111,114,114,116,113,88,97,87,66,58,99,92,75,65,51,69,56,60,68,67,92,85,88,107,87,48,77,35,65,89,85,94,15,77,69,84,56,79,54,57,50,119,180,127,137,150,58,95,71,75,99,81,70,115,114,117,27,62,90,65,113,73,166,103,61,29,77,50,41,37,,81,105,98,94,72,47,47,20,90,48,49,103,,,,79,78,,96,75,55,68,79,82,94,76,97,90,103,78,74,92,94,78,87,58,73,128,84,82,54,80,100,40,75,64,49,69,92,67,36,117,58,48,51,64,40,31,65,88,180,58,61,52
20180102,8,O3_8h,5,8,4,8,34,2,7,49,4,5,3,3,5,6,51,30,36,24,15,62,32,54,45,50,16,14,35,20,27,41,37,52,34,20,13,24,47,44,56,23,68,62,39,51,51,60,49,12,7,45,7,5,9,9,84,75,9,41,24,27,63,12,14,75,8,30,17,18,73,6,47,40,41,15,7,8,53,43,19,25,73,3,5,,4,5,6,29,10,19,8,3,5,38,18,7,68,79,68,5,88,62,34,32,21,16,10,41,12,4,8,10,30,19,11,28,37,45,25,27,43,44,14,14,7,2,9,24,30,11,3,21,41,38,20,65,26,49,10,8,10,4,51,17,36,36,32,4,18,7,8,3,53,53,35,48,48,10,11,44,65,7,11,11,29,6,34,67,12,10,53,33,38,39,35,19,46,46,37,55,50,44,59,49,,30,10,15,25,12,6,12,9,5,10,55,44,41,48,55,58,19,75,53,20,40,36,10,14,22,53,63,40,71,44,31,58,23,62,28,72,20,28,42,39,42,38,17,32,40,65,46,59,48,85,67,79,29,27,9,26,13,16,40,9,17,13,33,8,12,7,7,12,28,7,11,7,21,6,12,3,21,19,4,5,20,13,22,26,40,41,17,29,27,43,23,33,18,8,10,32,23,12,5,7,38,27,23,8,38,42,19,32,34,58,53,34,16,34,33,20,21,,17,28,84,22,37,39,35,6,57,6,14,62,,,,51,49,,11,5,24,24,70,27,47,27,47,41,54,57,1,28,43,16,44,42,25,32,36,59,18,56,41,4,23,42,32,57,27,26,27,105,31,20,10,31,29,6,28,6,41,23,13,40
20180102,8,O3_8h_24h,11,12,5,8,39,2,8,49,5,11,6,3,8,8,58,40,44,29,21,66,35,59,57,67,18,18,37,24,36,45,46,61,41,31,16,27,70,51,71,30,77,68,60,98,71,78,68,14,8,70,18,5,12,14,111,90,15,44,29,29,82,28,15,77,9,33,23,25,87,6,57,60,43,16,8,10,60,47,20,36,84,4,13,,5,6,9,40,13,31,12,7,7,43,21,10,93,81,80,5,102,69,46,40,33,18,11,41,14,5,10,17,32,27,14,43,41,46,27,29,71,77,20,18,9,10,11,39,35,12,3,22,42,38,21,84,34,50,16,11,12,7,64,27,38,39,44,5,21,8,10,3,53,61,43,58,58,25,32,57,82,13,14,20,30,7,55,79,19,11,58,35,44,56,36,19,58,47,37,73,64,53,64,103,,35,16,25,60,16,6,15,15,7,11,60,49,41,51,55,61,31,86,55,30,45,45,12,17,23,56,66,42,72,51,36,63,42,63,36,74,31,53,59,53,57,38,19,40,45,80,54,75,67,96,74,90,35,41,9,36,26,30,42,22,20,23,35,10,14,7,18,25,47,10,27,10,24,7,13,3,21,25,5,7,34,16,23,33,55,47,24,29,27,65,40,38,24,11,12,36,25,14,14,7,55,29,27,16,42,48,18,41,36,62,69,36,22,45,38,27,23,,26,36,87,23,42,44,38,6,59,6,14,82,,,,64,60,,21,7,24,42,72,27,47,32,47,43,60,58,1,30,44,53,44,44,28,33,46,61,20,60,42,4,36,43,34,57,27,26,30,105,33,21,17,31,39,6,43,6,68,27,17,44
20180102,8,CO,1.675,2.328,1.713,3.167,0.86,1.65,1.633,0.65,1.8,2.9,0.933,1.733,1.85,1.6,0.825,1.064,1,0.99,1.813,0.922,0.756,0.663,0.8,1.25,1.26,1,1.043,1.178,0.775,1.075,0.9,0.86,0.967,1.32,1.325,1.1,1.117,1.094,0.767,1.5,1.167,1.067,1.367,1.233,1.42,0.925,0.8,1.111,2.914,1.456,2.656,1.567,1.07,1.418,1.109,0.825,1.425,1.075,1.1,1.26,1.42,1.525,1.671,0.725,1.335,1.556,1.022,1.271,0.68,3.123,0.82,1.95,0.857,2.286,1.057,0.917,0.8,0.85,1.625,1.733,0.8,3.75,2.375,1.433,2.2,1.033,3.35,1.32,2.05,3.7,2.35,4.033,2.533,0.7,0.867,1.54,1.467,1.1,1.25,1.267,1,1.467,1.333,1.267,1.367,1.367,3.8,0.65,3.76,4.217,2.8,2.1,1.986,1.533,2,1.88,1.071,0.62,0.9,1,1.2,1.325,1.033,2.871,2.76,2.767,3.2,2.325,2.2,1.88,2.067,1.167,1.02,1.8,1.175,1.4,1.217,0.8,1.125,1.7,5.98,1.2,1.45,1.175,1.217,0.975,1.15,3.05,2.8,2.875,2.187,2.875,0.567,0.5,0.9,0.6,1.433,2.7,3.1,1.2,1.1,2.35,3,2.35,1.45,3,4.15,1.05,1.95,2.6,1.5,0.9,0.95,0.7,0.7,0.75,0.933,1.1,1.35,0.9,0.8,1.1,1.4,1.2,,0.75,1.475,2.55,1.167,8.15,2.12,2.2,4.52,3.4,2.567,0.867,0.567,0.6,0.467,0.4,0.367,0.8,0.9,0.48,0.5,0.75,1.3,1.7,1.9,1.45,0.85,0.967,0.775,0.725,1.45,0.567,0.62,1.433,0.733,3.5,0.55,1.083,1.533,1,1.533,1.3,0.85,1.067,1.6,1.033,1.525,1.8,1.5,1.067,0.82,0.933,0.767,1.175,1.2,0.775,1.6,1.3,0.86,1.9,1.067,1.275,1.22,1.3,4.433,2.3,2.925,2.9,2.525,2.28,2.8,2.233,1.3,1.75,1.4,1.38,1.85,0.85,1.275,1.8,1.4,1.367,1.52,1.4,1.72,1.06,1.04,1.7,0.2,1.625,1.5,2.1,1.35,1.433,1.9,1.3,1.3,1.55,1.25,1.35,1.05,1.067,0.88,1.075,1.42,2.48,1.2,1.075,1,0.5,0.4,0.92,1.02,0.9,1.25,1.25,1.25,1,,0.85,1.35,0.967,1.4,0.75,0.7,1.05,1.1,0.7,1.7,0.8,0.6,,,,0.9,0.6,,2.9,1.433,1.933,0.95,0.7,1.633,1.25,0.85,0.65,1.15,0.867,0.3,1.3,0.95,1.4,1.9,0.8,1.4,1.1,1.1,2.1,0.9,0.8,0.667,1.033,2.65,1.45,1.533,0.7,0.8,1.1,1.7,1.8,,0.4,1.45,2.3,1.1,0.7,1.825,1.95,1.2,1.475,1.775,2.175,1.633
20180102,8,CO_24h,1.308,1.506,1.813,2.9,0.6,2.2,2,0.9,1.34,1.875,1.4,2.367,2.1,1.757,1.7,0.845,1.03,0.95,2.325,0.933,1.322,1.025,0.78,1.025,1.78,1.4,1.5,1.5,1.3,1.425,1.38,0.84,1.6,1.3,1.213,0.967,1.228,1.411,0.967,1.4,1.033,0.967,1.167,1.067,1.44,0.975,0.7,1.067,2.357,1.1,2.289,1.4,1.06,1.273,1.055,0.925,1.225,1.075,1.15,1.38,1.36,1.25,1.6,0.8,1.282,1.389,0.967,1,0.72,2.954,2.02,1.775,1.257,1.943,1.129,0.967,2.4,0.775,1.075,1.133,0.75,2.3,2.325,2.1,2.5,1.767,3.1,1.66,1.883,2,2.25,2.9,1.667,0.967,1.6,1.62,1,1,1.025,1.2,0.967,1.167,1.267,1.133,1.133,0.933,2.633,1.667,3.14,3.333,2.067,1.35,1.686,1.217,2.283,1.26,1.143,0.82,1.225,1.36,1.575,1.45,1.029,2.714,2.98,2.433,2.567,1.675,1.7,1.64,1.967,1.05,1.14,1.95,1.175,1.233,1.1,0.7,1.15,1.6,3.94,1,1.3,1,1.183,1,0.8,2.7,2.225,2.925,1.8,2.35,0.767,0.75,1.2,0.62,1.5,2.55,1.75,1.3,1,1.7,2.25,1.9,2.15,3.3,2.35,1.25,1.65,2.15,1.767,1,1,0.9,0.75,1.2,1.067,1.5,2,1.05,0.7,1.1,1.3,0.9,,0.8,1.4,1.3,1,3.717,1.98,2.1,3.86,2.733,2.6,0.7,0.433,0.55,0.767,0.7,0.333,0.6,0.5,0.44,0.433,0.5,0.95,1.45,1.65,1.55,0.8,1.167,0.7,0.65,1.075,0.567,0.7,1.033,0.8,2.55,0.55,1.533,1.5,1.433,1.283,1.025,0.9,1.633,1.233,1.633,1.225,1.4,1.2,1.2,0.78,0.867,0.725,0.975,1.133,0.775,1.6,0.96,0.74,1.96,0.933,1.075,1.06,1.267,3.467,2.475,2.8,2.333,1.55,1.78,1.975,1.333,1.15,1.35,1.467,1.7,1.65,0.95,1.275,1.433,1.45,1.183,1.42,1.575,1.56,0.92,1.14,1.6,0.6,1.7,1.333,1.75,1.25,1.367,1.55,1.35,1.133,1.35,1.3,1.225,1.15,0.9,0.9,0.9,1.316,2.32,1.2,1.025,0.9,0.567,0.45,0.92,1.04,0.9,1.3,1.15,1.2,1,,0.75,0.95,0.833,1.35,0.7,0.667,0.8,1,0.6,1.4,1,0.55,,,,1.333,0.6,,2.075,1.733,1.633,0.95,1.1,1.467,1.7,0.65,0.7,0.8,1.333,1.05,1.1,2,1.7,2.1,0.6,1.3,0.7,1.3,1.1,1,1.133,0.933,1.067,3,2,1.5,0.9,1.3,2.45,3,2.233,0.5,0.45,1.35,1.8,1.3,0.65,1.625,1.3,1.167,1.175,1.275,2.025,1.75
20180102,9,AQI,63,61,106,89,58,130,75,28,85,81,81,81,139,115,51,63,47,55,218,53,72,57,62,69,149,88,67,61,94,65,68,58,80,125,89,105,108,94,67,115,53,103,116,82,138,66,63,72,232,86,164,141,114,133,99,103,132,117,109,138,117,164,130,56,100,156,17,53,36,290,93,123,62,138,116,96,59,40,83,76,65,308,191,58,148,56,222,133,100,296,252,332,165,54,59,125,104,104,109,82,77,144,119,98,137,39,253,45,205,261,153,87,81,146,81,144,64,33,66,55,124,98,85,184,171,139,208,239,228,235,189,109,91,138,167,154,137,28,120,158,98,106,139,126,122,26,40,309,181,100,218,323,76,63,54,33,75,221,274,84,108,112,179,138,54,158,148,61,87,124,65,58,60,65,66,86,86,71,76,74,61,114,113,142,,39,206,324,106,238,156,131,260,153,146,37,43,32,34,29,29,25,58,39,142,53,53,78,109,55,54,62,104,55,137,56,81,167,31,206,37,97,160,137,189,244,57,85,192,114,193,259,211,126,56,65,60,76,87,56,135,130,98,108,136,125,115,92,122,136,200,153,358,272,291,287,96,110,104,179,147,96,89,147,130,124,116,94,100,121,56,81,85,103,100,132,121,113,147,116,93,158,100,81,120,119,99,110,120,196,132,78,85,22,42,33,52,22,36,47,32,23,18,33,78,42,39,48,26,34,29,37,61,43,35,,,,39,55,,167,76,124,98,77,112,87,89,102,89,95,97,117,50,109,113,105,88,58,47,179,29,63,64,94,128,39,105,32,187,266,98,138,58,34,160,171,164,53,274,154,77,132,93,114,45
20180102,9,PM2.5,44,42,79,62,28,98,54,17,48,56,59,59,106,74,13,44,26,36,167,30,52,38,37,40,114,60,35,40,70,41,38,31,58,94,66,78,69,70,48,86,29,76,87,60,105,43,41,52,181,53,124,107,85,101,74,76,100,88,81,105,88,124,98,35,75,118,11,22,12,239,38,82,29,105,87,71,14,13,61,55,39,257,143,35,113,35,171,98,69,245,201,281,125,28,30,94,77,77,81,60,56,110,89,73,104,12,202,13,154,210,116,64,47,111,59,110,34,18,39,38,93,73,62,138,129,106,157,188,177,184,142,81,67,105,126,117,104,17,90,120,61,79,106,95,92,18,18,258,136,60,167,225,21,21,27,23,54,170,223,51,80,81,135,105,17,120,113,34,64,93,41,28,40,28,33,63,51,51,55,53,36,85,46,108,,27,155,273,79,187,118,99,209,116,111,21,27,18,16,10,10,14,31,21,108,28,36,57,81,32,37,19,77,38,104,35,59,126,11,155,10,72,121,104,142,193,32,62,144,85,145,208,160,95,32,46,42,55,64,39,102,98,73,80,103,94,86,68,92,103,150,116,227,221,240,236,71,82,77,135,112,71,66,112,98,93,87,55,75,91,39,59,62,76,75,100,91,84,112,87,69,120,75,39,90,89,74,77,90,147,100,57,58,10,29,17,33,15,25,27,8,16,12,23,40,14,26,14,16,13,16,12,43,15,11,,,,20,38,,126,42,93,73,54,72,31,66,56,45,47,36,81,23,81,76,58,61,21,30,135,12,27,26,65,97,27,78,22,73,102,51,105,10,10,121,129,56,16,223,117,56,100,69,85,24
20180102,9,PM2.5_24h,38,45,84,50,20,129,62,25,39,50,81,132,108,81,46,33,31,40,223,40,138,83,45,56,211,103,96,82,124,85,94,45,159,100,78,78,90,100,79,91,38,87,73,58,138,54,46,59,158,60,200,92,83,93,71,84,90,93,96,94,79,103,90,44,71,103,19,19,16,211,74,77,53,105,92,77,65,27,60,41,47,198,186,111,187,93,156,185,83,165,185,192,107,58,101,94,53,71,75,52,51,99,78,65,86,13,213,47,127,171,105,35,46,74,71,53,43,52,56,87,162,122,70,148,145,202,145,164,132,165,144,77,78,116,119,79,102,23,88,106,51,77,97,96,95,35,18,239,131,64,151,191,50,48,51,26,60,181,165,64,83,89,116,101,61,147,92,45,54,64,75,52,58,45,45,136,86,110,143,101,44,97,45,91,,33,103,136,61,137,113,87,181,118,116,30,20,20,38,22,9,17,27,14,43,39,48,62,69,71,35,43,50,33,71,36,53,80,17,92,13,138,163,159,119,131,46,133,155,149,124,172,117,119,49,47,48,44,75,52,90,85,70,82,94,91,84,70,111,118,213,172,162,126,163,117,69,67,75,140,86,63,70,82,94,80,94,62,79,92,87,60,79,76,80,93,93,72,96,106,67,110,71,36,86,65,77,78,93,149,107,66,52,14,30,17,67,22,45,36,20,42,23,15,42,19,32,13,14,15,17,9,51,22,14,,,,42,23,,124,47,86,67,70,76,50,69,60,55,83,81,59,62,64,77,24,35,34,40,31,23,69,26,58,101,32,90,30,90,129,93,134,21,19,109,125,61,9,147,49,63,75,49,52,38
20180102,9,PM10,73,69,137,125,64,149,85,27,117,109,73,85,166,178,50,68,46,58,195,54,92,62,72,86,193,123,81,69,101,78,84,63,82,151,112,128,164,101,75,137,53,93,140,76,130,80,74,83,305,119,207,190,112,137,122,94,165,112,120,105,105,161,136,60,115,224,16,53,18,398,134,194,72,134,127,122,65,39,87,91,78,393,245,64,165,59,269,213,148,385,315,381,206,55,66,106,118,83,122,85,99,119,126,101,111,38,328,44,253,364,209,103,110,145,101,91,75,32,79,46,106,109,98,233,172,187,270,293,237,242,226,115,91,170,143,123,136,27,152,190,144,118,137,163,136,22,39,425,253,149,294,437,100,73,55,31,95,232,370,116,139,171,219,185,55,185,215,69,121,160,78,64,68,78,80,95,120,66,51,80,69,156,174,150,,30,271,372,121,323,217,175,333,207,193,36,42,31,33,14,20,24,64,38,115,53,52,88,113,58,52,72,94,54,124,60,71,185,18,296,21,119,189,139,193,249,62,81,209,124,219,276,219,157,60,64,62,81,90,59,164,168,122,130,163,163,123,125,174,172,187,228,465,336,328,333,129,117,138,187,209,127,111,170,128,133,96,135,124,139,60,101,98,101,102,136,123,104,143,115,92,166,104,109,128,132,127,168,142,203,190,87,117,21,40,32,51,17,34,46,31,20,,32,104,41,38,47,25,33,28,36,47,42,34,,,,38,56,,219,99,142,129,102,171,122,112,152,125,137,142,181,49,151,173,157,124,63,46,213,27,73,75,135,115,,107,26,321,395,144,130,,33,134,169,275,53,267,150,81,137,104,109,44
20180102,9,PM10_24h,65,73,150,108,44,212,108,47,88,96,128,190,187,192,94,54,56,87,253,46,216,129,75,92,308,204,161,116,198,135,172,87,200,159,123,132,153,147,105,143,55,123,124,96,183,90,86,107,311,123,274,169,121,126,109,101,138,115,129,112,105,133,132,67,114,210,27,40,74,389,200,161,135,134,154,153,123,88,87,56,87,307,279,187,301,145,271,304,148,282,317,270,187,101,171,121,95,78,117,79,94,112,126,109,109,29,360,88,243,289,186,58,73,107,124,52,74,50,90,110,157,172,110,255,228,268,256,267,217,226,232,114,113,187,149,93,137,38,175,193,117,132,154,241,144,52,33,416,287,170,304,405,184,166,133,36,189,264,291,146,139,152,199,177,103,214,185,103,115,127,147,105,87,101,94,166,138,140,151,130,72,165,169,146,,50,217,258,106,257,245,193,337,197,228,76,61,29,83,40,18,31,62,30,79,83,68,98,97,112,47,67,64,53,86,43,65,115,28,197,30,216,241,232,179,203,83,181,238,209,200,257,190,203,78,69,70,71,111,94,157,165,115,137,154,161,128,134,204,204,277,300,284,223,261,223,142,108,146,180,191,138,135,148,138,126,106,134,130,142,125,114,156,110,109,141,158,106,113,163,97,166,105,116,148,104,135,190,140,211,238,104,140,30,66,31,100,32,123,66,53,56,30,38,104,40,59,31,24,28,27,27,87,65,88,,,,81,27,,203,133,154,121,180,176,144,152,175,214,232,227,173,117,130,154,62,63,66,70,62,54,167,94,160,144,43,123,45,379,368,196,166,38,34,121,170,279,17,222,74,94,117,71,78,64
20180102,9,SO2,12,36,22,65,44,24,27,9,25,42,26,13,28,60,18,44,30,80,72,11,13,12,20,34,30,16,11,16,16,11,9,11,16,13,18,19,10,34,15,12,7,21,14,11,17,8,14,13,59,19,48,19,13,20,9,19,25,7,18,17,12,33,18,5,17,23,12,28,7,61,22,38,44,13,15,16,19,23,89,57,8,61,44,21,13,18,64,35,18,55,35,42,23,8,15,31,24,13,22,7,11,23,22,23,15,15,32,15,61,359,128,116,51,48,42,67,21,31,15,17,15,20,18,43,30,42,43,37,58,14,24,15,8,8,30,15,40,1,9,28,152,23,20,5,8,7,15,38,73,113,30,38,2,8,33,4,5,42,39,14,19,25,26,21,9,16,22,13,13,11,11,17,23,8,12,13,19,19,12,15,15,12,16,11,,22,15,17,37,176,157,91,163,105,195,13,13,4,20,24,7,21,21,15,33,36,18,67,102,23,20,16,8,12,37,8,24,34,15,74,17,30,26,21,15,17,25,19,18,14,8,25,7,15,8,16,11,18,11,10,42,68,47,23,47,78,34,58,34,44,15,57,27,22,14,18,16,24,18,25,17,27,6,15,7,34,32,8,37,20,6,11,2,14,14,27,26,49,44,19,8,41,8,42,12,18,8,18,11,13,24,6,11,12,10,15,23,54,5,8,8,13,27,10,57,12,11,20,10,9,11,5,10,11,25,,,,7,2,,23,38,40,12,7,44,20,17,54,12,26,40,25,22,13,24,28,21,9,36,38,23,30,25,39,15,18,8,9,9,8,9,106,2,12,13,10,2,6,25,119,13,40,58,92,31
20180102,9,SO2_24h,10,23,32,63,24,49,28,20,22,24,42,30,46,73,40,29,29,47,75,13,15,16,20,19,23,18,16,20,23,15,13,12,31,13,15,16,12,30,14,13,8,21,16,9,16,10,10,15,66,15,39,16,16,17,8,13,18,11,17,12,11,25,17,6,15,13,14,17,6,41,41,34,88,11,26,18,66,14,38,57,10,47,39,44,36,40,60,30,33,32,39,55,20,14,29,24,14,11,16,7,11,15,16,21,13,11,22,58,66,220,99,38,40,31,52,77,26,27,18,25,19,21,13,42,55,34,41,33,48,16,23,12,14,10,30,11,31,1,8,27,102,21,17,8,8,10,14,40,63,91,23,37,15,15,71,4,5,47,36,22,16,23,27,25,17,25,35,21,11,14,14,13,22,14,17,14,20,17,16,17,16,12,15,11,,33,14,17,15,103,116,125,141,119,159,16,14,6,24,36,8,27,9,20,20,38,17,49,60,18,16,22,9,12,26,11,20,23,18,57,23,27,24,21,16,16,20,19,14,14,10,33,16,15,8,15,9,15,11,10,34,60,49,23,36,50,29,54,51,43,39,53,19,22,16,21,13,21,16,36,14,21,4,18,9,31,23,15,33,18,15,10,5,13,17,20,25,46,26,18,8,27,9,30,10,23,11,14,14,30,14,5,10,12,14,18,23,33,6,8,6,14,17,10,33,10,11,18,11,6,10,4,16,11,15,,,,7,2,,21,41,30,30,127,39,19,15,26,11,35,44,18,39,23,37,21,22,14,49,22,26,68,18,28,21,16,10,12,9,14,51,107,4,18,10,10,4,6,31,81,9,20,33,93,41
20180102,9,NO2,52,56,53,67,47,48,58,14,42,64,52,46,55,61,29,43,36,30,53,59,59,58,52,63,56,52,65,60,63,39,37,20,46,72,85,64,72,64,52,73,54,56,51,45,64,47,44,59,75,81,92,74,56,78,46,67,89,60,66,65,43,81,61,11,52,71,30,37,30,94,45,67,27,60,60,45,32,30,47,58,26,82,71,49,45,37,79,56,41,77,76,74,76,20,26,52,50,26,31,44,32,45,73,37,50,28,86,14,64,86,77,36,42,48,42,48,24,18,23,38,59,64,44,87,57,69,86,85,64,55,59,45,25,35,40,29,30,15,51,47,54,62,68,53,36,32,30,84,65,57,67,79,7,42,23,14,20,70,88,56,65,78,62,48,19,38,86,26,65,35,44,66,72,44,78,43,66,44,24,55,36,32,52,62,,22,58,70,62,67,60,69,77,49,47,37,25,15,24,18,11,13,29,14,37,37,28,44,38,29,25,13,20,12,38,24,24,40,17,66,17,53,62,59,73,76,16,65,48,51,58,51,46,66,28,31,30,46,42,20,37,49,47,39,47,46,38,42,81,100,53,96,90,69,76,77,61,53,68,68,56,53,42,55,20,45,26,40,45,43,17,30,21,35,57,50,46,53,43,37,32,25,33,68,39,47,38,52,37,38,45,29,42,17,31,45,29,33,25,22,15,27,21,29,42,24,31,24,13,21,17,22,26,22,36,,,,15,33,,51,59,38,58,13,46,28,28,31,31,34,25,55,18,42,56,36,26,33,28,67,43,30,22,40,57,25,46,13,42,33,16,71,2,24,54,70,8,17,62,49,46,51,48,37,24
20180102,9,NO2_24h,47,55,66,56,30,82,67,26,43,58,69,83,74,70,46,36,39,30,82,54,65,63,45,40,65,57,68,61,66,38,41,27,53,59,72,53,47,59,39,51,27,49,38,25,52,29,27,57,93,44,92,74,61,80,28,45,74,57,65,61,42,67,65,8,57,72,32,29,15,107,69,47,38,53,63,54,50,27,40,39,21,84,76,78,80,67,86,59,58,61,80,79,65,40,49,56,26,22,25,45,21,32,55,34,45,21,82,32,72,77,81,29,36,44,49,32,26,21,27,44,47,48,46,83,78,82,76,73,60,58,61,42,31,41,43,23,29,15,52,57,62,59,51,54,44,29,16,101,71,68,69,96,13,31,34,12,27,77,68,48,54,69,57,45,42,49,67,29,47,33,44,66,52,44,67,44,54,43,44,44,23,41,38,47,,29,63,50,48,66,60,76,80,58,59,24,13,14,28,27,5,15,9,13,29,28,21,43,38,28,21,23,22,13,28,17,26,34,12,73,17,64,47,54,46,68,20,89,40,56,36,37,39,50,22,24,14,40,36,26,34,48,48,40,40,44,37,41,94,97,92,86,69,64,61,61,53,54,70,85,66,52,38,54,31,41,29,41,45,43,25,31,30,44,42,49,41,44,32,41,28,28,30,59,50,34,46,58,40,54,42,35,35,11,16,25,28,24,20,26,12,30,25,21,30,15,35,14,10,13,18,18,44,26,16,,,,12,15,,54,68,41,50,22,48,28,20,39,24,37,34,51,34,41,52,25,23,24,33,33,21,40,17,34,56,26,35,14,33,42,40,62,11,30,45,50,15,12,70,30,43,37,36,31,29
20180102,9,O3,8,14,6,11,19,7,10,57,7,4,7,6,8,7,47,19,35,27,33,48,25,39,35,21,17,12,23,18,15,33,31,63,25,13,7,25,26,35,32,15,34,44,28,17,23,44,42,18,5,13,6,6,9,13,53,57,8,32,35,33,45,9,22,76,6,21,10,10,58,6,39,7,46,14,8,18,31,36,21,13,64,4,7,3,3,18,5,29,26,11,13,4,7,47,30,11,46,74,65,10,58,48,18,51,14,8,10,39,11,4,9,7,23,19,13,17,38,49,31,21,15,13,9,7,8,3,10,13,21,10,5,29,46,37,24,49,22,65,7,6,9,5,31,9,34,22,15,4,10,8,8,3,54,34,39,45,55,8,6,20,28,7,11,8,46,14,4,42,5,10,44,28,19,39,19,17,24,41,42,26,33,50,59,5,,42,10,11,23,7,10,12,8,7,12,22,34,44,39,52,52,22,47,50,20,33,31,12,21,21,50,70,40,70,38,17,54,16,53,24,68,20,11,19,23,28,53,16,17,26,35,35,41,37,68,60,57,31,13,15,15,11,9,27,10,17,9,34,12,14,6,4,9,19,4,5,10,19,13,15,3,15,8,4,5,9,10,18,19,23,32,13,29,49,14,16,32,30,5,10,23,14,14,4,6,8,38,14,5,39,40,11,18,24,45,26,37,6,31,20,9,16,31,3,15,75,19,20,31,26,6,45,5,19,36,,,,42,24,,9,10,30,7,64,27,49,23,44,41,47,55,2,48,50,3,56,34,18,25,14,29,23,48,39,4,39,43,31,37,31,38,11,120,45,12,4,29,12,9,15,13,31,18,16,40
20180102,9,O3_24h,52,47,39,44,58,45,42,62,52,24,45,26,53,36,67,53,55,57,58,90,109,125,97,89,80,80,110,79,99,86,87,90,121,123,110,128,108,106,129,134,105,110,103,119,110,96,106,71,54,89,59,62,57,98,125,112,121,92,92,85,104,127,73,99,16,119,29,73,96,41,130,74,78,38,55,67,63,82,60,61,115,95,81,63,74,66,89,73,72,94,63,91,93,83,42,113,156,155,151,96,150,182,134,157,158,46,91,51,78,33,39,48,51,55,41,57,70,56,60,45,114,132,74,51,52,57,69,83,60,37,16,81,68,78,83,151,78,98,100,93,48,84,139,100,58,43,90,65,82,60,75,45,68,63,79,66,73,77,92,89,59,83,71,83,71,65,75,102,78,85,133,60,89,87,74,128,108,128,120,148,89,106,122,116,,57,99,108,138,94,41,34,55,25,40,82,62,47,67,77,61,58,91,77,52,59,58,65,57,57,65,88,64,74,72,59,78,68,66,68,76,96,111,90,93,85,58,107,92,101,114,88,111,114,114,116,113,88,97,83,66,58,99,92,75,63,51,73,59,60,68,67,92,85,87,107,87,48,77,34,65,89,85,94,15,77,69,84,56,79,54,57,50,119,180,125,137,150,58,95,65,75,99,81,83,115,114,117,27,59,90,65,113,73,166,103,61,28,77,48,41,37,38,81,105,98,94,72,47,47,20,90,48,48,103,,,,79,78,,96,75,56,68,79,82,94,76,97,90,103,78,74,92,94,78,87,58,73,128,84,82,54,80,100,40,75,64,49,69,92,67,36,120,62,48,51,64,40,31,65,88,180,58,61,52
20180102,9,O3_8h,5,8,5,8,32,2,7,50,5,4,2,3,5,6,52,28,35,25,33,61,31,53,42,45,17,13,34,19,25,39,35,52,32,18,12,24,41,42,52,22,66,60,35,41,45,61,45,12,6,39,6,5,9,9,76,72,9,40,24,29,59,10,15,75,8,30,15,16,70,6,46,34,41,15,7,9,50,43,20,23,71,4,5,1,4,6,6,28,12,17,7,3,5,39,20,8,62,78,66,5,82,60,31,33,18,16,10,43,12,4,8,9,30,18,11,26,37,46,32,26,36,36,13,13,8,2,8,21,28,11,3,22,42,38,21,60,24,51,9,8,9,4,48,15,36,34,28,4,17,7,8,3,54,50,35,46,48,8,8,40,35,6,11,10,32,8,28,63,10,10,52,35,35,37,35,19,42,45,39,49,47,44,58,37,,32,9,13,21,11,6,12,9,5,12,53,42,41,46,56,57,18,70,53,19,38,35,10,14,22,53,64,40,71,42,27,57,20,61,27,72,19,23,37,35,39,40,16,30,38,59,44,55,44,81,65,75,30,24,8,24,11,14,40,8,19,11,30,10,13,6,6,10,25,8,9,7,21,7,13,3,23,18,4,5,17,12,22,24,36,40,17,32,32,37,18,33,20,7,10,30,22,12,4,6,32,27,21,7,38,41,18,29,33,57,48,34,14,33,30,17,21,28,15,27,83,22,34,37,34,6,55,6,20,56,,,,48,44,,9,6,25,20,72,27,49,27,50,44,54,58,1,31,46,10,46,41,24,32,32,56,19,55,41,4,24,42,32,55,29,28,25,108,33,20,10,31,26,6,25,8,37,23,13,40
20180102,9,O3_8h_24h,11,12,5,8,39,2,8,50,5,11,4,3,8,8,61,40,44,29,38,66,35,59,57,67,18,18,38,23,36,45,46,61,41,31,16,28,70,51,71,32,77,68,60,98,71,81,68,15,8,70,18,5,13,14,111,90,15,44,30,30,82,28,16,77,9,34,23,25,87,6,58,60,44,16,8,11,60,48,20,36,84,4,13,1,5,7,9,40,14,31,12,7,8,46,22,10,93,81,80,6,102,69,46,40,33,18,11,43,14,5,11,17,33,27,15,47,41,47,34,29,71,77,20,18,9,10,11,39,35,12,3,24,43,39,21,84,34,52,16,11,12,7,64,27,38,39,44,5,21,8,10,3,54,61,43,58,58,25,32,57,46,13,14,20,32,8,55,79,19,11,58,35,44,56,36,19,58,47,39,73,64,53,64,103,,37,16,25,60,16,7,15,15,7,12,60,49,41,51,57,61,31,86,55,31,43,45,12,17,23,56,67,42,72,51,34,63,42,63,36,74,31,53,59,53,57,41,20,40,45,80,54,75,67,96,74,90,36,41,9,36,26,31,42,22,22,23,37,11,14,7,18,25,47,12,27,10,24,8,14,3,23,25,5,7,34,16,23,33,55,47,25,32,32,65,30,40,24,11,12,36,25,14,14,6,55,29,27,16,42,48,18,41,36,62,69,37,22,45,38,27,23,29,26,36,87,23,42,44,38,6,59,6,20,82,,,,64,60,,21,8,25,42,76,28,49,32,50,44,60,59,1,32,46,53,46,44,28,33,46,61,20,61,42,4,38,43,34,57,29,28,30,108,34,21,17,31,39,6,43,8,68,27,18,44
20180102,9,CO,1.658,2.256,1.775,2.7,1.08,1.475,1.733,0.625,2,2.975,0.933,1.767,1.85,1.629,0.9,1.1,0.84,1,1.857,0.967,0.778,0.725,0.86,1.475,1.22,1.067,1.129,1.238,0.825,1.1,0.96,0.74,0.967,1.39,1.513,1.1,1.267,1.154,0.833,1.5,1.233,1.067,1.467,1.333,1.43,0.9,0.775,1.067,2.757,1.689,2.622,1.633,1.16,1.391,1.118,0.85,1.425,1.175,1.175,1.32,1.5,1.775,1.743,0.7,1.4,1.838,1.167,1.357,0.833,3.215,0.92,2.3,0.671,2.443,1.057,0.917,1.05,0.875,1.55,1.767,0.8,4.55,2.375,1.433,1.85,0.933,3.85,1.3,1.65,3.72,2.2,4.433,3.233,0.7,0.667,1.58,1.65,1.1,1.275,1.567,1.033,1.6,1.433,1.367,1.6,1.833,3.667,0.85,3.78,4.15,2.817,2.525,1.929,1.817,2.1,1.825,1.086,0.64,0.875,1.02,1.275,1.425,1.2,2.829,2.5,2.333,3.067,2.4,2.2,2.075,2.167,1.233,1.06,1.825,1.175,1.433,1.217,0.7,1.4,1.833,5.86,1.225,1.55,1.25,1.317,1.075,1.2,3.1,3.425,2.9,2.375,2.975,0.467,0.8,0.6,0.64,1.367,2.9,3.6,1.1,1.5,3.8,2.9,2.7,1.35,2.35,3.65,0.95,2.2,3.1,1.567,0.9,0.95,0.6,0.85,0.8,0.867,1.1,1.35,0.8,0.867,1.1,1.6,1.35,,0.5,1.7,2.75,1.333,7.583,2.58,2.2,4.8,3.733,2.65,1,0.6,0.55,0.6,0.4,0.467,1,1,0.5,0.725,0.733,1.3,1.8,1.95,1.65,0.9,0.9,0.775,0.625,1.35,0.6,0.62,1.533,0.767,3.1,0.5,1.05,1.4,1.067,1.533,1.375,0.95,1.033,1.4,1.067,1.475,2.3,1.667,1.133,0.75,0.967,0.9,1.2,1.467,0.8,1.56,1.24,0.9,2,1.1,1.36,1.34,1.3,3.7,2.325,2.475,3.1,2.625,2.42,2.833,2.333,1.45,1.8,1.367,1.34,1.9,0.95,1.5,1.8,1.4,1.4,1.54,1.5,1.76,1.04,1.12,1.76,0.4,1.85,1.733,1.9,1.425,1.467,2.05,1.6,1.367,1.5,1.3,1.575,1.3,1.1,1,1.25,1.56,2.32,1.375,1.225,1.14,0.667,0.6,1.08,1.06,1,1.4,1.35,1.3,1.05,1.6,0.95,1.85,1.033,1.55,0.95,0.767,1.05,1.3,0.7,1.6,0.95,1.25,,,,1.133,0.6,,2.5,1.467,2.267,1.05,0.6,1.5,1.3,1.35,0.65,0.9,0.933,0.3,1.5,1,1.5,1.9,0.9,1.3,1.2,1,1.9,1.4,0.667,0.767,0.967,2.75,1.35,1.6,0.7,2,1.25,1.7,2.1,,0.45,1.5,2.4,1.2,0.7,2,2.225,1.3,1.575,1.775,2.425,1.533
20180102,9,CO_24h,1.325,1.472,1.813,2.817,0.64,2.125,2.017,0.9,1.36,1.9,1.3,2.333,2.1,1.757,1.657,0.836,1.01,0.9,2.143,0.922,1.267,0.95,0.76,1.025,1.72,1.367,1.457,1.425,1.3,1.4,1.36,0.84,1.533,1.29,1.213,1,1.203,1.391,0.967,1.3,1.033,0.967,1.167,1.067,1.41,0.92,0.725,1.078,2.357,1.1,2.378,1.411,1.07,1.282,1.055,0.925,1.213,1.075,1.15,1.36,1.38,1.275,1.6,0.8,1.282,1.413,0.989,0.957,0.717,2.946,1.92,1.725,1.214,1.957,1.143,0.967,2.275,0.75,1.075,1.133,0.775,2.4,2.3,2,2.5,1.667,3.133,1.66,1.85,2.08,2.25,3,1.733,0.967,1.533,1.62,1,1,1.025,1.2,0.967,1.167,1.3,1.2,1.133,0.967,2.7,1.55,3.14,3.4,2.067,1.325,1.657,1.217,2.183,1.225,1.114,0.82,1.1,1.28,1.525,1.375,0.971,2.729,2.975,2.433,2.6,1.675,1.725,1.75,1.967,1.05,1.14,1.95,1.2,1.233,1.117,0.7,1.15,1.6,3.98,1.025,1.3,1,1.183,1,0.75,2.75,2.325,2.975,1.813,2.35,0.733,0.75,1.125,0.6,1.467,2.55,1.85,1.3,1.35,1.7,2.2,1.95,2.1,3.2,2.35,1.2,1.65,2.15,1.7,1,0.9,0.8,0.75,1.1,1.067,1.5,1.9,1,0.7,1.1,1.3,0.9,,0.8,1.4,1.325,1,3.817,2,2.125,3.8,2.767,2.5,0.667,0.433,0.55,0.767,0.65,0.333,0.6,0.533,0.44,0.4,0.533,0.9,1.45,1.65,1.55,0.8,1.133,0.725,0.675,1.075,0.5,0.7,1.1,0.8,2.55,0.55,1.5,1.483,1.367,1.283,1.025,0.9,1.533,1.267,1.6,1.25,1.4,1.2,1.2,0.78,0.867,0.725,0.975,1.133,0.86,1.58,0.96,0.74,1.96,0.933,1.08,1.08,1.2,3.5,2.425,2.825,2.433,1.6,1.8,1.9,1.367,1.2,1.375,1.467,1.7,1.7,0.95,1.275,1.433,1.45,1.183,1.44,1.575,1.56,0.92,1.14,1.62,0.6,1.7,1.367,1.567,1.275,1.367,1.6,1.4,1.167,1.35,1.3,1.25,1.167,0.9,0.9,0.9,1.333,2.34,1.2,1.025,0.9,0.567,0.45,0.9,1.04,0.9,1.3,1.2,1.2,1,1,0.75,1,0.833,1.35,0.7,0.667,0.9,1,0.6,1.4,1.1,0.6,,,,1.333,0.6,,2.1,1.7,1.667,0.95,0.85,1.467,1.6,0.7,0.7,0.75,1.3,0.95,1.1,1.95,1.6,2.1,0.7,1.3,0.7,1.3,1.2,1,1.133,0.867,1,3,2,1.5,0.9,1.2,2.4,3,2.2,0.5,0.45,1.35,1.9,1.3,0.65,1.65,1.3,1.167,1.175,1.25,2,1.725
20180102,10,AQI,58,64,110,94,65,130,76,28,92,78,70,82,146,116,39,52,48,65,161,52,76,57,59,80,141,99,71,62,100,65,70,55,80,133,86,103,110,104,63,94,51,92,114,85,133,71,61,71,217,94,161,138,122,130,98,96,133,110,119,130,111,181,130,58,96,161,20,52,46,298,89,130,59,133,115,99,72,46,45,66,69,369,189,61,128,53,235,133,81,312,269,327,184,50,54,127,89,87,98,86,78,141,120,98,143,60,244,51,211,297,156,110,55,128,73,121,56,33,61,61,131,103,92,177,174,144,182,232,231,238,195,108,94,146,171,160,143,31,121,186,111,103,128,120,127,26,36,325,164,105,234,347,62,74,55,33,64,241,345,119,114,171,189,156,30,98,149,54,88,132,68,57,61,61,69,93,78,71,77,82,63,127,120,120,,26,250,337,111,258,227,121,274,195,136,51,44,38,38,29,29,30,67,43,72,63,58,98,122,69,57,56,117,52,138,66,81,175,31,181,37,98,157,143,193,247,60,87,153,117,191,271,213,135,54,63,59,67,89,59,137,128,89,111,137,130,120,96,124,138,203,146,285,266,283,282,94,121,106,175,150,99,94,146,132,130,122,88,103,124,55,80,91,98,110,133,120,139,161,126,94,167,113,80,119,126,104,124,122,198,150,97,89,27,55,44,50,32,40,40,29,39,,38,103,41,42,50,24,35,30,50,47,58,69,,,,74,59,,204,75,153,117,80,118,93,98,99,89,93,93,140,49,119,113,102,87,126,52,85,50,57,61,89,128,36,161,36,216,318,101,168,58,28,150,219,174,45,318,125,80,135,69,94,41
20180102,10,PM2.5,35,45,82,70,32,98,55,19,50,55,50,60,111,77,11,31,27,36,122,34,55,36,39,41,107,56,37,41,75,44,37,27,58,101,63,76,72,77,44,70,27,68,85,62,101,44,31,51,166,58,122,105,92,98,73,71,101,82,89,98,83,136,98,35,71,122,12,24,25,247,36,85,27,101,86,74,29,14,24,45,34,302,142,38,97,30,184,101,59,261,218,276,138,26,22,96,66,64,73,63,57,107,90,73,109,13,193,12,160,246,118,82,33,97,46,91,27,21,37,43,99,76,68,133,131,110,137,181,180,187,146,80,70,111,129,121,109,21,91,140,69,76,97,90,96,18,20,274,124,69,183,231,21,34,33,22,45,190,254,88,85,129,142,110,8,73,114,31,52,100,42,26,30,28,32,69,57,51,56,60,37,96,51,90,,18,199,286,83,207,176,87,223,146,103,25,22,20,21,14,7,21,41,16,45,35,40,73,92,49,22,14,88,34,105,47,59,132,15,136,10,73,119,109,145,196,33,64,116,88,143,220,162,102,29,44,41,47,66,41,104,97,65,83,104,98,90,71,93,105,152,111,234,215,232,231,70,91,79,132,115,74,70,111,100,98,92,58,76,93,38,56,67,73,82,101,90,106,122,95,70,126,84,36,89,95,77,83,92,148,115,72,62,17,27,22,32,22,22,25,12,27,,22,58,18,26,17,16,12,14,10,30,19,49,,,,46,41,,153,43,116,88,37,74,36,73,55,37,62,40,91,25,89,79,62,64,29,29,62,18,30,29,57,97,25,122,25,101,106,46,127,9,19,115,168,67,14,267,94,58,102,49,70,18
20180102,10,PM2.5_24h,39,41,85,51,21,129,62,26,39,50,76,124,109,81,45,31,30,34,222,42,129,76,43,54,207,96,90,80,115,80,87,41,151,100,75,81,89,97,73,82,35,86,73,58,134,52,45,59,163,58,199,91,84,94,71,83,91,93,96,95,79,105,90,44,71,104,18,19,16,214,72,78,50,104,92,77,66,27,58,42,47,204,183,107,185,88,160,181,81,169,201,199,107,57,96,94,53,71,75,52,51,100,79,66,87,12,215,46,129,174,105,35,44,71,67,55,39,47,59,85,156,118,68,149,146,198,152,167,136,166,146,77,77,117,121,80,102,23,87,107,51,77,97,96,96,34,18,241,133,64,154,195,48,49,47,26,60,184,172,77,85,90,116,101,58,142,92,44,53,65,69,48,41,42,42,128,82,103,133,96,42,98,46,91,,32,107,143,61,140,113,88,181,121,117,28,19,20,36,20,9,17,28,14,42,36,44,62,69,68,30,40,52,34,72,40,54,83,17,95,12,133,161,156,122,134,45,129,155,148,126,174,121,118,48,46,47,44,74,51,90,86,70,82,94,92,85,69,112,118,212,171,166,132,167,122,69,68,75,139,88,64,71,82,96,81,93,62,79,92,85,61,78,74,79,94,93,75,99,106,67,111,72,36,87,66,77,78,94,151,108,66,53,14,30,16,64,21,45,36,20,41,,15,42,19,32,13,14,15,17,10,51,22,14,,,,41,24,,125,41,88,68,68,76,49,69,61,54,80,77,64,59,65,78,26,36,33,39,33,24,67,26,56,100,32,89,30,90,129,90,132,21,20,110,127,61,9,154,51,62,77,46,50,38
20180102,10,PM10,64,72,132,135,77,164,96,21,132,104,78,97,165,180,38,51,47,78,172,52,98,62,66,107,194,145,89,72,113,78,88,57,82,167,109,129,168,109,71,124,50,101,137,93,138,89,69,89,297,136,197,190,122,141,120,103,166,105,134,105,105,178,138,63,118,230,19,51,45,412,126,208,65,137,130,122,91,45,44,80,85,474,222,70,179,53,290,184,94,418,330,392,240,49,55,111,107,70,116,104,104,123,138,115,125,68,314,50,270,389,214,114,57,160,94,113,59,32,69,52,116,106,122,227,184,174,235,289,246,257,226,117,96,175,143,119,139,30,163,219,169,135,141,170,143,25,35,428,264,157,322,456,72,95,57,32,65,262,455,185,149,234,221,259,29,132,222,56,123,143,83,61,70,70,86,103,100,80,54,88,74,169,187,126,,23,294,395,135,356,294,190,363,245,193,50,43,37,37,20,19,28,81,42,91,73,55,114,123,82,62,60,104,51,121,53,73,181,27,266,20,113,178,146,198,267,68,89,174,132,233,296,223,176,55,67,66,81,96,60,162,179,125,138,168,166,129,131,166,187,202,224,363,325,324,324,132,130,147,193,219,138,128,171,130,137,104,124,130,143,55,107,98,96,94,140,132,131,158,137,91,175,113,108,142,130,134,195,150,208,214,113,125,26,57,43,49,26,39,39,28,34,,37,153,37,41,49,23,34,29,49,44,63,79,,,,96,65,,232,98,169,152,108,183,133,135,146,125,133,134,227,48,172,173,152,112,200,52,108,49,61,70,126,122,33,109,29,360,433,150,151,23,,137,211,295,44,324,174,96,145,82,111,40
20180102,10,PM10_24h,66,66,149,109,46,210,108,46,89,96,119,180,186,192,92,52,55,80,243,48,205,117,73,91,307,194,153,113,188,127,164,80,192,158,119,140,151,143,104,140,52,122,124,96,178,89,85,106,314,121,274,171,121,127,110,100,139,115,129,112,105,135,135,67,114,211,26,38,73,391,195,164,128,133,153,152,120,86,85,58,86,317,275,181,295,138,275,299,143,287,321,279,187,98,163,121,96,77,117,80,95,112,127,111,111,30,361,86,243,292,185,57,71,106,121,54,70,47,97,108,154,168,109,255,226,264,262,270,220,228,235,114,111,188,149,94,137,37,172,194,116,132,154,237,145,51,32,418,289,170,307,416,179,165,126,36,181,266,302,163,144,153,199,177,98,209,185,100,114,125,136,99,83,95,89,164,133,136,145,125,69,166,170,146,,48,221,265,108,259,241,193,337,201,214,72,63,29,79,36,18,32,61,30,78,79,63,97,97,107,48,64,66,54,87,49,67,119,28,202,28,210,238,228,180,208,82,177,237,207,203,258,194,200,77,69,70,71,110,93,156,164,116,136,155,160,128,132,203,203,275,297,290,229,265,228,141,109,147,180,195,139,133,148,139,127,106,134,129,141,122,114,155,107,108,141,158,104,118,163,96,167,106,115,148,104,135,191,141,214,239,104,140,29,66,29,94,30,120,65,51,53,,38,106,40,60,31,25,28,28,28,86,66,89,,,,80,29,,205,120,155,122,174,175,144,149,174,209,224,220,190,112,132,155,67,65,72,69,64,54,162,92,155,144,43,121,44,382,372,195,163,38,35,122,171,280,18,227,77,95,119,69,78,68
20180102,10,SO2,13,36,22,128,48,26,31,10,30,55,28,14,29,70,17,35,28,78,70,11,14,12,20,35,32,17,12,17,19,11,11,11,17,15,19,19,13,34,15,12,7,21,14,12,15,9,8,13,47,23,51,22,15,20,9,22,28,8,24,19,13,48,18,5,17,23,17,29,9,75,21,34,35,13,17,16,24,28,65,77,8,67,47,22,10,18,73,28,16,65,42,95,29,8,13,39,24,11,17,10,12,20,26,28,16,16,31,15,76,355,159,107,75,82,57,128,17,33,10,17,17,24,23,42,29,31,43,38,64,17,28,15,9,8,37,15,40,1,10,32,116,24,19,5,8,8,13,45,69,145,32,41,3,8,61,4,4,37,54,36,22,34,29,27,8,16,22,10,12,11,12,9,19,11,14,13,20,20,13,17,15,13,25,14,,13,13,20,33,175,198,66,150,111,177,14,27,4,22,25,6,34,27,13,21,60,12,69,91,16,23,16,11,12,42,11,22,35,13,51,21,17,27,21,17,19,19,16,20,14,10,22,9,16,8,17,9,15,13,11,49,85,66,27,57,85,33,54,29,47,13,55,28,23,17,16,15,26,16,27,13,33,8,16,9,44,33,10,45,22,6,13,3,15,19,29,24,44,46,21,11,39,9,38,10,22,9,23,12,15,25,6,14,11,10,16,23,69,5,10,7,15,,20,58,12,12,18,9,10,12,4,10,11,19,,,,8,2,,26,38,34,15,10,49,17,23,55,10,24,31,30,24,13,20,39,21,12,67,52,25,21,23,41,19,17,10,9,11,8,10,106,4,13,14,10,2,7,26,314,12,44,44,65,19
20180102,10,SO2_24h,11,23,32,66,24,47,29,20,22,26,39,28,44,73,38,29,29,46,73,13,15,16,19,20,24,18,16,20,23,15,13,12,24,14,15,15,12,30,14,11,8,21,16,9,15,10,9,15,68,15,40,17,16,17,8,13,18,11,17,12,11,26,16,5,15,14,14,18,6,43,39,35,83,12,25,18,56,15,39,58,9,48,39,42,34,37,60,30,32,33,36,56,20,13,27,24,14,11,16,7,11,15,17,21,12,11,22,56,64,223,98,41,40,32,52,78,25,27,14,24,19,22,13,42,53,34,41,33,50,17,22,13,13,10,31,12,32,1,8,27,104,20,17,8,7,10,14,41,64,94,22,42,13,14,70,4,5,46,36,29,17,23,25,24,16,24,31,20,11,13,14,13,19,13,17,14,20,17,16,16,16,12,16,10,,31,14,16,15,103,117,123,140,119,143,16,14,6,24,34,7,28,10,19,20,39,16,48,60,17,16,21,9,13,27,11,20,24,18,55,23,26,24,21,15,15,18,19,14,14,9,31,16,15,8,14,8,15,11,10,34,60,50,22,37,50,29,55,52,43,39,52,20,22,16,21,13,22,16,35,14,21,4,18,9,31,23,14,33,18,15,11,5,13,17,20,25,37,27,18,8,28,9,31,9,21,11,15,14,30,15,5,10,11,14,17,23,35,6,8,6,14,,10,34,10,11,17,11,6,10,4,15,11,15,,,,7,2,,22,35,30,30,115,39,17,15,27,10,34,41,22,38,22,37,22,22,14,50,24,27,66,17,29,21,16,10,11,9,14,44,105,4,19,10,10,4,6,31,90,9,21,32,92,42
20180102,10,NO2,46,50,47,64,44,45,55,12,43,64,47,49,54,60,26,33,31,27,45,49,63,56,50,59,54,51,67,60,63,36,32,17,41,76,80,66,70,70,39,54,28,59,42,50,66,50,28,59,60,83,86,77,53,75,42,63,82,50,71,59,40,89,66,12,52,71,32,34,39,95,40,56,20,62,60,43,36,29,32,51,24,93,70,44,38,32,77,51,34,73,79,75,91,16,19,48,39,21,24,50,30,41,75,37,61,32,77,10,65,84,79,39,39,51,41,50,16,17,23,34,60,56,48,83,49,59,79,81,62,60,59,45,31,33,37,25,32,11,54,50,57,63,65,53,37,37,22,84,64,60,67,83,9,40,20,18,26,67,98,78,72,97,65,45,15,26,48,16,58,35,46,46,68,51,66,21,64,43,24,53,30,55,48,72,,12,58,73,53,74,60,66,82,51,49,34,18,12,20,13,8,14,30,10,25,30,14,44,41,19,21,9,20,16,33,27,20,37,14,53,16,34,59,60,71,72,15,63,46,49,56,49,48,63,24,28,22,32,44,19,35,49,51,44,32,46,38,40,68,90,47,87,88,66,78,72,58,59,72,63,51,58,47,56,19,47,30,42,51,41,16,30,29,33,53,38,40,52,45,37,35,26,35,67,41,41,41,59,38,38,42,29,38,15,31,45,34,36,28,26,14,29,,34,44,29,34,14,12,18,19,20,29,26,32,,,,18,62,,56,50,44,56,11,44,22,27,28,26,29,22,66,18,34,57,33,21,36,46,56,31,24,25,36,58,33,51,15,44,35,17,76,17,25,46,78,17,20,64,43,43,49,33,32,19
20180102,10,NO2_24h,47,53,65,57,31,81,67,26,43,58,67,84,73,70,44,35,38,29,79,53,63,61,45,41,66,57,67,63,66,37,40,26,52,59,72,62,47,59,38,41,26,50,38,26,53,30,27,58,92,44,92,78,61,81,28,46,75,57,66,61,42,69,66,10,57,72,32,29,15,108,68,48,37,53,63,54,46,27,40,41,22,85,76,76,78,64,86,59,57,61,80,80,66,39,47,56,26,21,25,45,21,32,56,35,45,21,82,31,71,78,81,29,35,44,48,33,25,21,32,42,47,44,46,84,77,81,78,73,60,58,61,42,31,41,43,25,29,15,52,57,62,59,50,54,43,29,16,102,72,69,69,95,12,31,33,12,26,76,69,62,56,69,57,45,40,48,65,29,47,33,43,65,50,44,68,43,54,42,42,43,22,42,38,48,,28,63,51,49,67,60,76,81,59,57,23,13,14,27,24,5,15,10,12,28,28,20,43,38,27,21,22,22,13,28,19,26,35,12,72,17,63,48,54,46,69,20,86,40,57,35,37,40,50,22,24,14,40,36,27,34,48,49,40,40,43,37,41,94,97,91,86,69,64,64,61,54,55,70,84,67,53,39,55,31,41,28,41,45,42,25,32,31,42,42,49,41,42,33,41,28,28,30,59,49,33,46,59,40,54,41,35,35,11,17,25,27,24,20,26,12,30,,21,30,15,35,13,10,13,18,18,43,26,16,,,,11,17,,54,66,41,51,20,48,27,20,38,24,36,33,55,33,40,52,26,22,24,34,34,22,39,17,33,56,27,36,14,33,42,38,62,11,30,45,51,15,12,70,31,44,37,36,31,29
20180102,10,O3,15,19,10,15,26,10,14,59,9,7,13,10,11,11,50,33,42,34,35,60,25,45,42,28,25,16,25,20,17,40,45,68,34,19,14,29,31,32,50,40,67,41,40,21,19,42,59,28,4,20,10,6,12,20,66,70,21,58,48,52,61,15,24,84,6,24,10,16,54,7,47,20,56,14,14,26,31,36,37,20,69,5,16,9,6,26,6,38,33,12,18,6,7,54,41,25,72,89,83,26,64,67,17,67,33,8,11,48,17,5,11,12,31,23,21,20,47,53,33,31,19,22,11,11,11,7,16,17,26,10,5,32,41,40,33,71,27,77,7,9,11,5,35,16,36,16,27,4,12,9,11,3,49,32,43,39,56,8,7,13,28,9,15,19,52,27,32,51,14,16,43,46,23,36,39,25,28,45,45,32,42,43,64,7,,54,14,15,48,9,11,21,10,6,12,27,36,49,46,52,60,35,49,54,32,39,44,19,23,30,54,73,44,67,41,25,60,21,56,25,67,24,14,20,24,30,43,24,19,29,38,36,47,33,74,65,76,52,29,17,22,18,19,25,17,22,15,38,13,17,9,7,12,25,9,6,15,19,10,22,5,11,8,5,6,17,14,16,20,31,32,17,25,61,33,45,55,43,5,13,22,20,17,7,7,10,36,11,5,41,42,13,19,27,46,29,51,4,31,17,10,13,,6,27,71,15,30,37,32,6,46,6,19,52,,,,40,10,,11,21,31,11,69,31,55,22,50,49,51,52,1,48,60,6,64,35,21,31,20,40,28,45,45,4,27,43,32,35,28,40,9,97,47,17,4,22,19,13,21,20,55,34,31,50
20180102,10,O3_24h,52,47,39,44,58,45,42,63,52,24,45,24,53,36,67,53,55,57,54,92,109,125,97,89,80,80,110,82,99,86,87,90,121,123,110,120,108,106,129,115,105,110,103,119,110,96,106,71,53,89,59,68,55,98,125,112,121,92,92,86,104,127,66,106,16,119,28,73,96,41,130,74,78,38,55,67,62,82,60,61,115,95,81,63,74,66,89,73,72,94,55,91,93,83,44,113,156,155,151,96,150,182,134,157,158,46,91,53,78,33,39,48,53,55,41,57,70,56,57,45,114,127,74,51,52,57,55,83,60,37,16,81,68,78,82,146,78,98,100,93,48,84,139,100,55,43,90,65,82,60,75,40,68,63,79,66,73,77,92,84,62,83,71,83,71,65,75,98,78,85,133,60,81,87,74,128,108,128,120,148,89,106,122,116,,57,99,108,138,94,41,34,55,25,40,82,62,49,67,77,63,58,91,77,52,59,58,65,57,57,65,88,64,74,72,62,78,68,66,68,76,96,111,90,93,85,50,107,92,101,114,88,111,114,114,116,113,88,97,83,66,58,99,92,75,63,51,66,56,60,68,67,92,85,88,107,86,48,77,35,65,89,85,94,15,77,69,84,56,79,54,56,50,133,180,125,137,149,58,95,65,75,99,81,83,115,114,117,27,59,90,65,113,73,166,103,69,28,77,47,41,36,,81,105,98,94,72,47,47,20,90,48,48,103,,,,79,78,,96,63,56,68,79,82,94,76,97,90,103,78,72,92,94,78,87,58,73,128,84,82,54,80,100,40,75,64,49,69,92,67,36,120,63,48,51,64,40,31,65,88,180,58,61,53
20180102,10,O3_8h,5,9,5,9,31,3,8,52,5,4,4,4,6,7,51,27,35,25,30,61,30,52,40,40,18,13,34,19,22,39,35,53,32,17,12,21,36,40,49,47,64,57,32,32,40,56,45,15,6,33,6,5,10,10,71,71,11,45,27,33,57,9,17,81,7,29,14,16,67,6,46,29,44,15,8,12,42,41,21,21,69,4,6,1,4,9,6,29,15,15,11,4,5,43,21,10,60,80,68,8,78,60,28,37,19,15,10,45,12,3,9,9,31,18,12,22,38,47,27,26,31,31,12,13,8,2,9,18,28,11,3,24,42,40,23,57,24,56,8,8,9,4,44,14,36,32,26,4,16,7,8,3,54,47,36,45,48,8,6,21,33,7,12,10,35,10,25,60,11,11,51,37,28,35,36,20,38,45,41,45,46,43,58,30,,34,9,13,22,9,7,13,8,5,10,48,41,43,46,57,57,20,66,53,18,37,35,11,16,23,52,66,40,70,41,29,56,19,60,26,72,19,19,33,33,37,34,17,27,36,56,43,53,41,79,66,72,34,23,10,22,11,13,38,8,19,10,30,9,15,7,5,9,23,7,6,8,20,8,14,3,23,16,4,5,15,12,22,23,34,38,14,31,43,34,22,36,24,7,11,28,22,13,4,6,27,28,20,6,38,40,17,27,32,55,43,36,12,32,28,15,20,,12,26,81,21,33,37,33,7,54,6,20,56,,,,45,40,,8,9,26,18,71,28,52,26,51,45,52,59,1,34,51,6,49,40,23,32,28,54,20,54,42,4,26,42,32,53,32,30,23,108,36,20,8,30,24,7,23,10,36,24,14,43
20180102,10,O3_8h_24h,12,12,6,9,39,3,9,52,6,11,5,4,8,9,62,40,45,30,36,66,35,59,57,67,19,18,38,24,36,45,46,61,41,31,17,25,70,51,71,54,77,68,60,98,71,81,68,16,7,70,18,5,13,15,111,90,16,46,31,33,82,28,18,83,9,34,23,25,87,6,59,60,46,16,8,13,59,49,21,36,84,4,13,1,5,9,9,40,16,31,22,7,8,49,23,11,93,82,80,8,102,69,46,41,33,18,11,45,15,5,11,17,33,28,15,47,41,47,28,30,71,74,20,18,9,10,10,39,35,12,3,25,43,40,23,78,34,57,16,11,12,7,64,27,38,39,44,5,21,8,10,3,55,61,44,58,58,25,32,31,47,13,14,20,35,10,55,79,19,12,58,37,40,56,37,20,58,47,41,73,64,53,64,103,,38,16,25,60,16,7,16,15,7,11,60,49,43,51,59,61,31,86,55,31,43,45,13,18,24,56,69,42,72,51,36,63,42,63,36,74,31,53,59,53,57,36,20,40,45,80,54,75,67,96,74,90,39,41,10,36,26,32,42,22,22,23,37,10,15,7,18,25,47,10,27,11,24,8,16,3,23,25,5,7,34,16,24,33,55,47,20,33,43,65,32,45,29,11,12,36,25,14,14,6,55,29,27,16,42,49,18,41,36,62,69,39,22,45,38,27,23,,26,36,87,23,42,44,38,7,59,6,21,82,,,,64,60,,21,11,26,42,76,28,52,32,51,45,60,60,2,34,51,53,49,44,28,33,46,61,20,61,43,4,40,43,35,57,32,30,30,108,38,21,17,31,39,7,43,10,68,28,18,47
20180102,10,CO,1.383,1.883,1.514,4.483,1.08,1.425,1.917,0.625,2.12,3.1,0.833,1.75,1.85,1.529,0.914,0.827,0.81,0.93,1.288,0.95,0.789,0.712,0.84,1.375,1.16,1,1.175,1.163,0.85,1.125,0.94,0.68,0.933,1.4,1.313,1.1,1.292,1.194,0.85,1.3,1.067,0.967,1.333,1.367,1.45,1.02,0.65,0.989,2.637,1.367,2.756,1.75,1.18,1.373,1.136,0.825,1.475,1.075,1.225,1.3,1.42,1.75,1.763,0.7,1.435,1.888,1.311,1.229,1.15,3.346,0.62,1.925,0.514,2.443,0.986,0.867,1.78,0.9,0.675,1.367,0.75,4.05,2.2,1.7,1.8,0.9,3.683,1.14,1.033,3.28,2.3,3.733,2.867,0.567,0.533,1.42,1.367,1.067,1.025,1.4,1.033,1.3,1.533,1.367,1.833,1.4,3.5,0.717,3.54,4.3,2.967,2.575,1.714,1.85,1.867,1.775,1,0.62,0.7,0.88,1.25,1.24,1.2,2.786,2.433,2.167,2.825,2.325,2.225,2.04,2.1,1.233,1.06,1.75,1.175,1.4,1.267,0.65,1.425,1.833,5.075,1.25,1.525,1.4,1.367,1.125,0.95,3.25,2.65,3,2.663,2.9,0.567,0.95,0.65,0.78,1.333,3.25,3.75,2.35,1.35,3.95,2.7,2.3,1.15,1.8,1.5,0.9,2,2.25,1.9,0.8,0.933,0.7,0.75,0.75,0.833,1.1,1.3,0.8,0.767,1.2,1.6,1.25,,0.3,2.05,3.025,1.267,7.817,2.5,1.875,4.74,2.8,3,1.033,0.5,0.45,0.567,0.4,0.4,0.6,1.1,0.44,0.425,0.633,0.9,1.5,2.2,1.4,1.05,0.867,0.8,0.6,1.3,0.7,0.6,1.433,0.767,2.5,0.5,1,1.3,1.05,1.533,1.375,0.833,1,1.233,1,1.425,2.5,1.767,1.1,0.68,0.867,0.767,1.033,1.5,0.8,1.74,1.22,0.9,2.06,1.3,1.18,1.24,1.2,3.033,2.6,2.15,3.033,2.625,2.42,2.75,2.4,1.375,1.9,1.333,1.26,1.8,0.95,1.65,1.9,1.45,1.467,1.58,1.475,1.92,1.02,1.16,1.7,0.467,1.267,1.633,1.433,1.1,1.35,2.05,1.5,1.467,1.5,1.3,1.825,1.3,1.067,1.14,1.275,1.7,2.175,1.375,1.35,1.08,0.7,0.5,1.1,1.12,1.1,1.4,1.3,1.3,1,,1.25,1.75,1,1.65,0.75,0.7,0.9,1.25,0.7,4.6,1.05,1.4,,,,1.367,0.8,,2.55,1.45,2.133,1.05,0.65,1.5,1.3,1.3,0.6,0.85,0.933,0.35,2.15,0.9,1.3,1.9,1,1.3,1.4,2.2,1.4,1.4,0.633,0.833,0.967,2.9,1.65,1.867,0.7,1.1,1.4,1.7,2.333,0.5,0.55,1.4,3.3,1.3,0.7,2.275,2.8,1.2,1.6,1.1,1.975,1.3
20180102,10,CO_24h,1.342,1.439,1.813,2.9,0.64,2.1,2.033,0.9,1.38,1.975,1.167,2.25,2.1,1.757,1.6,0.791,0.99,0.85,2.075,0.92,1.189,0.912,0.72,1.025,1.7,1.3,1.425,1.411,1.2,1.325,1.28,0.76,1.5,1.26,1.213,1,1.203,1.351,0.933,1.3,1.033,0.967,1.167,1.067,1.39,0.92,0.725,1.067,2.425,1.067,2.389,1.45,1.08,1.309,1.064,0.925,1.238,1.075,1.15,1.36,1.38,1.3,1.638,0.78,1.306,1.438,0.989,0.971,0.717,2.962,1.8,1.725,1.1,1.971,1.143,0.967,2.08,0.75,1.075,1.167,0.775,2.45,2.275,1.933,2.5,1.567,3.133,1.64,1.767,2.1,2.333,3.033,1.767,0.933,1.4,1.64,1.033,1,1.025,1.2,0.967,1.167,1.3,1.2,1.133,1,2.767,1.467,3.16,3.433,2.1,1.35,1.629,1.2,2.1,1.275,1.057,0.78,1.075,1.18,1.5,1.36,0.957,2.757,2.925,2.4,2.85,1.7,1.725,1.7,2.033,1.05,1.14,1.925,1.175,1.25,1.1,0.7,1.15,1.6,4,1.025,1.3,1.025,1.183,1,0.75,2.725,2.35,2.975,1.875,2.4,0.7,0.75,1.075,0.6,1.5,2.55,1.95,2.35,1.3,1.75,2.2,1.95,2.05,3.15,2.2,1.15,1.65,2.1,1.7,0.9,0.933,0.8,0.75,1.1,1,1.4,1.85,0.95,0.7,1.1,1.3,0.95,,0.75,1.4,1.425,1,3.867,1.96,2.125,3.76,2.767,2.667,0.667,0.433,0.55,0.733,0.6,0.333,0.6,0.567,0.44,0.325,0.5,0.85,1.45,1.7,1.45,0.75,1.067,0.725,0.675,1.075,0.567,0.7,1.133,0.8,2.5,0.55,1.45,1.45,1.333,1.283,1.025,0.867,1.433,1.267,1.533,1.25,1.5,1.2,1.2,0.76,0.833,0.725,1,1.133,0.88,1.56,0.96,0.74,1.94,0.933,1.08,1.08,1.175,3.367,2.375,2.775,2.433,1.675,1.84,2.05,1.367,1.2,1.375,1.467,1.68,1.75,1,1.275,1.4,1.45,1.2,1.44,1.575,1.56,0.92,1.14,1.64,0.567,1.633,1.367,1.567,1.275,1.2,1.65,1.4,1.167,1.35,1.3,1.25,1.167,0.9,0.88,0.9,1.333,2.36,1.2,1.025,0.9,0.567,0.45,0.86,1.04,0.9,1.3,1.2,1.2,1,,0.7,1.05,0.9,1.35,0.7,0.667,0.9,1,0.6,1.55,1.1,0.6,,,,1.333,0.6,,2.1,1.475,1.667,0.95,0.85,1.467,1.5,0.65,0.7,0.75,1.267,0.95,1.45,1.85,1.6,2.1,0.7,1.3,0.7,1.3,1.2,1,1.133,0.833,0.967,3,2,1.5,0.9,1.2,2.3,2.8,2.133,0.5,0.45,1.35,1.9,1.3,0.65,1.65,1.35,1.167,1.2,1.225,1.95,1.667
20180102,11,AQI,44,60,111,92,58,133,75,27,81,72,67,80,131,120,34,41,46,61,126,51,81,57,58,79,130,88,71,63,103,71,71,52,77,136,78,105,108,109,58,86,40,76,100,83,135,76,57,69,226,98,158,132,126,117,93,94,133,100,114,116,99,182,130,60,104,157,28,50,64,300,87,128,54,125,113,97,76,54,42,57,63,363,203,62,106,52,212,113,58,323,275,307,172,40,83,125,74,89,83,85,75,137,128,86,144,42,242,52,212,299,172,120,46,85,66,89,53,35,48,56,137,103,97,182,149,157,186,224,234,249,193,117,91,137,153,127,160,34,128,208,119,116,131,120,132,26,36,340,179,111,243,347,61,85,58,35,58,255,360,115,119,236,223,117,29,68,109,49,57,94,68,57,61,65,63,104,73,77,77,82,60,136,124,71,,23,284,325,93,266,271,120,306,142,168,76,37,37,46,30,29,30,71,47,53,63,49,99,137,74,60,58,126,47,142,71,76,174,31,133,36,87,161,142,191,249,61,96,132,111,182,239,207,137,57,62,59,64,93,60,135,131,92,116,142,138,122,96,116,131,171,142,276,261,277,291,98,130,106,181,142,106,100,146,132,139,130,90,109,115,55,81,91,99,103,116,117,110,161,135,100,175,126,86,121,122,113,137,117,211,149,108,91,28,55,44,58,36,44,50,34,43,,67,96,50,65,52,28,26,39,23,59,66,66,,,,110,80,,230,77,154,120,83,111,94,105,92,69,90,86,135,46,113,121,98,92,74,168,61,52,56,68,92,136,35,125,40,196,387,109,182,57,30,146,268,187,45,331,105,81,127,51,66,34
20180102,11,PM2.5,25,42,83,65,30,101,54,11,43,52,48,57,99,81,7,21,23,33,95,34,59,38,36,37,98,59,40,42,76,51,39,26,56,103,57,78,70,81,38,63,24,55,75,61,102,46,26,48,175,61,120,100,95,88,69,70,101,75,85,87,74,137,98,35,77,119,18,23,26,242,34,83,22,94,84,72,41,19,22,25,30,312,152,37,72,26,161,84,40,272,224,256,130,19,39,94,53,66,61,62,54,104,97,63,110,13,191,10,161,248,130,90,25,47,29,66,23,22,27,39,104,76,72,137,114,119,140,173,183,198,145,88,67,104,116,96,121,23,97,157,80,87,99,90,100,15,19,289,135,67,192,237,19,46,30,24,36,204,257,85,89,185,172,86,9,37,76,23,22,70,41,27,40,28,31,77,46,56,56,60,39,103,53,51,,16,233,274,69,215,220,87,255,108,127,34,16,15,21,12,5,15,51,12,27,36,34,74,104,53,42,9,95,30,108,51,55,131,12,101,6,64,122,108,143,198,40,71,100,83,137,188,156,104,27,43,38,43,69,42,102,99,66,87,108,105,92,71,87,99,129,103,225,210,226,240,73,98,79,136,108,79,75,111,100,106,98,63,81,86,38,58,67,74,76,87,88,82,122,102,75,132,95,40,91,92,84,104,88,160,114,80,64,15,35,20,40,25,11,33,18,30,,34,60,22,46,24,19,9,18,16,41,22,47,,,,55,58,,179,51,117,90,27,80,43,66,56,38,42,39,96,21,79,82,60,68,45,127,41,24,24,34,58,103,24,94,28,77,134,58,137,28,20,111,217,61,17,280,64,59,96,27,11,15
20180102,11,PM2.5_24h,39,38,85,52,21,128,62,26,39,50,71,119,109,82,42,30,29,30,210,36,120,68,42,58,199,89,83,75,106,74,79,38,142,99,72,78,88,93,67,87,34,84,72,58,131,53,44,58,165,55,196,92,85,94,71,82,90,92,95,96,79,107,91,43,72,104,18,18,16,216,69,78,47,104,93,77,62,26,58,42,46,211,181,103,184,83,163,176,82,173,203,205,106,55,87,94,53,70,75,52,51,100,80,66,89,12,217,43,132,177,105,36,43,67,62,57,35,43,51,81,150,111,67,151,146,201,152,169,141,172,146,77,77,117,121,79,103,23,88,109,50,77,97,95,97,33,17,243,135,64,157,197,46,49,44,26,58,185,178,61,86,93,117,101,55,137,89,43,51,64,63,43,49,38,39,119,76,95,122,90,40,99,46,90,,31,112,151,62,142,114,88,187,120,118,28,18,20,34,17,9,17,29,14,42,33,39,61,70,63,28,38,55,34,74,40,55,86,17,96,11,129,158,153,123,138,45,124,155,143,127,166,125,116,47,45,46,44,73,51,90,86,71,82,96,92,85,70,112,117,210,168,170,137,172,128,69,70,75,139,90,65,71,83,97,82,93,62,78,91,83,61,79,75,78,94,93,73,100,106,67,112,73,35,87,67,77,79,95,153,108,67,53,14,30,15,61,21,44,37,20,39,,15,43,19,33,13,14,15,18,10,51,22,13,,,,41,23,,127,41,89,69,79,77,49,69,61,54,77,74,66,56,63,79,28,38,30,42,33,24,65,25,54,100,32,89,29,90,126,89,132,21,20,110,130,62,10,161,56,62,78,45,48,35
20180102,11,PM10,43,67,138,132,63,155,96,16,110,92,73,108,157,188,33,40,45,69,151,50,106,62,64,105,169,123,89,74,119,82,89,52,72,171,99,128,164,119,63,110,39,84,123,99,131,100,61,86,269,144,198,160,122,134,112,98,161,100,136,97,109,179,137,68,113,230,27,49,76,419,121,204,55,156,129,126,99,56,41,62,73,462,214,72,159,52,250,167,48,406,353,356,253,39,113,110,84,74,103,101,94,128,152,110,122,41,289,52,278,389,230,126,45,117,80,124,53,34,47,55,136,108,130,224,156,188,243,291,240,271,235,125,89,168,160,,143,33,180,242,186,144,148,166,154,25,35,446,270,169,346,456,69,118,63,34,64,269,467,178,159,275,235,181,28,84,166,48,61,123,84,62,69,78,74,94,93,79,53,91,68,206,196,79,,22,352,417,120,338,276,187,405,199,212,99,36,36,45,12,18,19,85,46,54,73,46,113,138,92,54,64,102,46,119,49,68,192,25,178,21,94,177,145,204,267,70,103,146,129,216,262,224,171,61,72,65,75,106,66,164,176,131,144,170,178,134,130,159,210,174,232,358,316,320,327,137,145,152,202,219,152,145,175,134,155,112,128,141,140,50,109,98,99,84,113,123,145,157,156,97,199,114,119,152,135,149,216,152,217,209,128,129,27,57,43,59,34,43,49,33,39,,82,139,49,33,51,25,25,38,21,54,80,76,,,,168,90,,283,102,177,164,114,170,136,158,132,86,127,120,217,45,174,190,143,111,95,165,70,51,60,83,131,149,,122,34,339,488,166,167,51,29,123,270,321,44,357,157,80,154,50,79,33
20180102,11,PM10_24h,65,60,149,109,47,209,108,45,89,95,112,173,185,193,88,50,53,75,224,46,194,103,71,99,300,183,144,107,178,120,156,75,183,157,115,131,150,138,97,139,50,119,123,96,175,91,84,105,312,118,271,168,121,128,110,100,137,114,129,113,105,138,135,66,114,212,26,37,74,393,189,166,121,133,153,151,115,84,84,59,85,327,271,174,285,130,277,292,142,292,324,288,187,94,162,121,96,76,116,81,95,113,129,111,112,29,362,83,244,294,184,60,69,101,114,57,65,46,86,102,152,162,108,255,223,268,262,272,222,235,236,114,110,189,150,90,137,37,171,197,116,132,153,232,146,50,32,420,291,169,310,412,172,165,118,36,172,265,311,134,147,155,199,176,93,202,181,97,110,125,128,90,80,91,84,158,127,131,139,119,67,169,171,143,,46,228,274,109,261,236,193,328,201,214,69,67,29,75,33,19,31,60,30,77,76,57,96,98,102,45,63,68,54,89,49,68,123,28,204,26,203,236,225,181,211,84,169,234,203,203,267,198,197,76,69,68,71,108,91,155,164,118,136,153,160,128,131,201,203,271,294,294,235,270,233,140,111,147,181,199,139,131,149,141,129,106,134,130,141,119,114,153,109,105,140,157,106,123,163,96,168,107,116,150,105,136,193,142,218,238,105,139,28,67,28,89,29,117,65,49,51,,37,105,39,60,31,25,28,29,16,84,65,89,,,,80,32,,206,118,157,124,175,173,142,148,173,205,218,212,193,107,130,158,71,68,70,72,65,53,156,90,152,144,44,120,43,383,375,189,162,38,36,122,174,283,20,234,86,95,121,66,76,60
20180102,11,SO2,10,34,27,183,48,26,35,9,30,63,29,16,30,86,18,21,19,41,48,10,15,12,21,42,33,19,12,17,20,13,11,11,17,15,19,21,16,31,12,15,9,18,13,15,18,9,3,14,90,26,51,23,16,22,10,22,24,9,19,20,13,42,19,5,14,23,19,24,7,64,27,29,30,12,21,16,17,36,57,46,8,83,59,25,13,16,72,29,17,48,49,48,28,7,16,43,18,11,14,11,13,25,25,22,25,13,21,14,77,365,150,67,58,40,39,232,16,23,13,29,17,27,23,43,30,25,51,40,55,17,28,11,10,6,33,12,45,1,10,32,126,26,19,7,9,10,13,49,79,111,39,42,3,11,44,3,5,39,65,22,26,43,35,216,8,16,17,12,9,14,12,7,25,12,16,14,20,27,16,20,15,12,21,12,,17,14,25,25,171,126,55,177,134,180,12,13,5,10,26,6,88,41,12,20,64,47,30,72,12,18,10,15,11,41,17,20,37,11,44,26,21,28,20,19,21,23,17,18,11,9,26,19,16,8,15,14,14,15,9,54,87,75,33,62,105,67,35,23,47,15,57,32,25,18,19,15,25,18,26,12,33,7,20,8,46,41,8,48,23,8,16,2,15,19,24,31,50,50,22,12,34,11,28,10,26,10,21,13,20,39,6,15,10,10,15,23,60,5,11,9,15,,24,62,13,14,19,9,8,12,4,8,11,26,,,,6,2,,30,42,24,18,11,26,15,31,26,15,22,22,30,19,15,24,35,23,21,307,63,24,18,30,43,19,18,13,8,11,7,8,96,,13,13,8,2,7,30,344,10,34,31,21,23
20180102,11,SO2_24h,11,23,31,70,26,44,29,20,22,27,37,27,43,74,37,28,29,45,72,12,15,15,19,22,28,18,15,19,22,14,13,12,20,14,15,17,12,30,14,13,8,20,16,9,14,10,9,15,69,15,41,16,16,18,8,14,18,11,17,13,11,27,17,5,15,14,15,18,6,44,37,34,79,11,25,17,53,16,41,56,9,48,40,40,33,35,60,30,28,33,36,55,20,13,24,24,14,10,16,7,10,15,17,21,12,11,22,52,63,225,97,41,40,32,49,82,24,26,14,23,18,21,13,42,50,34,42,32,50,17,22,13,13,10,31,12,32,1,8,27,104,20,17,8,7,10,14,42,65,94,23,39,11,14,66,4,5,45,37,21,18,23,24,30,16,22,28,20,10,13,13,12,21,13,16,14,19,17,16,16,16,13,16,10,,29,14,16,16,104,117,120,155,120,146,15,13,5,23,33,7,29,11,18,19,39,17,43,58,17,15,20,10,13,27,11,21,25,18,53,24,26,24,20,15,16,21,19,15,14,9,28,16,15,8,14,8,15,11,10,34,60,52,22,38,52,29,46,50,42,39,50,20,22,16,20,13,22,16,34,15,22,4,18,9,32,24,14,33,18,14,11,5,13,17,20,25,47,28,18,8,28,9,31,9,20,11,15,14,30,16,6,10,11,14,18,23,35,6,9,6,15,,10,35,10,11,17,10,6,10,4,15,11,15,,,,7,2,,22,35,30,29,61,38,15,15,27,10,33,38,22,36,20,37,23,22,14,53,26,27,62,17,29,21,15,10,11,9,13,41,105,4,19,11,10,4,6,31,97,9,22,32,89,36
20180102,11,NO2,35,44,50,66,39,47,54,11,44,58,36,43,47,65,20,19,24,22,39,44,63,58,43,57,51,53,66,61,66,39,28,15,38,74,70,74,62,73,28,63,15,54,30,58,67,50,18,54,49,73,82,77,49,63,32,63,81,49,57,44,30,86,69,11,52,79,31,28,26,96,28,48,17,59,54,38,25,26,24,30,22,98,71,37,34,24,76,39,22,74,81,68,67,15,15,46,29,20,18,48,25,41,78,30,59,27,70,8,71,89,86,46,29,38,22,52,13,13,14,23,58,55,51,82,42,54,77,82,59,64,59,34,27,26,38,20,34,10,59,57,73,65,58,53,43,38,13,86,66,60,71,108,7,42,19,19,23,62,97,71,63,110,53,20,14,27,30,13,26,29,46,49,73,51,47,20,63,50,24,61,30,44,48,59,,10,63,71,40,77,50,66,84,52,55,20,10,12,13,7,4,14,23,7,24,27,12,16,33,13,18,9,22,12,28,22,17,33,9,42,17,39,54,56,70,72,15,60,44,45,42,53,40,58,18,27,15,25,50,18,38,50,47,41,35,49,41,33,53,86,40,79,90,64,79,73,65,62,73,62,44,64,51,60,23,52,30,33,53,43,17,29,28,34,35,24,32,44,48,41,36,26,31,61,42,41,50,65,40,43,51,32,34,10,17,42,32,30,25,27,11,30,,45,45,27,36,25,10,11,21,21,31,27,33,,,,9,44,,58,50,50,55,7,38,24,24,15,25,31,14,69,11,28,55,26,19,27,70,48,20,20,27,33,58,26,49,15,70,32,17,69,28,27,47,75,15,15,68,50,34,37,26,10,13
20180102,11,NO2_24h,48,52,65,57,32,80,67,26,43,58,64,82,73,71,42,34,38,28,76,54,62,60,44,43,65,56,67,62,65,37,39,26,50,59,72,55,47,58,37,53,26,50,37,27,53,33,27,58,89,45,92,78,61,81,29,46,78,57,66,59,42,71,67,10,57,73,32,28,15,108,67,48,36,53,63,54,44,27,40,41,22,86,77,72,77,62,87,59,53,61,80,80,65,39,44,56,27,21,25,45,21,32,57,35,45,21,83,31,71,79,81,30,35,43,47,34,23,21,28,41,48,44,46,85,76,82,79,73,61,59,61,42,30,40,43,24,29,15,53,57,62,60,49,53,43,29,16,102,73,69,70,98,11,31,33,12,26,75,71,46,56,71,57,44,39,47,63,27,46,32,43,65,53,44,67,43,54,41,41,42,23,42,39,49,,27,63,52,49,67,60,77,82,58,57,23,13,14,27,22,5,15,10,12,28,28,19,42,38,27,21,22,22,13,29,19,26,35,12,71,17,62,48,54,46,69,19,84,40,56,36,44,40,50,22,24,14,40,37,27,34,48,50,40,40,43,37,42,94,97,89,85,71,64,65,62,55,55,72,83,67,55,40,55,31,41,28,41,46,42,24,32,31,44,41,49,41,45,34,42,28,27,31,59,49,32,46,59,39,54,41,35,34,11,17,25,27,24,20,26,11,30,,20,31,15,35,13,10,13,19,18,43,26,16,,,,11,18,,54,65,42,51,17,48,26,19,37,23,36,32,58,32,39,53,26,22,24,34,34,23,39,18,33,56,28,37,14,34,41,37,62,12,31,45,52,15,12,70,39,45,38,36,30,27
20180102,11,O3,29,25,9,18,36,11,19,62,19,13,23,14,17,10,58,47,51,42,40,67,27,43,50,35,37,18,34,25,20,43,50,74,42,27,25,26,43,31,68,35,83,47,61,25,20,43,72,36,6,29,15,7,19,40,90,76,38,70,83,83,83,29,33,87,6,27,10,24,69,7,58,36,61,17,24,35,43,41,53,43,73,12,22,18,13,38,10,51,50,18,25,17,25,57,47,41,94,106,101,58,84,89,20,98,67,18,15,54,20,4,12,19,42,39,43,25,53,62,53,39,23,32,7,14,18,12,21,14,36,11,7,45,38,47,42,97,34,85,7,11,15,5,41,24,35,16,45,5,16,14,10,4,46,31,47,38,57,15,8,18,42,14,30,43,53,28,35,58,43,34,51,44,27,43,60,30,33,41,51,29,43,55,71,30,,55,17,18,75,13,15,26,13,8,12,45,51,50,56,66,67,44,62,58,42,48,47,57,35,42,63,77,49,70,43,36,65,36,64,34,65,27,14,25,29,37,64,25,23,36,48,33,57,37,79,72,92,73,36,23,27,27,38,39,27,25,22,42,17,16,12,11,11,31,16,10,6,19,8,27,10,6,7,5,6,21,20,18,26,37,32,26,31,70,77,82,83,76,10,25,24,27,24,20,8,11,31,15,6,44,43,10,30,40,65,40,36,13,31,15,15,13,,7,44,78,12,25,40,44,7,42,6,21,81,,,,128,26,,13,27,46,15,70,38,54,37,71,49,51,58,1,55,72,11,75,43,40,40,32,58,34,43,51,7,39,43,35,12,31,43,16,92,47,17,6,22,38,15,35,35,102,42,57,55
20180102,11,O3_24h,52,47,39,44,58,45,42,64,52,24,45,24,53,36,67,53,56,57,53,90,109,125,97,92,83,80,110,82,99,86,87,90,118,123,110,128,108,106,129,134,105,110,103,119,110,91,106,71,53,89,59,68,54,98,125,112,118,93,92,99,104,127,66,106,16,119,28,73,96,41,130,74,78,38,55,67,62,82,60,61,115,95,81,63,74,66,89,73,74,94,55,91,93,83,47,113,156,155,151,96,150,182,134,157,158,46,91,55,78,33,39,48,54,55,46,57,70,62,59,45,114,127,74,51,54,53,55,83,60,37,16,81,68,78,81,146,78,98,100,93,48,84,139,100,55,43,90,65,82,60,75,45,68,63,79,66,73,77,92,89,65,83,71,83,71,65,75,98,78,85,133,60,89,87,74,128,108,128,120,148,89,106,122,116,,57,99,108,138,94,41,34,58,25,40,82,62,50,67,77,67,58,91,77,52,59,58,65,57,57,65,88,64,74,72,62,78,68,66,68,76,96,111,90,93,85,70,107,92,101,114,93,111,114,114,116,113,88,97,83,66,58,99,92,63,63,51,69,56,60,68,67,92,85,88,107,77,48,77,37,65,89,85,94,15,77,69,84,56,79,54,54,50,119,180,125,137,150,58,95,63,75,99,81,83,115,114,117,27,58,90,65,113,73,166,103,69,30,77,45,41,32,,81,105,98,94,72,47,47,20,64,48,48,103,,,,108,78,,96,65,56,68,79,82,94,76,97,90,103,78,72,92,94,78,87,58,73,128,84,82,54,80,100,40,75,64,49,69,92,67,36,120,64,48,51,64,40,31,63,88,180,58,62,55
20180102,11,O3_8h,8,10,6,10,31,4,10,53,7,5,7,6,7,7,52,29,36,28,30,60,30,50,39,35,21,14,33,20,20,39,36,56,33,18,13,25,33,38,47,25,65,54,34,27,34,48,47,18,6,29,7,6,11,14,70,70,14,50,35,40,57,11,20,82,7,29,13,16,66,6,47,27,46,15,10,15,41,41,26,22,69,4,8,4,5,14,6,32,20,14,13,5,8,46,25,14,61,84,71,15,77,62,24,46,24,15,10,47,13,4,9,10,32,20,16,21,40,49,34,28,27,29,11,12,8,4,10,16,28,11,4,27,42,42,27,62,25,62,7,8,10,5,42,15,35,29,26,5,15,8,8,3,54,46,39,45,50,8,7,32,35,7,14,14,39,13,23,57,15,14,49,38,30,36,39,21,35,45,43,41,44,44,60,28,,37,10,12,30,10,8,14,9,6,11,46,41,44,47,58,57,25,64,55,20,39,36,16,19,25,53,68,41,70,40,29,57,19,60,26,70,20,16,29,32,35,46,18,23,35,54,39,52,39,78,67,71,39,23,12,21,12,14,37,11,19,10,35,10,15,7,5,8,25,9,5,8,20,9,16,4,23,15,4,5,15,13,22,23,33,37,15,32,46,37,30,43,28,7,13,28,22,14,6,7,22,27,19,6,39,40,12,27,33,55,41,37,11,31,26,14,18,,9,26,80,19,31,37,33,7,45,6,21,58,,,,48,38,,8,16,30,16,69,30,54,28,54,47,51,59,1,38,56,6,54,40,25,34,29,53,22,51,43,4,31,43,33,48,34,32,21,107,38,20,5,28,24,8,23,14,39,26,18,42
20180102,11,O3_8h_24h,13,13,6,10,39,4,10,53,7,11,7,6,9,9,62,40,46,31,37,67,36,59,57,63,23,18,38,24,36,45,46,61,40,31,18,29,70,51,71,32,77,68,60,98,71,78,68,19,8,70,18,6,14,17,111,90,20,51,37,40,82,29,21,84,9,35,23,25,87,6,59,60,47,16,10,16,59,50,26,36,84,4,14,4,5,14,9,41,20,31,23,8,9,51,25,14,93,84,80,15,102,69,46,46,36,18,11,47,16,5,11,17,35,28,18,47,42,50,35,30,71,74,20,18,8,9,12,39,35,12,4,28,43,42,27,80,34,62,16,11,12,7,64,28,39,39,44,5,21,8,10,3,55,61,45,59,58,25,32,57,49,13,15,20,39,13,55,79,19,14,58,38,44,56,39,21,58,47,43,73,64,53,64,103,,39,17,25,60,16,9,17,19,7,11,60,49,44,52,59,61,31,86,55,32,43,45,16,19,25,56,70,43,72,51,36,63,42,63,36,74,31,53,59,53,57,46,21,40,45,80,51,75,67,96,74,90,42,41,12,36,26,33,42,21,22,24,36,10,15,8,18,25,47,10,27,11,24,9,18,4,23,25,5,7,34,16,25,33,55,47,20,34,46,65,38,52,30,11,13,36,25,14,16,7,55,29,27,16,42,49,19,42,36,62,69,39,22,45,38,27,23,,26,36,87,23,42,44,38,7,49,6,21,82,,,,67,60,,21,16,30,42,72,30,54,33,54,47,60,60,2,38,56,53,54,44,28,34,46,61,22,61,44,4,43,43,35,57,34,32,30,108,41,22,17,31,39,8,40,14,68,29,23,44
20180102,11,CO,1.092,1.483,1.9,4.717,0.96,1.425,2.083,0.733,1.64,3.3,0.7,1.65,1.725,1.629,0.8,0.673,0.72,0.83,1.189,0.956,0.789,0.713,0.8,1.14,1,1.067,1.1,1.133,0.875,1.225,0.88,0.64,0.875,1.35,1.138,1.1,1.142,1.254,0.7,1.2,1.05,0.867,1.233,1.4,1.43,1.125,0.575,1,2.175,1.189,2.833,1.667,1.2,1.273,1.1,0.9,1.371,1.067,1.1,1.225,1.3,1.65,1.7,0.675,1.376,1.738,1.356,1.029,0.9,3.231,0.56,1.375,0.443,2.314,0.914,0.8,1.28,0.95,0.475,0.867,0.7,3.75,2.467,1.55,1.25,0.8,3.183,1.04,0.54,2.74,2.267,3.433,1.633,0.467,0.533,1.38,1.083,1.1,0.925,1.25,0.967,1.2,1.5,1.267,1.3,1,2.7,0.74,3.26,4.217,3.333,1.65,2.083,0.92,0.967,3.325,0.957,0.6,0.62,0.72,1.275,1.2,1.271,2.8,2,2.033,2.8,2.4,2.15,1.925,2.133,1.2,1.06,1.6,1.067,1.175,1.2,0.7,1.3,1.833,5.86,1.225,1.4,1.325,1.5,1.1,0.75,3.3,2.95,2.9,2.8,3,0.6,0.95,0.725,0.72,1.233,2.7,3.65,1.4,1.3,3.05,1.8,1.35,1.15,1.6,1.1,0.7,1.1,1.85,1.533,0.8,0.95,0.7,0.7,0.9,0.767,1.15,1.4,0.9,0.7,1.2,1.5,0.85,,0.3,2.35,2.967,1.167,7.85,1.78,1.725,4.533,2.267,3,0.8,0.4,0.55,0.433,0.35,0.3,0.4,1.033,0.4,0.325,0.333,0.85,0.8,2,1.2,0.9,0.75,0.8,0.6,1.125,0.733,0.54,1.233,0.7,2.05,0.5,0.9,1.133,1.167,1.467,1.425,0.9,0.95,1.033,1,1.433,2.65,1.4,1.067,0.64,0.867,0.767,0.925,1.25,0.76,2.08,1.22,0.84,2.04,1.3,1.3,1.24,1.333,2.367,2.967,1.825,2.867,2.725,2.4,2.65,2.55,1.475,1.825,1.367,1.24,1.75,1,1.625,1.833,1.45,1.483,1.56,1.45,1.94,1.06,1.2,1.62,0.433,1.5,1.3,1.167,0.975,1.4,1.9,1.45,1.467,1.55,1.45,1.375,1.3,1.1,1.25,1.275,1.66,2.2,1.55,1.4,1.06,0.567,0.45,1,1.125,1.025,1.45,1.3,1.2,1.05,,1.45,1.6,0.967,1.45,0.95,0.667,0.8,1.3,0.4,1.5,1.05,1.35,,,,1.067,1,,2.625,1.5,1.633,1,0.8,1.333,1.4,0.9,0.35,0.9,0.833,0.3,2.15,0.85,1.3,1.9,0.8,1.4,0.8,2.8,1.4,1.1,0.433,1,1,3.3,1.5,1.933,0.8,1.7,1.35,1.7,2.333,0.6,0.75,1.45,4.2,1.4,0.6,2.45,2.6,1.1,1.4,0.733,0.975,1.125
20180102,11,CO_24h,1.358,1.367,1.813,2.983,0.66,2.075,2.05,0.9,1.38,2,1.067,2.2,2.1,1.757,1.486,0.755,0.96,0.8,2,0.889,1.111,0.85,0.72,1.08,1.667,1.233,1.343,1.389,1.1,1.3,1.22,0.76,1.425,1.25,1.2,1,1.203,1.331,0.867,1.3,1.033,0.967,1.167,1.1,1.39,0.975,0.7,1.078,2.412,1.033,2.4,1.444,1.08,1.309,1.064,0.925,1.243,1.075,1.15,1.35,1.36,1.325,1.638,0.78,1.318,1.438,1,0.957,0.7,2.954,1.68,1.675,1.029,2.014,1.143,0.967,1.98,0.775,1.075,1.167,0.775,2.55,2.25,1.867,2.45,1.467,3.167,1.56,1.8,2.16,2.333,3.033,1.7,0.9,1.3,1.66,1.05,1,1.025,1.2,0.967,1.167,1.3,1.2,1.2,1,2.833,1.367,3.1,3.5,2.117,1.35,1.629,1.15,1.933,1.35,1.014,0.74,1.04,1.14,1.425,1.34,0.914,2.771,2.8,2.475,2.85,1.725,1.775,1.775,2.033,1.067,1.14,1.925,1.15,1.225,1.117,0.7,1.15,1.617,4,1.05,1.3,1.025,1.2,1,0.75,2.75,2.4,2.975,1.888,2.4,0.667,0.8,1.025,0.6,1.433,2.55,2.05,1.2,1.25,1.8,2.15,1.95,2.05,3.1,2.2,1.1,1.6,2.1,1.667,0.9,0.9,0.8,0.7,1.05,0.967,1.4,1.8,0.9,0.667,1.1,1.2,0.9,,0.7,1.425,1.475,1,4.017,1.96,2.075,3.567,2.733,2.7,0.633,0.433,0.55,0.7,0.55,0.333,0.6,0.567,0.44,0.325,0.5,0.8,1.35,1.7,1.45,0.8,1.067,0.75,0.675,1.075,0.567,0.7,1.133,0.8,2.55,0.55,1.433,1.433,1.333,1.283,1.025,0.9,1.4,1.267,1.5,1.25,1.5,1.3,1.2,0.74,0.833,0.725,1,1.133,0.88,1.56,0.96,0.78,1.94,0.95,1.08,1.08,1.3,3.3,2.375,2.775,2.433,1.675,1.9,2.075,1.4,1.225,1.4,1.5,1.66,1.75,1,1.325,1.433,1.5,1.217,1.44,1.575,1.56,0.92,1.12,1.64,0.533,1.7,1.367,1.567,1.275,1.367,1.65,1.4,1.2,1.35,1.3,1.25,1.2,0.9,0.9,0.9,1.333,2.38,1.225,1.025,0.88,0.567,0.45,0.84,1.04,0.9,1.3,1.2,1.2,1,,0.7,1.1,0.9,1.3,0.65,0.667,0.9,1,0.4,1.55,1.05,0.55,,,,1.3,0.6,,2.125,1.475,1.7,0.95,0.9,1.433,1.4,0.7,0.7,0.75,1.267,0.9,1.55,1.8,1.5,2,0.7,1.3,0.7,1.3,1.2,1.1,1.067,0.833,0.967,2.95,2,1.5,0.9,1.1,2.2,2.8,2.167,0.4,0.45,1.35,2,1.3,0.65,1.7,1.533,1.2,1.2,1.225,1.875,1.6
20180102,12,AQI,33,56,106,77,55,119,80,28,48,60,63,85,115,116,34,33,39,53,87,46,82,57,57,67,125,85,72,64,104,68,70,51,77,136,63,99,108,106,59,82,33,66,97,84,136,73,52,69,210,95,163,122,124,108,87,93,127,97,121,108,93,186,127,62,100,150,39,37,43,307,92,120,50,125,110,96,61,60,43,48,57,345,214,64,87,54,196,108,37,277,277,315,105,40,64,128,56,89,66,74,78,133,124,77,135,30,238,47,212,240,185,89,40,55,54,70,44,32,46,43,139,106,105,192,149,175,186,222,232,255,203,122,82,122,144,85,157,46,127,219,125,126,136,126,144,32,28,338,177,96,236,338,59,86,59,42,56,184,335,83,106,247,156,109,39,63,87,37,39,67,71,62,64,68,65,92,72,83,77,83,63,154,125,51,,27,298,293,81,315,127,111,315,113,202,65,31,31,51,31,30,23,74,52,38,66,36,74,132,68,47,54,136,41,114,65,70,146,31,100,35,96,150,153,186,250,71,93,124,98,189,223,215,144,54,64,55,60,94,63,126,132,96,119,143,146,126,94,106,128,147,143,275,258,276,287,104,141,108,177,139,110,114,154,135,147,131,94,111,126,49,81,85,100,99,92,109,96,157,139,103,175,128,80,125,119,115,175,121,223,189,117,94,21,73,29,60,41,37,44,44,48,16,86,95,54,53,54,30,23,34,46,67,67,73,,,,124,96,,231,84,147,113,80,106,100,49,89,86,82,92,130,60,111,120,94,91,81,199,46,57,57,70,93,130,34,131,40,259,384,115,175,56,43,172,306,190,30,333,85,85,104,38,38,31
20180102,12,PM2.5,21,39,79,54,28,89,58,10,27,42,44,62,86,75,6,16,18,29,64,30,60,38,33,27,94,56,38,42,77,44,38,23,56,103,42,74,71,79,38,60,20,47,72,44,103,41,23,49,159,54,123,92,93,80,64,69,96,72,91,80,69,140,96,35,75,115,27,20,22,248,33,75,20,94,82,71,21,19,23,20,22,294,163,35,59,23,147,80,21,226,226,264,78,13,24,97,39,66,46,53,52,101,93,56,102,12,187,12,161,189,139,66,19,23,25,38,18,20,18,30,106,79,78,144,114,132,140,171,181,204,152,92,60,92,110,62,119,26,96,168,82,95,103,95,110,18,19,287,133,48,185,237,12,47,25,29,30,138,262,44,79,196,118,66,15,34,55,21,17,44,41,31,45,30,34,68,47,61,56,61,44,117,53,30,,18,247,242,59,264,96,83,264,84,151,28,10,12,15,7,4,16,46,9,18,43,25,53,100,46,21,12,103,25,85,46,50,111,10,73,12,71,115,116,140,199,51,69,93,73,142,172,164,110,24,42,32,39,70,40,95,100,71,89,109,111,95,70,77,97,112,97,224,207,225,236,77,107,80,133,106,82,85,117,102,112,99,70,83,95,34,59,62,75,74,68,81,71,119,106,76,132,97,41,94,89,86,132,91,172,142,88,68,12,40,14,42,25,17,30,22,33,6,50,64,23,24,26,21,8,18,15,48,22,47,,,,67,71,,180,48,112,84,26,65,53,34,43,39,36,39,98,32,83,58,58,67,52,149,22,30,18,44,59,98,22,99,28,85,134,56,132,34,27,130,255,65,13,282,50,62,77,16,8,13
20180102,12,PM2.5_24h,39,35,86,52,22,127,63,26,38,49,67,121,109,82,40,29,28,28,206,37,111,61,41,53,195,82,74,69,99,68,71,35,129,101,67,80,87,90,60,82,33,81,72,56,128,52,43,58,165,53,192,93,86,94,70,81,91,90,94,96,79,109,92,41,72,105,18,18,16,218,66,77,45,104,93,77,54,26,59,42,45,218,179,99,180,79,165,170,80,176,206,212,103,53,82,95,53,70,74,52,50,101,81,66,91,12,217,41,133,178,106,38,42,63,55,56,31,40,49,75,145,108,66,152,146,199,155,171,144,176,148,77,76,117,122,76,105,23,87,112,50,77,98,95,98,32,17,245,136,62,159,200,42,49,41,26,57,184,184,58,84,95,117,99,54,135,88,42,50,63,57,39,45,38,38,110,71,88,113,85,40,104,46,88,,31,119,158,62,147,112,88,188,118,120,28,18,19,33,17,9,17,29,14,41,31,34,59,71,60,28,36,58,35,74,40,56,89,17,96,11,125,157,151,125,142,46,118,155,137,129,168,129,114,46,45,46,44,72,50,91,87,71,81,97,93,85,69,110,116,207,166,174,142,176,132,69,72,75,139,93,66,72,84,99,83,92,61,78,92,80,61,79,75,78,93,93,72,102,107,67,114,75,35,87,68,78,81,95,156,109,68,54,14,30,14,59,20,42,36,21,39,19,15,43,19,33,13,14,15,18,10,50,22,12,,,,40,24,,129,40,90,70,77,76,48,67,61,53,74,70,62,54,60,77,30,41,31,40,33,25,62,26,54,100,31,89,29,89,124,84,131,21,21,110,134,62,10,169,57,62,78,45,46,33
20180102,12,PM10,32,55,133,101,58,161,103,26,47,65,66,80,143,179,33,32,38,54,115,45,106,62,61,81,159,118,92,75,124,84,88,50,77,171,73,130,163,121,65,109,29,79,116,115,133,94,51,85,256,138,232,135,120,124,103,104,167,98,132,101,100,191,132,72,114,228,35,36,42,424,131,188,49,155,136,127,70,68,42,47,62,415,264,75,122,56,240,154,36,378,361,387,150,39,75,117,60,79,79,90,104,109,145,96,122,29,334,46,277,325,246,108,39,57,56,87,43,31,45,40,132,114,137,230,153,199,241,283,237,272,239,125,74,150,165,76,162,45,183,246,198,150,148,139,177,31,26,446,265,139,361,449,66,119,65,41,59,194,447,114,153,285,175,165,38,73,121,36,38,82,90,71,73,83,77,110,92,86,64,91,71,205,197,50,,26,366,389,90,400,181,162,397,162,236,78,30,30,50,12,17,,95,52,37,80,35,88,131,84,46,55,104,40,56,56,64,183,24,148,23,106,164,168,202,269,79,112,141,119,213,268,229,176,55,76,58,68,120,73,152,179,127,152,172,184,139,131,159,180,156,234,351,334,325,344,148,157,151,227,224,158,152,187,147,172,121,135,142,143,47,110,108,107,76,102,125,121,141,161,107,186,126,108,155,138,154,239,154,236,240,142,135,20,93,28,61,40,36,43,43,41,13,120,138,56,53,56,27,22,33,45,62,82,93,,,,196,103,,268,116,173,160,108,160,148,41,126,119,112,132,201,68,162,187,136,105,109,244,45,62,61,88,134,128,33,193,32,390,486,177,159,53,42,113,361,327,29,348,118,76,124,37,37,30
20180102,12,PM10_24h,65,54,149,108,48,206,110,45,86,94,105,171,184,194,86,49,52,72,220,47,183,94,70,96,295,172,133,101,168,113,145,71,170,157,108,139,148,135,90,141,48,116,122,96,173,90,82,103,309,115,269,167,121,129,110,99,141,112,129,114,105,141,136,66,114,213,26,37,73,394,183,167,115,133,152,150,109,83,84,59,83,335,270,169,270,124,279,285,138,296,328,297,182,92,157,120,95,75,115,81,96,112,130,112,113,29,363,79,243,295,185,61,68,96,104,59,60,44,83,93,150,157,107,254,220,263,264,275,222,239,237,114,107,189,151,88,138,38,169,200,117,133,152,228,147,50,32,422,292,166,314,415,165,165,110,36,162,263,320,129,146,159,198,175,90,196,177,94,107,123,120,84,76,94,81,152,119,125,135,114,67,184,172,140,,45,234,281,109,266,231,191,329,198,217,68,65,29,72,32,18,31,60,31,76,75,51,92,98,97,46,62,70,55,88,49,69,127,29,203,26,197,234,222,183,215,84,163,232,197,205,266,203,194,75,69,66,72,107,90,155,164,119,136,154,160,129,130,199,201,267,291,298,241,274,238,139,113,147,183,202,140,131,150,143,131,106,130,130,140,115,114,152,108,103,139,157,106,127,164,96,168,109,115,151,105,137,194,143,222,237,107,138,27,68,27,84,29,112,64,49,50,24,37,103,39,60,32,25,28,29,27,82,65,88,,,,82,35,,208,116,158,125,168,171,142,140,173,197,209,204,172,105,126,159,76,70,71,69,64,53,150,89,149,142,44,120,42,384,377,188,161,38,37,123,180,286,20,240,89,95,123,66,73,57
20180102,12,SO2,8,38,28,86,45,26,36,8,17,39,32,17,29,75,16,16,15,20,37,10,16,12,19,28,32,20,12,17,21,13,10,12,18,14,14,21,14,34,10,11,8,18,13,14,18,9,4,19,32,26,46,19,17,20,10,16,23,9,23,18,13,43,20,6,17,21,25,18,6,79,26,18,35,12,15,17,18,34,35,37,8,84,64,23,18,16,47,28,11,38,47,58,26,7,21,40,13,11,13,11,12,22,28,16,27,12,13,13,53,367,123,15,40,18,28,113,15,49,9,18,18,26,20,44,29,18,44,44,48,17,26,8,6,6,30,11,48,1,9,33,179,28,37,8,9,11,14,56,82,60,45,51,9,9,36,3,5,37,57,20,32,54,29,17,10,15,17,10,8,14,14,7,25,10,17,13,19,32,16,22,15,13,20,10,,9,15,27,17,195,82,54,162,134,163,13,9,7,7,22,6,33,31,12,19,65,13,21,35,13,16,9,17,10,27,19,18,28,14,27,34,18,26,22,29,19,25,19,18,10,12,23,37,18,7,15,7,13,13,7,47,93,77,38,55,98,45,36,25,40,15,60,34,26,18,19,14,25,21,23,9,29,4,19,8,49,48,8,48,26,6,20,2,14,15,32,47,36,44,33,17,38,10,25,12,30,13,21,16,23,42,6,14,10,10,18,21,30,5,10,9,16,10,32,53,11,16,22,8,8,12,6,11,10,25,,,,4,2,,32,47,22,16,15,18,14,22,24,14,15,23,26,19,15,25,36,27,16,280,6,36,16,43,44,25,14,22,12,12,9,8,79,,12,14,6,2,6,29,185,13,22,19,13,14
20180102,12,SO2_24h,11,22,31,70,27,42,30,19,21,28,36,26,42,74,37,28,28,45,68,12,15,15,19,22,25,18,14,19,22,14,12,11,19,14,15,15,12,30,13,11,7,20,16,9,14,10,9,15,68,14,41,17,15,18,8,14,18,10,17,13,11,27,16,6,15,14,15,18,6,45,35,32,77,11,24,17,55,17,42,56,9,49,41,39,31,31,61,29,27,33,37,54,20,12,23,24,15,10,15,7,10,16,17,21,13,11,22,50,61,229,96,40,40,32,44,80,22,27,14,21,17,22,13,42,50,33,42,33,50,17,22,12,12,10,31,11,33,1,8,27,104,20,18,7,7,10,14,43,65,91,23,39,8,14,62,4,5,44,38,20,20,24,23,30,15,20,27,19,10,12,12,12,22,12,16,14,18,17,16,16,15,13,16,10,,29,13,16,16,108,116,116,155,118,149,15,13,5,22,32,7,29,12,18,19,40,16,40,56,17,15,20,10,13,27,11,21,25,19,51,24,26,24,19,15,16,21,19,15,13,9,28,17,15,8,14,8,15,11,10,34,61,54,22,39,54,29,46,48,42,38,48,20,22,15,20,13,22,16,33,15,23,4,18,9,32,25,19,32,18,13,11,5,13,17,21,26,47,30,19,8,28,9,31,9,19,11,15,14,31,17,6,10,11,14,17,23,35,6,9,6,15,16,11,36,11,11,17,10,6,10,6,14,11,15,,,,7,2,,22,36,29,29,57,36,14,15,27,10,30,36,18,34,15,35,24,22,14,60,25,27,58,18,30,22,12,11,11,10,13,40,104,4,20,11,9,4,6,30,102,9,22,32,88,34
20180102,12,NO2,26,41,49,56,37,46,57,10,27,46,27,42,38,62,19,14,17,17,31,38,64,61,41,43,47,54,61,58,69,42,26,15,36,72,49,76,56,75,33,53,12,45,25,48,68,43,13,45,54,60,76,64,47,59,25,55,81,46,59,38,27,82,66,9,56,80,35,21,11,99,21,37,16,55,50,38,21,24,21,18,17,92,75,31,28,19,80,34,17,59,78,69,50,13,14,45,19,18,15,34,26,34,57,29,58,19,54,7,55,86,89,19,21,19,12,33,10,10,10,19,57,55,49,82,41,45,75,78,56,64,61,35,23,26,32,18,39,11,59,62,85,68,46,42,50,35,13,95,68,57,71,82,9,22,19,18,21,32,70,42,55,112,36,13,12,23,48,10,20,22,43,60,74,43,51,31,62,54,23,55,22,41,45,41,,11,67,77,32,90,42,59,81,50,59,15,7,12,10,6,3,13,18,6,19,19,10,13,20,10,7,7,22,10,24,19,16,22,9,43,16,37,46,59,64,75,20,59,41,41,43,47,58,55,16,28,13,21,56,18,32,48,41,47,36,48,35,32,37,78,36,75,85,68,80,73,64,63,74,60,43,54,49,66,24,51,29,27,56,42,14,29,20,29,24,18,24,37,49,37,40,25,30,46,43,40,56,75,45,47,55,40,27,8,9,25,28,26,31,24,10,33,17,53,42,22,41,12,10,9,20,20,34,26,43,,,,5,31,,66,51,36,55,7,29,24,10,15,21,22,15,63,9,26,31,24,16,14,59,4,44,16,29,32,59,31,46,15,60,24,15,49,38,25,37,71,21,11,71,39,31,31,11,7,9
20180102,12,NO2_24h,48,50,64,57,32,79,68,25,43,58,61,79,72,71,43,34,37,28,73,53,61,59,45,44,66,55,66,62,65,36,37,26,48,60,71,66,48,58,36,49,27,51,38,28,54,33,27,59,87,45,92,79,61,82,28,46,78,57,65,59,42,73,68,8,57,73,32,28,14,108,64,48,36,54,63,54,46,28,40,41,22,87,77,70,76,58,88,58,52,62,81,82,64,37,34,55,27,21,25,46,21,33,58,36,46,21,82,30,69,79,81,30,35,42,44,36,22,20,26,39,48,44,46,86,75,81,81,73,61,59,61,42,30,40,43,23,29,15,53,58,62,61,49,53,43,30,16,101,73,68,70,97,11,30,32,12,25,74,73,44,55,73,56,43,38,46,63,26,45,31,42,64,54,39,66,42,54,41,40,43,23,43,39,49,,27,63,54,48,68,60,76,82,58,57,22,13,14,26,21,5,15,11,11,28,27,19,40,37,26,21,21,23,13,29,19,26,36,12,71,16,61,48,54,48,70,20,83,41,55,36,44,42,51,22,24,14,41,38,27,34,48,50,41,40,43,37,42,93,97,88,84,72,65,66,62,57,56,73,81,68,56,41,57,30,41,28,39,46,42,22,32,30,44,40,48,41,46,35,42,29,27,31,59,48,32,46,59,39,54,41,34,33,11,17,25,27,24,20,26,11,30,23,21,31,16,35,13,10,13,19,20,42,26,16,,,,11,18,,54,63,41,52,15,47,25,20,37,23,35,31,53,29,39,52,26,22,24,35,33,24,39,18,33,57,28,38,14,34,40,36,61,13,31,45,53,15,12,70,40,46,38,35,29,26
20180102,12,O3,41,32,11,28,42,15,25,69,45,24,35,19,27,12,62,54,56,48,52,72,30,39,55,53,47,26,44,30,20,46,53,77,50,36,45,30,50,30,62,46,83,57,71,49,24,52,77,46,9,40,21,19,21,60,114,89,50,88,103,104,100,45,47,82,6,39,6,37,85,7,61,54,63,22,32,43,47,44,58,55,82,31,32,29,24,46,19,61,57,26,34,30,47,59,50,51,107,131,122,79,98,115,46,126,92,32,20,58,47,4,12,43,54,49,53,42,57,67,54,46,27,32,5,17,19,16,25,16,47,13,7,54,42,44,54,115,37,88,13,18,14,6,59,43,40,18,54,5,22,22,9,4,50,52,49,40,58,43,20,42,64,21,42,123,54,34,27,62,53,48,56,34,27,49,58,39,35,38,54,39,46,63,83,54,,55,18,40,93,14,27,37,19,10,12,58,55,51,58,74,69,50,61,63,43,53,52,65,51,54,68,80,53,71,50,43,70,50,66,37,66,33,21,31,32,36,68,27,29,47,52,38,55,45,85,80,99,84,44,24,38,38,60,38,42,32,32,49,28,25,17,12,13,30,22,12,7,23,9,28,14,22,14,7,8,28,30,38,34,46,34,37,46,89,117,109,113,99,18,48,22,39,41,39,9,21,43,20,7,41,44,8,55,51,77,69,33,22,24,18,21,11,39,6,68,86,20,33,43,49,10,47,9,27,92,,,,70,43,,12,31,47,21,71,43,55,57,74,64,63,57,1,62,79,49,80,54,63,56,77,53,39,45,56,12,36,42,34,16,38,49,33,97,50,28,8,20,50,16,44,53,130,55,66,56
20180102,12,O3_24h,52,47,39,44,58,45,42,67,55,26,45,26,53,36,66,56,59,57,63,92,109,125,97,91,80,80,110,82,99,86,87,90,118,123,110,117,108,106,129,118,105,110,103,119,110,91,106,70,53,89,59,64,53,98,128,112,121,96,103,107,105,127,68,99,16,119,27,73,96,41,130,74,78,38,55,67,61,82,62,61,115,95,81,63,74,66,89,76,74,94,55,91,93,83,50,113,156,155,151,96,150,182,134,157,158,46,91,57,78,33,38,52,57,55,53,58,70,67,64,50,114,127,74,51,52,53,56,83,60,37,16,81,68,78,80,146,78,98,100,93,48,84,139,100,55,43,90,65,82,60,75,45,68,63,79,66,73,77,92,89,78,83,71,140,71,65,75,87,78,85,133,60,89,85,74,128,108,128,120,148,89,109,122,116,,57,99,111,138,94,41,38,58,25,40,82,63,51,67,77,69,58,91,78,53,59,58,65,57,57,67,88,64,74,72,62,77,68,68,68,76,96,111,90,93,85,75,107,92,101,114,93,111,114,114,116,113,89,97,83,66,58,99,91,67,60,51,69,56,60,68,67,92,85,88,107,77,47,76,39,65,89,85,94,15,77,68,73,56,79,54,54,50,119,180,126,137,150,58,95,61,75,99,81,83,115,114,117,27,58,90,65,113,73,166,103,69,31,77,42,41,29,39,81,105,98,94,72,47,49,20,68,48,48,98,,,,108,78,,96,66,60,68,79,82,94,76,97,90,103,78,74,92,94,78,87,58,73,128,84,82,54,80,100,40,75,64,49,69,92,67,40,120,64,48,51,64,50,31,63,88,180,58,67,57
20180102,12,O3_8h,13,13,7,13,31,6,12,55,12,7,11,8,10,7,52,31,38,30,36,60,29,47,41,36,23,14,34,21,18,39,38,59,35,20,17,23,32,36,46,41,64,52,37,27,31,47,50,22,6,28,9,8,12,20,74,72,17,56,46,48,62,17,25,77,7,31,12,18,67,6,49,27,49,16,13,19,39,42,30,25,70,8,11,7,8,19,8,36,26,14,17,8,13,49,35,19,66,90,75,22,76,67,26,58,33,17,11,48,17,4,9,13,34,23,22,23,42,52,37,29,25,27,9,12,9,6,13,15,29,11,5,32,43,43,31,70,27,65,8,9,11,5,43,18,35,26,28,4,16,10,9,3,53,46,41,44,52,13,8,30,40,9,18,28,43,17,20,54,19,18,48,38,29,41,40,24,32,44,45,38,44,47,62,29,,40,11,15,39,11,11,17,10,6,11,44,43,46,48,60,59,28,61,56,23,41,37,22,23,29,54,71,43,70,41,30,58,23,60,26,69,20,14,26,30,34,50,19,23,35,52,36,51,38,77,69,72,45,23,15,23,15,20,36,15,21,13,36,13,16,9,6,9,25,9,6,8,20,9,18,6,23,14,4,6,15,15,24,24,33,35,18,34,53,46,38,54,38,8,16,27,23,15,10,7,18,27,18,6,39,40,11,30,35,58,41,36,12,30,24,14,17,31,6,30,80,19,30,37,35,7,46,6,22,62,,,,48,37,,9,19,33,16,69,32,54,31,57,48,51,59,1,44,59,12,58,41,30,35,34,52,24,50,44,5,35,43,33,42,37,35,21,106,39,20,5,27,26,10,25,20,47,28,26,43
20180102,12,O3_8h_24h,15,14,7,13,39,6,12,55,12,11,11,8,11,9,61,41,47,33,41,67,36,59,57,63,23,18,38,24,36,45,46,63,40,31,22,26,70,51,71,45,77,68,60,98,71,78,68,23,8,70,18,8,14,23,112,90,22,56,46,48,83,32,25,79,9,37,23,25,87,7,59,60,49,17,13,20,58,51,30,36,84,8,15,7,8,19,9,43,26,32,24,8,13,54,35,19,93,90,80,22,102,70,48,58,40,19,12,48,19,5,11,18,36,30,22,43,43,52,38,31,71,74,20,18,9,10,14,39,35,12,5,32,43,43,31,83,35,65,17,12,12,7,64,31,39,39,44,5,21,10,10,3,55,61,46,59,58,25,32,57,53,14,18,28,43,17,55,79,20,18,58,38,44,55,40,24,58,47,45,73,64,53,64,103,,40,19,26,60,17,11,19,19,7,11,60,49,46,52,60,61,31,86,57,34,43,45,22,23,29,56,72,45,72,51,36,63,43,63,36,74,32,53,59,53,57,50,22,40,45,80,51,75,67,96,74,90,45,41,15,36,26,36,42,23,22,25,37,13,16,9,18,25,47,11,27,11,24,9,20,6,24,25,5,7,34,16,26,33,55,47,21,35,53,69,47,62,38,12,16,36,25,15,17,7,55,29,28,16,43,49,19,44,36,62,69,40,22,45,38,27,23,31,26,36,87,24,42,44,38,7,51,6,22,82,,,,68,60,,21,19,33,42,72,32,54,34,57,48,60,61,1,44,59,53,58,44,30,35,46,61,24,62,46,5,45,43,36,57,37,35,30,108,41,22,17,31,39,10,40,20,68,31,28,45
20180102,12,CO,0.725,1.317,1.787,3.35,0.84,1.45,2.12,0.675,0.66,2.075,0.6,1.5,1.55,1.429,0.763,0.58,0.65,0.78,0.875,0.89,0.822,0.75,0.7,0.86,0.9,1.033,1.113,1.125,0.9,1.325,0.85,0.68,0.875,1.31,0.971,1.05,1.142,1.214,0.733,1.267,1,0.8,1.2,1.167,1.42,0.95,0.55,1,2.15,1.133,2.663,1.375,1.1,1.173,1.064,0.9,1.25,1,1.1,1.15,1.26,1.575,1.663,0.7,1.419,1.513,1.525,0.929,0.7,3.238,0.58,0.8,0.457,2.243,0.871,0.767,0.933,0.9,0.4,0.733,0.625,3.45,2.3,1.3,1.05,0.767,2.733,0.92,0.5,2.08,2.367,3.55,1.5,0.467,0.725,1.34,0.883,1.12,0.85,1.1,0.967,1.25,1.433,1.267,1.167,0.833,2.367,0.717,2.28,3.24,3.033,0.733,1.443,0.617,0.7,1.16,0.843,0.525,0.5,0.525,1.275,1.26,1.3,2.829,1.9,1.775,2.725,2.425,2.1,1.925,2.1,1.15,1.04,1.625,1.05,1.15,1.383,0.6,1.1,1.867,7.8,1.175,1.375,1.05,1.517,1.05,0.7,3.325,3.05,2.175,2.8,3.1,0.7,0.8,0.7,0.72,1.267,1.3,2.45,0.9,1.35,2.8,1.2,1.2,1.15,1.45,1.7,0.65,0.9,1.25,1.567,0.9,1,0.7,0.7,0.75,0.733,1.2,1.4,0.85,0.5,1.5,1.5,0.55,,0.35,2.45,2.8,1.033,10,1.48,1.725,3.8,2.333,2.933,0.6,0.433,0.55,0.4,0.35,0.3,0.3,0.833,0.34,0.25,0.367,0.85,0.8,1.35,0.95,1,0.667,0.825,0.575,1.075,0.767,0.52,0.9,0.7,1.9,0.5,0.867,1.08,1.133,1.5,1.425,0.8,1.133,0.967,0.933,1.325,1.85,1.567,1.067,0.58,0.9,0.667,0.875,1.2,0.82,1.68,1.18,0.86,2.06,1.367,1.425,1.14,1.333,1.967,2.775,1.65,2.767,2.5,2.46,2.675,2.667,1.375,1.65,1.367,1.28,1.7,0.95,1.55,1.9,1.45,1.483,1.56,1.4,1.84,1.02,1.2,1.54,0.367,1.375,1.167,0.933,0.875,1.333,1.9,1.4,1.567,1.55,1.4,1.1,1.267,1.1,1.18,1.25,1.64,2.28,1.6,1.575,0.96,0.5,0.4,0.8,1.02,0.825,1.45,1.3,1.15,1.05,0.7,1.45,1.6,0.9,1.6,0.8,0.667,0.8,1.1,0.9,1.5,0.95,1.5,,,,0.867,1,,2.9,1.55,1.6,1.15,0.8,0.967,1.45,0.3,0.35,1,0.8,0.4,1.7,0.9,1.2,1.6,0.8,1.4,0.6,1.9,0.7,1.7,0.2,1.033,1,3.6,2,1.9,0.9,2.2,1.2,1.8,2.167,0.6,0.8,1.6,4.2,1.4,0.5,2.575,1.567,1.133,1.225,0.525,0.875,1.025
20180102,12,CO_24h,1.367,1.328,1.85,3.017,0.7,2.025,2.117,0.9,1.36,1.975,1.033,2.167,2.1,1.757,1.463,0.755,0.95,0.8,1.989,0.89,1.067,0.813,0.72,1.06,1.56,1.167,1.313,1.344,1.075,1.25,1.16,0.76,1.3,1.264,1.162,1,1.203,1.311,0.833,1.367,1.033,0.967,1.167,1.067,1.39,0.975,0.7,1.078,2.413,1.033,2.444,1.444,1.09,1.318,1.064,0.925,1.263,1.075,1.15,1.325,1.36,1.325,1.65,0.775,1.312,1.45,1.033,0.957,0.7,2.992,1.56,1.525,1.014,2.029,1.143,0.967,1.767,0.775,1.1,1.167,0.75,2.6,2.25,1.8,2.45,1.367,3.167,1.54,1.76,2.16,2.333,3.067,1.7,0.9,1.125,1.62,1.05,1,1.025,1.2,0.9,1.167,1.3,1.2,1.2,0.967,2.867,1.3,3.02,3.517,2.167,1.325,1.614,1.117,1.717,1.38,0.986,0.74,1,1.08,1.425,1.3,0.914,2.814,2.85,2.45,2.85,1.8,1.825,1.825,2.033,1.067,1.14,1.9,1.15,1.2,1.117,0.7,1.175,1.633,4,1.05,1.3,1.025,1.233,1,0.75,2.775,2.425,2.95,1.938,2.4,0.6,0.8,0.975,0.6,1.433,2.5,2.05,1.1,1.25,1.85,2.15,1.85,2,3.05,2.2,1.1,1.6,2,1.667,0.9,0.85,0.7,0.7,1,0.9,1.3,1.7,0.9,0.633,1.1,1.2,0.9,,0.7,1.475,1.55,1,4.217,1.96,2.05,3.567,2.733,2.733,0.667,0.433,0.55,0.7,0.55,0.367,0.6,0.567,0.44,0.325,0.5,0.8,1.3,1.7,1.45,0.8,1.067,0.775,0.65,1.1,0.6,0.7,1.133,0.8,2.55,0.5,1.383,1.417,1.333,1.3,1.05,0.9,1.333,1.267,1.433,1.25,1.6,1.3,1.133,0.74,0.833,0.725,1,1.133,0.86,1.54,0.98,0.78,1.96,0.95,1.12,1.08,1.3,3.2,2.375,2.75,2.433,1.7,1.92,2.175,1.433,1.225,1.425,1.467,1.64,1.75,1,1.35,1.467,1.5,1.233,1.46,1.58,1.56,0.92,1.12,1.64,0.5,1.7,1.367,1.567,1.275,1.367,1.65,1.45,1.2,1.35,1.3,1.225,1.2,0.9,0.9,0.925,1.366,2.42,1.225,1.025,0.88,0.567,0.45,0.84,1.04,0.875,1.3,1.2,1.2,1,1,0.75,1.1,0.9,1.35,0.65,0.667,0.9,1,0.6,1.6,1.1,0.55,,,,1.267,0.6,,2.15,1.45,1.667,1,0.9,1.433,1.4,0.7,0.65,0.75,1.2,0.8,1.1,1.7,1.5,1.9,0.7,1.3,0.7,1.3,1.2,1.1,1.033,0.833,0.967,3,2.05,1.533,0.9,1.2,2.1,2.7,2.1,0.4,0.5,1.35,2.1,1.3,0.65,1.7,1.6,1.2,1.2,1.225,1.825,1.525
20180102,13,AQI,36,53,97,63,52,106,76,30,35,50,59,72,110,107,34,33,39,49,71,42,85,57,53,56,125,88,68,62,100,70,70,55,78,136,55,99,103,108,60,71,33,63,93,67,137,63,45,70,224,94,175,120,122,104,81,97,127,94,121,97,91,175,121,63,93,142,41,34,36,328,90,100,49,142,113,96,54,64,40,49,47,330,174,63,79,53,170,100,34,224,300,306,95,39,60,130,55,83,67,72,73,116,120,75,116,25,239,46,208,210,182,63,43,38,50,56,44,29,45,33,143,103,120,203,149,161,186,212,238,250,203,116,78,109,150,85,160,52,122,231,137,105,130,108,158,24,29,368,171,87,231,352,66,68,68,42,54,73,246,93,109,246,81,100,33,68,83,34,32,60,67,62,66,64,62,94,70,80,77,87,50,143,115,49,,30,303,272,60,288,98,111,307,107,164,61,23,26,55,31,31,17,66,44,41,62,28,55,105,58,39,51,132,36,108,54,63,117,31,113,35,100,158,131,170,250,73,114,131,104,186,207,243,150,57,59,51,57,83,62,139,127,99,121,146,146,124,89,96,125,115,146,253,256,291,300,116,154,109,203,134,113,116,174,143,133,127,82,113,122,49,88,81,96,92,75,99,76,144,137,105,174,121,78,125,115,122,172,125,237,168,117,95,22,71,26,63,42,39,41,47,63,,90,81,69,55,47,25,20,23,26,69,67,100,,,,106,57,,237,76,144,136,76,97,108,43,89,62,78,88,84,54,106,91,88,81,74,91,26,83,54,68,100,144,53,146,36,239,454,113,150,56,54,125,269,190,38,325,58,86,86,34,45,30
20180102,13,PM2.5,20,34,72,44,24,79,55,11,16,31,40,52,82,67,5,15,18,23,48,29,62,37,26,27,94,55,38,39,75,50,36,29,57,103,33,74,67,80,39,48,19,44,69,24,104,34,23,47,173,49,132,90,92,77,59,72,96,70,91,72,67,132,91,35,69,108,27,18,10,260,26,55,16,108,84,71,13,23,21,17,18,279,131,37,54,21,128,61,19,173,250,255,68,16,25,98,34,61,48,52,46,87,90,54,87,11,188,9,157,159,137,33,22,17,22,26,19,16,19,23,109,76,90,152,114,122,140,161,187,199,152,87,57,81,115,62,121,27,92,180,89,78,98,80,120,15,16,306,129,35,180,233,23,31,31,29,29,37,195,55,77,195,54,59,15,40,57,17,16,26,41,31,44,30,35,70,44,58,56,64,21,109,55,29,,16,252,221,42,237,69,76,256,79,124,25,7,13,11,5,3,7,43,6,14,32,17,33,78,28,15,12,100,22,80,37,44,88,13,82,13,75,120,99,128,199,45,85,99,77,140,156,192,115,20,38,28,35,61,40,106,96,74,91,111,111,93,66,71,94,86,98,202,205,240,249,87,117,81,152,99,84,87,131,109,101,96,54,84,92,34,52,59,71,68,54,74,55,110,104,78,131,91,33,94,86,92,130,94,186,127,88,64,7,46,9,41,27,22,28,16,44,,55,56,25,26,20,16,10,13,14,49,19,56,,,,79,36,,186,37,110,90,25,62,56,10,46,29,36,36,52,32,69,50,51,59,47,67,3,43,13,38,53,110,35,111,25,101,144,43,115,23,37,94,218,56,16,274,35,63,63,14,7,13
20180102,13,PM2.5_24h,39,33,86,53,23,125,64,26,37,49,64,117,109,82,38,29,28,28,194,34,104,56,40,50,188,76,67,64,91,62,63,34,120,99,63,77,86,87,55,74,31,80,71,53,127,51,42,58,167,50,188,95,87,94,70,80,92,89,94,95,78,111,92,42,72,105,18,18,15,221,63,75,43,105,93,77,58,27,59,42,44,224,177,96,174,75,165,164,78,179,210,217,100,51,70,95,53,70,73,51,50,101,81,66,91,12,218,39,132,178,107,37,41,60,50,56,28,38,47,70,140,104,67,155,145,194,156,173,147,180,149,77,75,115,122,75,107,23,87,116,50,78,98,94,99,31,16,248,138,61,162,202,40,49,38,25,55,179,187,71,82,98,114,97,53,135,86,41,49,62,53,37,43,32,37,100,64,82,105,80,39,99,46,86,,31,127,165,62,152,110,87,190,116,121,27,17,19,32,16,9,17,29,13,40,29,31,55,70,56,29,35,61,35,75,40,57,90,17,98,12,122,155,148,127,146,45,114,155,131,131,169,135,113,44,44,45,44,70,50,92,87,72,81,97,93,86,68,109,116,203,164,177,147,181,139,70,74,76,140,94,67,73,86,100,84,92,60,77,92,78,61,78,75,77,92,93,72,103,107,68,115,76,35,88,69,78,83,95,159,103,69,54,13,31,13,58,20,41,36,20,39,,16,42,19,32,13,15,15,18,11,50,22,13,,,,40,22,,131,39,91,72,75,75,48,65,61,51,72,65,62,51,60,75,32,42,32,41,32,26,59,26,55,101,32,89,29,89,122,82,130,21,22,111,135,61,10,176,57,62,78,45,46,31
20180102,13,PM10,35,54,133,67,51,141,88,26,34,49,66,78,133,161,33,32,38,48,89,41,113,62,54,60,147,123,83,71,122,82,88,58,77,165,57,123,154,124,68,90,28,74,108,82,130,74,44,87,260,135,269,121,116,105,96,99,155,98,145,88,97,171,124,73,101,213,40,33,34,441,128,147,48,133,141,125,55,75,39,48,46,405,230,74,106,54,186,149,33,249,373,379,137,38,67,127,57,79,76,86,94,110,135,92,104,24,316,45,266,305,221,73,42,37,49,60,43,28,44,32,136,116,143,246,157,200,252,263,237,260,251,114,65,125,144,77,181,51,176,257,221,147,137,132,189,23,28,473,250,121,353,460,79,84,84,38,55,94,321,133,165,292,109,149,32,83,113,33,31,67,82,71,80,75,71,91,88,80,66,92,49,216,178,48,,29,372,359,67,341,143,170,387,162,240,69,21,25,57,13,12,15,80,43,40,72,27,57,109,64,38,50,106,35,74,47,59,149,26,173,21,110,156,152,185,262,94,109,136,113,203,233,261,175,61,66,50,62,102,71,166,177,119,151,172,184,139,123,136,198,129,239,329,335,333,363,149,167,148,211,215,156,117,202,154,168,125,111,145,144,46,124,100,100,81,81,103,100,142,157,112,180,115,103,152,118,155,245,158,252,231,141,138,16,89,19,74,41,38,40,46,57,,128,109,85,58,46,24,19,22,20,65,82,149,,,,125,62,,272,100,171,219,100,142,164,42,125,71,104,124,115,55,159,130,124,90,96,121,18,114,56,83,148,208,53,147,31,376,553,173,133,32,55,131,354,328,37,344,63,99,104,33,44,29
20180102,13,PM10_24h,66,51,149,107,49,203,111,45,86,94,101,165,182,194,81,49,50,71,207,46,175,87,69,93,288,163,125,95,159,106,135,69,159,155,103,131,147,132,84,129,47,113,121,93,171,88,80,102,308,112,268,170,121,120,109,99,142,111,129,113,105,143,136,65,113,214,27,36,72,397,178,166,111,135,152,149,113,82,85,60,81,342,269,163,269,118,277,278,134,298,333,306,178,89,136,121,94,75,113,78,95,113,131,112,112,28,364,76,241,295,185,61,67,92,95,61,57,43,81,85,149,152,108,255,218,255,265,277,222,242,238,114,101,186,151,86,139,37,167,203,118,133,152,224,150,48,31,424,293,162,317,417,158,162,101,36,153,258,323,152,146,164,194,173,88,192,174,92,105,122,114,80,73,82,79,146,112,120,131,108,66,176,172,137,,45,242,290,108,271,229,189,329,197,219,67,63,28,71,30,18,32,60,31,76,74,48,87,98,92,46,61,73,56,89,49,70,131,29,205,25,192,231,218,185,218,84,158,230,191,206,266,208,191,74,68,64,72,106,89,155,165,119,136,155,161,128,129,196,200,262,289,302,247,280,245,140,116,147,183,205,141,130,154,144,132,107,128,130,140,110,114,149,108,101,136,156,107,131,164,98,169,110,113,151,106,138,198,143,225,228,110,138,27,69,26,83,28,108,63,47,49,,40,101,39,58,32,24,27,29,29,82,66,89,,,,79,34,,210,112,159,127,162,166,142,134,171,187,201,194,170,100,126,157,80,73,73,71,62,56,143,88,149,144,44,121,41,372,382,189,158,37,39,123,184,289,21,246,89,96,123,65,72,55
20180102,13,SO2,7,31,27,32,36,26,35,9,9,11,32,18,26,65,12,14,15,17,30,10,17,13,17,22,30,19,12,17,20,16,11,12,17,13,11,21,12,34,12,10,7,16,13,8,20,7,4,22,46,25,37,12,17,18,11,16,24,8,20,14,13,42,19,5,15,20,24,15,6,69,25,14,42,13,15,19,8,29,26,28,8,74,60,24,18,17,35,29,11,33,41,50,26,8,21,39,10,10,12,12,12,18,24,13,23,8,10,13,40,299,108,9,25,13,24,50,14,15,7,14,22,23,20,46,30,22,46,45,44,17,30,9,6,5,24,10,53,2,8,33,200,33,43,7,10,10,13,58,88,24,48,54,10,7,75,4,5,30,27,56,29,38,22,14,12,13,20,9,8,12,15,7,24,11,20,12,19,27,14,21,13,13,21,9,,15,16,28,12,141,66,60,158,122,176,14,9,7,7,22,8,25,23,6,16,42,10,21,13,8,12,10,15,11,25,19,13,19,15,28,24,17,24,23,39,15,26,19,19,8,13,22,38,18,7,13,6,12,13,8,59,86,79,40,49,84,42,36,17,34,16,45,31,26,19,21,14,34,17,21,13,15,4,19,6,47,38,8,48,26,5,16,2,10,14,25,26,45,41,32,20,33,10,23,11,27,19,22,17,28,14,7,12,7,14,16,23,23,5,11,8,19,,22,51,10,13,14,9,6,11,4,12,10,31,,,,4,2,,33,42,19,15,24,21,9,13,25,9,15,23,24,20,12,17,31,26,20,98,2,41,13,53,32,30,10,16,11,14,12,15,61,18,13,14,4,2,6,30,99,12,17,18,9,14
20180102,13,SO2_24h,11,22,30,69,28,41,31,18,20,25,34,25,41,74,34,27,28,45,67,12,15,14,19,23,24,17,14,19,22,13,12,11,19,14,14,17,11,30,13,11,7,20,16,9,14,10,9,15,67,15,41,17,15,18,8,14,18,10,17,13,11,28,17,5,15,14,15,18,6,46,32,31,76,11,24,17,63,18,42,56,9,51,41,38,33,30,61,29,27,33,37,55,20,12,21,24,14,10,15,8,10,16,17,21,13,11,21,48,58,229,95,40,40,30,40,81,21,26,13,20,17,22,13,42,49,33,42,33,49,17,22,12,12,9,32,11,33,2,8,28,106,20,19,7,7,10,14,44,67,88,24,40,7,12,58,4,5,44,37,33,21,24,23,29,15,19,26,19,10,11,11,12,21,13,16,14,18,17,15,16,15,13,16,10,,29,13,17,16,110,114,110,155,114,148,15,13,6,21,30,7,29,13,18,19,40,16,37,53,16,15,19,11,12,27,11,21,25,19,51,25,25,24,18,17,16,21,18,15,12,10,28,18,15,8,14,8,15,11,10,35,61,55,22,39,56,30,46,46,41,38,48,20,22,15,20,13,22,15,32,15,23,4,18,9,33,25,19,32,18,13,11,5,13,16,21,25,48,31,20,9,28,9,31,9,19,11,15,14,31,17,6,10,11,14,17,23,34,6,9,6,15,,11,36,11,10,17,10,6,10,4,13,11,15,,,,6,2,,22,36,29,29,54,35,14,14,27,10,29,33,18,32,14,34,25,22,14,61,24,28,54,20,31,22,11,11,11,9,13,39,101,4,20,11,9,4,6,30,104,9,22,32,87,32
20180102,13,NO2,24,39,49,38,27,42,55,9,8,27,28,40,36,54,15,13,16,16,26,35,60,63,35,36,44,52,59,57,69,45,24,14,33,77,36,76,56,78,38,36,13,39,25,17,68,28,12,39,63,61,67,58,42,56,23,60,78,41,58,32,24,71,62,9,56,70,31,22,8,104,25,26,16,49,52,37,10,21,22,13,14,71,57,30,27,19,55,31,16,46,82,81,48,13,14,43,17,16,13,32,19,25,57,26,47,12,49,7,38,82,87,9,17,13,13,23,10,10,8,16,58,51,50,85,42,36,75,73,55,68,58,35,23,26,28,17,43,8,63,65,90,74,37,29,52,35,10,106,66,47,74,91,11,17,22,14,19,27,39,45,46,82,28,19,14,19,28,10,17,21,48,46,66,50,56,42,62,54,26,48,21,40,48,36,,14,74,74,27,81,32,56,80,63,58,14,6,11,9,4,2,14,16,4,15,23,10,10,6,9,13,7,22,9,20,7,15,17,7,47,11,34,44,55,81,76,14,57,38,41,48,45,92,49,13,24,11,18,45,20,37,42,36,48,36,48,36,28,37,68,37,67,76,68,86,78,63,63,69,66,44,42,48,55,28,44,28,24,60,38,16,23,21,22,23,15,19,23,47,36,38,24,29,40,45,34,52,83,44,52,59,46,23,5,7,18,28,19,19,24,9,25,,56,34,17,43,8,8,8,18,16,39,31,49,,,,5,7,,77,43,31,52,7,32,16,7,20,12,21,12,49,10,24,19,21,16,15,36,1,54,13,28,26,48,30,41,12,42,17,10,36,,26,36,59,17,9,73,24,29,28,9,6,10
20180102,13,NO2_24h,47,50,64,57,33,77,68,25,42,57,58,77,72,71,39,33,36,28,70,52,60,59,45,43,66,55,65,61,65,36,36,25,47,61,70,59,48,59,36,43,27,51,38,28,56,33,26,59,86,46,91,81,61,82,28,47,79,57,65,58,41,74,69,10,57,73,32,28,13,108,62,46,35,54,62,54,45,28,40,41,21,88,77,69,65,56,88,57,51,62,82,83,65,37,32,55,27,21,25,44,21,33,59,36,47,21,82,28,67,79,82,30,34,41,42,35,21,20,25,38,48,44,46,86,74,79,81,73,60,58,61,42,28,38,43,23,30,15,54,59,62,61,49,52,43,30,16,101,74,67,70,96,10,30,32,12,25,72,73,58,53,74,55,42,37,45,62,26,45,31,42,64,55,45,67,40,55,41,39,43,23,44,39,49,,27,64,56,48,69,59,75,83,58,57,22,12,14,25,20,5,15,12,11,27,28,18,38,36,25,21,21,23,13,29,20,26,35,12,71,16,61,49,54,50,71,19,82,41,54,37,44,45,51,21,24,14,40,39,27,34,48,51,41,40,43,37,42,92,98,86,83,72,66,68,64,58,56,74,80,69,57,42,59,30,41,28,39,47,42,21,31,30,43,40,48,41,46,36,42,29,27,32,57,48,31,47,60,39,54,44,35,33,11,17,24,27,23,19,26,11,29,,22,32,16,35,13,10,13,19,18,42,27,18,,,,10,17,,55,61,40,53,14,46,25,19,37,23,33,29,54,28,38,50,26,22,24,35,32,26,37,19,34,57,28,39,14,31,38,36,60,13,32,45,53,15,12,70,40,47,38,35,29,25
20180102,13,O3,44,44,15,44,52,23,27,67,64,42,41,25,32,18,66,58,57,52,56,76,35,40,60,63,57,28,42,32,22,46,54,80,57,38,64,33,54,29,57,63,82,65,70,87,32,69,82,54,12,52,29,25,26,73,127,95,70,107,121,116,120,66,66,88,7,54,14,43,90,8,64,67,62,27,37,49,66,48,59,63,90,60,43,32,33,47,26,70,57,37,35,31,60,59,51,66,120,151,137,90,114,142,64,153,111,45,21,59,76,4,13,53,62,56,56,52,58,69,63,52,30,40,6,16,19,24,32,22,51,14,12,53,47,41,60,126,39,86,19,26,17,9,71,66,41,19,62,7,28,37,8,4,51,63,51,46,58,48,32,49,84,35,44,51,54,38,44,62,56,50,53,48,38,49,53,43,37,39,51,48,59,64,81,59,,52,17,21,111,33,35,43,23,11,13,58,60,54,60,76,66,53,62,67,47,53,55,66,68,59,76,81,55,73,58,51,71,51,72,56,71,37,27,36,19,33,58,37,34,53,54,40,32,48,91,92,105,96,64,24,37,51,77,45,54,41,43,54,30,37,21,17,20,33,26,9,11,29,22,25,18,37,17,18,18,34,45,54,40,62,35,48,40,106,142,122,140,120,24,68,26,59,50,49,11,47,48,27,13,42,45,11,75,67,83,81,30,31,37,19,26,14,,11,93,94,23,46,49,52,12,53,10,25,102,,,,70,65,,13,43,63,28,72,45,68,67,73,79,66,59,25,65,81,73,85,61,70,78,80,54,41,49,62,24,39,45,39,38,50,54,42,102,55,31,13,29,55,18,58,75,145,60,69,58
20180102,13,O3_24h,51,55,39,46,57,45,42,69,63,42,45,26,52,36,67,58,60,57,66,89,109,125,97,91,79,62,110,82,99,79,87,90,118,123,110,128,108,106,129,115,105,110,103,119,110,90,106,70,53,91,59,64,50,101,136,112,126,107,121,116,120,127,71,106,16,119,27,73,96,41,130,74,78,38,55,67,67,82,62,63,115,95,81,63,76,66,89,79,70,94,55,91,93,81,51,113,156,156,151,94,150,182,134,158,158,47,91,59,82,33,38,54,62,57,55,58,70,70,66,53,114,127,70,51,52,57,58,83,62,37,16,81,70,78,80,146,78,98,100,93,48,84,139,100,55,43,90,65,82,60,75,45,68,63,79,66,73,77,92,84,94,83,71,140,70,65,75,87,78,85,133,59,89,85,74,128,108,128,120,148,88,106,122,116,,57,99,111,138,94,41,43,58,25,40,82,65,54,67,78,70,58,91,81,54,59,58,66,68,60,76,87,63,74,72,62,75,67,72,68,76,96,111,90,93,85,75,107,92,101,114,93,109,114,113,116,112,96,97,83,66,58,99,89,70,61,53,69,56,60,68,67,92,85,88,107,77,47,72,39,53,85,83,89,19,77,66,63,57,79,54,57,50,117,180,134,137,150,58,95,61,75,99,81,83,115,114,117,27,58,92,64,113,73,166,103,69,34,77,41,41,27,,81,105,98,94,72,50,52,20,90,48,48,102,,,,108,78,,96,68,64,68,79,82,94,76,97,90,103,78,74,92,94,78,87,61,73,128,84,82,54,80,100,40,75,64,49,69,92,67,44,120,64,48,51,64,55,31,63,86,180,60,69,57
20180102,13,O3_8h,18,17,8,17,32,9,14,58,19,12,16,11,14,9,54,34,40,33,37,61,30,44,43,39,31,16,35,22,18,40,41,62,38,23,23,26,32,33,46,48,65,52,42,34,27,49,55,27,7,29,12,9,14,29,80,75,24,63,60,60,70,24,31,84,7,34,12,21,70,7,50,31,51,17,17,24,49,43,35,29,72,15,16,11,11,24,10,41,32,17,21,11,20,51,39,26,72,98,80,30,79,76,29,75,45,20,13,49,25,4,10,18,37,28,26,27,43,55,42,32,24,27,8,12,11,8,16,15,31,11,5,36,45,42,36,81,29,68,9,11,12,5,45,25,36,24,32,5,16,14,9,3,52,47,43,44,53,18,11,25,47,13,22,33,46,21,21,53,24,23,48,38,29,40,42,26,32,43,46,37,45,49,65,29,,43,12,16,51,12,15,21,12,7,11,41,45,47,49,61,60,32,58,56,27,42,39,30,30,33,56,72,45,70,42,33,60,27,61,30,69,23,14,26,27,32,53,21,22,36,50,36,47,38,78,71,74,53,25,17,24,20,29,36,25,24,17,39,15,18,10,7,10,26,11,6,9,21,11,20,8,23,12,6,7,17,18,34,26,36,35,21,35,62,58,55,62,52,10,23,26,27,20,16,7,20,26,18,6,40,45,10,35,39,60,45,36,14,30,22,15,17,,6,39,81,19,29,39,37,8,50,7,22,67,,,,49,38,,10,22,38,17,69,34,55,36,58,52,53,58,4,49,59,20,64,43,36,40,40,50,27,48,47,8,37,44,34,44,40,40,22,106,42,20,6,27,30,11,27,29,63,32,33,44
20180102,13,O3_8h_24h,19,17,8,17,39,9,14,58,19,12,16,11,14,11,63,42,48,35,42,67,36,59,57,63,31,18,38,24,36,45,47,64,41,32,26,31,70,51,71,54,77,68,60,98,71,78,68,28,8,70,18,9,16,31,113,90,27,63,60,60,86,36,31,85,9,41,23,26,87,7,60,60,52,18,17,24,61,52,35,37,84,15,18,11,11,24,11,46,32,32,26,11,20,56,39,26,93,98,81,30,102,76,51,75,49,21,13,49,26,5,12,21,39,33,26,44,44,55,42,33,71,74,20,18,11,10,16,39,36,13,5,36,45,44,36,89,35,68,17,14,12,7,64,36,40,39,44,5,22,14,10,3,55,61,47,59,58,25,32,37,58,16,22,33,46,21,55,79,24,23,58,38,44,56,42,26,58,47,46,73,64,53,65,103,,43,20,26,60,20,15,21,19,8,11,60,49,47,52,61,62,32,86,58,35,44,45,30,30,33,57,74,46,72,51,38,63,45,63,36,74,34,53,59,53,57,53,23,40,45,80,51,75,67,96,74,90,53,41,17,36,27,39,42,27,24,27,39,15,18,10,18,25,47,13,27,12,25,11,21,8,24,25,7,8,34,19,35,35,55,47,22,37,62,73,60,67,52,14,23,36,28,20,20,7,55,30,28,16,44,51,19,46,39,62,69,40,22,45,38,27,23,,26,39,87,24,42,44,38,8,59,7,22,82,,,,68,60,,21,22,38,42,72,34,55,36,58,52,60,61,4,49,59,53,64,44,36,40,46,61,27,62,48,8,45,44,36,54,40,40,30,108,43,22,17,31,39,11,40,29,71,34,33,46
20180102,13,CO,0.627,1.261,1.713,1.7,0.7,1.3,1.967,0.6,0.36,1.067,0.8,1.367,1.475,1.343,0.786,0.511,0.7,0.7,0.688,0.844,0.833,0.763,0.6,0.86,0.883,1,1.1,1.078,0.85,1.35,0.8,0.7,0.85,1.3,0.863,1,1.067,1.234,0.767,1.05,0.867,0.7,1.2,0.833,1.344,0.825,0.575,1.011,2.238,1.811,2.222,1.312,1.011,1.16,1.018,0.9,1.2,0.95,1.025,1.075,1.24,1.5,1.58,0.7,1.359,1.313,1.244,0.857,0.667,3.208,0.74,0.775,0.457,2.133,0.914,0.72,0.533,0.8,0.325,0.7,0.55,2.85,1.7,1.233,0.95,0.833,1.983,0.84,0.58,1.62,2.6,3.267,1.567,0.567,0.75,1.3,0.817,1.05,0.8,1,0.933,1.1,1.433,1.333,1.033,0.767,2.033,0.7,1.66,2.767,2.95,0.267,1.014,0.533,0.64,0.94,0.843,0.5,0.46,0.58,1.375,1.16,1.343,2.967,1.925,1.5,2.633,2.45,2.05,1.95,1.9,1.117,1.025,1.6,1.125,1.175,1.467,0.6,0.95,1.85,8.8,1.225,1.3,0.9,1.45,1.2,0.65,3.475,2.8,1.775,2.55,3.275,0.667,0.8,0.975,0.7,1.267,1.2,1.3,1.35,1.15,2.15,0.95,1,1.1,1.15,1,0.6,0.85,1.15,1.567,0.8,0.95,0.7,0.8,0.75,0.767,1.2,1.4,0.65,0.467,1.3,1.4,0.55,,0.45,2.625,2.7,0.9,6.96,1.35,1.675,4,2.467,2.933,0.6,0.4,0.45,0.35,0.35,0.333,0.3,0.733,0.32,0.25,0.367,0.8,0.8,0.75,0.95,0.5,0.667,0.8,0.6,0.8,0.533,0.475,0.7,0.667,2.25,0.5,0.85,1.05,1.1,2,1.35,0.75,1,0.933,0.933,1.375,1.55,1.6,1.033,0.5,0.833,0.6,0.9,1.067,0.78,2.36,1.16,0.8,2.04,1.475,1.42,1.12,1.433,1.667,2.075,1.525,2.433,2.35,2.5,2.825,2.633,1.433,1.675,1.3,1.36,1.6,0.9,1.55,1.867,1.1,1.4,1.5,1.36,1.92,0.96,1.1,1.5,0.4,1.125,1.133,0.967,0.8,1.2,1.8,1.4,1.533,1.45,1.45,1,1.3,1,1.04,1.15,1.36,2.18,1.6,1.55,0.9,0.433,0.4,0.68,1.1,0.725,1.45,1.3,1.1,1.1,,1.35,1.05,0.933,1.4,0.9,0.567,0.75,0.95,0.6,1.4,1.05,1.8,,,,0.833,0.4,,2.975,1.45,1.333,1.15,1.1,0.967,1.35,0.2,0.45,0.6,0.8,0.35,1.1,0.95,1.1,1.3,0.7,1.3,0.8,1.2,0.6,2.1,0.15,1,0.833,2.9,2,1.8,0.85,1.6,1,1.6,1.567,0.8,0.75,1.6,3.2,1.3,0.5,2.6,1.167,1.1,1.1,0.475,0.85,1.133
20180102,13,CO_24h,1.375,1.3,1.85,2.983,0.72,2,2.133,0.85,1.3,1.867,0.967,2.133,2.1,1.757,1.414,0.755,0.92,0.78,1.87,0.87,1.033,0.775,0.72,1.02,1.517,1.133,1.288,1.3,1.05,1.2,1.1,0.76,1.275,1.264,1.125,1,1.203,1.291,0.8,1.2,1.033,0.967,1.2,1.067,1.41,0.975,0.7,1.089,2.425,1.044,2.444,1.475,1.11,1.318,1.064,0.925,1.263,1.075,1.15,1.325,1.34,1.375,1.629,0.74,1.318,1.45,1.044,0.943,0.683,3,1.44,1.375,0.986,2.029,1.143,0.95,1.9,0.775,1.1,1.167,0.75,2.65,2.25,1.767,2.233,1.3,3.15,1.52,1.74,2.16,2.433,3.133,1.733,0.867,1.05,1.62,1.033,1,1.025,1.15,0.9,1.167,1.333,1.2,1.2,0.933,2.833,1.267,2.88,3.517,2.2,1.3,1.614,1.1,1.583,1.4,0.971,0.74,0.98,1.06,1.4,1.28,0.929,2.8,2.8,2.4,2.85,1.825,1.825,1.825,2.033,1.083,1.1,1.875,1.15,1.175,1.167,0.7,1.175,1.617,4.14,1.05,1.325,1,1.267,0.975,0.75,2.825,2.475,2.9,1.987,2.425,0.6,0.8,0.9,0.6,1.433,2.45,2.05,2.1,1.25,1.85,2.05,1.85,1.95,3.05,2.2,1.1,1.6,2,1.633,0.9,0.8,0.7,0.7,0.95,0.9,1.3,1.7,0.85,0.633,1.1,1.2,0.9,,0.7,1.525,1.625,1,4.3,1.94,2.05,3.567,2.733,2.6,0.667,0.433,0.55,0.7,0.5,0.333,0.6,0.6,0.44,0.325,0.5,0.8,1.25,1.65,1.4,0.8,1.033,0.775,0.65,1.1,0.6,0.72,1.133,0.8,2.55,0.5,1.35,1.417,1.333,1.35,1.1,0.9,1.333,1.3,1.367,1.3,1.6,1.3,1.1,0.72,0.833,0.725,1,1.133,0.9,1.6,1.02,0.76,1.96,1,1.16,1.08,1.3,3.1,2.35,2.75,2.467,1.775,1.96,2.175,1.5,1.25,1.45,1.433,1.64,1.8,1,1.35,1.5,1.45,1.233,1.46,1.58,1.56,0.94,1.14,1.62,0.5,1.7,1.333,1.533,1.25,1.4,1.65,1.45,1.267,1.35,1.3,1.225,1.2,0.9,0.92,0.95,1.366,2.44,1.25,1.05,0.88,0.567,0.45,0.84,1.04,0.875,1.3,1.2,1.2,1,,0.75,1.1,0.9,1.3,0.65,0.667,0.9,1,0.6,1.6,1.1,0.65,,,,1.233,0.6,,2.175,1.425,1.667,1,0.9,1.4,1.4,0.6,0.65,0.75,1.2,0.75,1.2,1.65,1.4,1.8,0.7,1.3,0.7,1.3,1.1,1.2,1,0.8,0.967,3.05,2.1,1.533,0.85,1.2,1.95,2.7,2.033,0.4,0.5,1.35,2.1,1.3,0.6,1.775,1.6,1.233,1.2,1.2,1.8,1.475
20180102,14,AQI,38,52,111,60,54,114,70,31,29,34,59,72,105,97,28,35,39,43,65,46,89,58,46,57,122,87,65,63,99,66,69,56,76,132,52,87,97,100,63,60,33,69,91,56,135,59,46,70,213,99,200,111,135,97,76,93,124,94,124,91,88,156,113,62,89,131,37,27,37,337,85,85,53,154,124,94,57,63,42,49,44,279,122,66,89,54,115,96,37,182,302,318,100,47,58,131,55,81,63,66,61,91,115,73,133,17,226,36,200,168,179,47,43,36,47,50,47,30,46,28,149,99,135,200,133,125,191,198,247,253,206,104,80,98,139,78,174,50,117,235,140,119,136,86,153,21,37,348,170,76,223,379,69,58,79,43,63,62,124,87,114,214,68,91,29,61,77,34,29,53,68,61,63,60,62,83,70,72,75,87,44,138,97,52,,31,304,257,54,270,88,112,303,131,142,53,24,26,46,32,31,22,65,39,44,54,29,44,66,48,44,46,94,38,100,50,64,99,32,122,35,96,141,109,158,248,75,115,130,104,185,200,239,138,54,60,43,51,70,66,135,121,96,120,142,141,125,86,93,135,96,143,242,253,276,280,141,174,110,241,128,106,119,193,132,124,117,89,114,115,46,89,74,86,76,76,92,70,120,135,108,164,109,81,122,83,132,168,124,228,168,126,97,23,65,28,63,42,34,32,32,91,,84,72,46,56,22,24,24,18,25,66,78,116,,,,75,23,,206,75,136,114,74,100,110,46,87,54,81,83,58,48,107,67,85,71,73,71,27,74,49,68,97,135,60,168,33,240,479,117,117,54,54,121,211,250,23,312,54,85,82,54,36,29
20180102,14,PM2.5,16,35,83,37,26,85,50,9,11,17,40,52,78,57,4,16,16,21,42,28,66,37,22,27,92,53,34,41,74,44,29,34,55,100,29,64,59,75,43,38,19,45,67,21,102,30,22,50,162,65,150,83,102,72,55,69,93,70,93,67,65,118,84,35,66,99,23,14,9,264,28,36,17,117,93,70,13,20,22,17,17,228,92,46,52,32,86,58,20,137,251,267,64,20,24,99,31,59,42,47,42,67,86,49,101,10,175,8,150,127,135,10,20,18,18,16,21,13,19,17,114,74,102,150,101,93,143,148,196,202,155,77,58,73,106,57,131,23,88,184,92,89,103,63,116,10,15,253,128,24,172,249,25,26,34,28,30,38,93,47,70,163,41,37,15,27,45,19,16,22,36,32,43,32,35,61,46,52,54,64,21,105,51,30,,15,253,206,34,219,56,82,252,99,108,18,6,9,8,4,2,8,35,6,16,28,19,16,47,20,17,11,70,23,75,35,45,74,9,92,10,71,107,81,120,197,54,86,98,77,139,150,188,105,20,35,23,29,50,47,102,91,71,90,108,107,94,63,69,83,71,104,191,202,225,229,107,131,82,190,95,79,89,145,100,93,88,58,85,86,28,56,53,63,55,55,68,50,90,102,80,124,81,33,92,55,100,127,93,177,127,95,64,4,40,9,40,29,16,22,8,67,,56,52,24,39,15,10,10,9,11,47,33,75,,,,49,15,,155,40,103,81,26,53,74,11,38,26,37,31,39,24,66,28,43,51,46,51,,34,11,31,48,102,42,127,23,104,139,72,88,27,37,90,160,89,14,261,32,62,56,16,8,12
20180102,14,PM2.5_24h,40,33,86,53,23,124,65,25,37,47,61,113,109,82,36,29,27,28,188,33,98,51,39,47,180,70,61,59,84,57,57,33,110,98,60,78,85,84,51,77,30,79,71,51,127,49,41,58,168,48,186,94,88,93,69,79,92,88,94,93,78,112,92,39,72,106,18,18,15,224,60,72,42,106,93,78,52,26,59,42,43,228,173,93,158,72,165,157,77,180,213,223,98,51,66,95,52,70,73,51,49,101,82,66,92,12,219,37,131,177,109,36,41,59,47,56,26,37,45,65,137,102,68,156,143,190,156,175,150,182,150,77,74,113,122,74,108,23,87,120,51,78,99,94,100,29,16,250,139,60,164,204,39,46,36,25,53,174,187,67,80,101,112,94,52,135,84,40,48,61,50,36,43,31,36,93,59,76,97,76,38,100,46,85,,30,135,172,61,158,108,87,193,117,122,27,17,19,30,15,9,17,29,13,40,29,30,52,69,52,29,34,63,36,76,40,58,92,17,100,11,120,154,143,129,150,45,109,155,125,134,170,140,111,43,43,45,44,69,50,93,88,72,80,98,94,86,68,108,114,198,163,179,151,186,146,72,77,76,142,95,68,75,90,101,84,91,61,77,92,74,61,76,74,76,90,93,71,103,108,69,116,77,35,84,69,80,86,94,161,104,71,55,13,32,13,57,20,40,34,20,39,,18,42,19,33,13,15,15,18,7,51,24,16,,,,38,21,,134,39,92,73,71,74,50,64,61,50,70,63,62,51,61,73,33,44,33,42,32,26,56,26,55,100,32,91,28,91,120,81,127,21,23,111,135,62,10,182,54,63,78,45,46,30
20180102,14,PM10,37,51,140,67,55,148,75,28,28,33,65,83,147,142,23,34,38,42,78,45,115,64,45,62,142,122,78,74,125,80,85,59,81,167,52,107,142,122,74,68,27,85,111,60,140,66,45,86,263,145,267,103,119,108,89,95,167,95,140,86,106,148,119,71,100,205,36,26,28,448,117,118,53,147,147,125,62,73,41,48,43,345,189,80,126,55,103,139,36,226,419,403,149,46,63,140,57,79,73,73,70,89,139,93,99,13,301,35,247,273,216,46,42,35,46,49,46,20,45,27,142,111,156,242,155,198,261,253,242,264,250,101,61,106,142,76,196,49,159,255,228,150,136,115,185,20,36,457,283,100,357,482,85,64,105,42,74,71,152,122,175,234,83,129,28,70,101,33,28,53,84,69,73,68,71,86,88,74,72,92,43,196,141,51,,30,370,356,56,323,124,171,381,183,232,54,21,25,45,11,10,21,77,38,43,55,28,43,73,47,43,45,83,37,84,43,60,132,29,183,19,108,150,144,175,260,86,125,125,120,209,236,263,172,55,67,42,50,84,76,166,174,109,154,174,187,143,116,132,218,109,233,322,322,350,335,178,183,138,219,204,147,96,224,151,149,121,125,148,139,45,126,92,81,77,74,99,82,130,156,114,184,114,109,147,113,178,265,153,240,232,151,142,12,77,17,74,40,33,31,31,84,,115,84,45,56,20,23,23,17,16,56,104,179,,,,97,18,,257,97,165,176,96,148,167,45,122,55,109,113,64,47,162,82,117,90,94,,10,96,48,83,141,174,57,230,30,377,578,182,110,43,12,190,255,384,22,348,55,89,111,56,35,28
20180102,14,PM10_24h,67,49,149,107,50,201,112,45,85,90,96,160,181,193,80,48,49,71,201,45,167,82,68,90,276,155,116,90,151,99,126,67,146,153,98,131,145,128,78,125,45,111,120,90,170,87,78,101,307,110,267,164,121,117,109,98,143,110,128,111,106,144,135,65,113,215,27,36,72,399,172,164,108,135,151,148,105,81,85,61,79,346,265,157,237,113,274,271,132,299,340,314,176,91,129,122,93,75,112,78,94,114,133,113,112,28,364,74,237,294,185,61,67,90,90,61,55,42,79,80,143,149,108,255,215,252,265,280,221,243,240,114,102,183,151,85,142,38,165,207,122,134,151,219,151,46,31,425,294,158,321,419,153,155,95,36,145,251,320,148,149,167,190,171,85,188,171,91,104,119,108,78,71,78,76,137,106,105,123,104,65,177,171,134,,44,251,299,107,277,226,188,330,197,222,64,48,28,68,29,18,32,60,32,75,73,46,83,96,88,47,60,74,56,90,49,71,134,30,208,25,188,228,213,186,221,83,153,221,185,208,265,214,189,73,67,62,72,104,88,155,165,120,136,156,162,129,128,193,200,254,287,305,253,287,253,141,120,147,184,207,141,128,158,146,133,107,129,130,140,105,115,145,107,98,134,155,106,135,164,100,170,111,112,140,107,141,202,143,228,224,112,138,26,70,25,82,28,103,60,46,50,,43,99,39,58,31,24,27,29,26,82,66,90,,,,76,33,,212,110,159,128,153,163,144,133,169,176,194,189,165,100,129,154,84,76,74,71,60,58,136,87,149,146,46,122,40,385,388,189,153,37,39,130,184,295,21,252,85,97,124,66,73,54
20180102,14,SO2,6,29,25,30,31,29,31,8,9,8,30,17,57,57,12,14,15,18,38,10,17,13,18,16,29,19,13,18,15,15,10,11,17,13,10,17,11,32,12,10,7,28,12,7,20,7,5,24,38,23,33,11,18,16,10,14,24,7,19,12,13,38,18,6,16,19,24,14,6,58,24,16,35,13,17,17,13,23,29,23,7,43,41,24,18,17,28,27,11,31,41,49,21,10,21,41,10,10,10,11,11,10,24,14,26,7,10,13,35,217,91,8,27,13,18,34,15,16,8,14,22,22,21,46,25,22,36,40,44,18,30,6,6,5,23,9,72,1,7,32,206,29,31,6,10,11,13,65,87,31,44,54,7,7,109,4,6,26,22,28,26,29,19,12,15,13,21,12,8,10,16,7,25,13,21,14,16,22,14,21,9,12,18,8,,14,16,27,10,117,69,69,162,122,164,13,9,4,8,21,6,17,25,8,19,41,9,22,10,7,10,11,11,11,26,19,14,18,12,22,22,16,21,21,51,18,25,18,17,9,10,25,69,19,6,12,5,11,10,7,57,70,70,42,43,65,33,30,21,24,21,32,29,27,20,25,24,19,8,18,12,9,3,18,6,41,26,6,40,23,5,14,2,9,11,38,30,51,33,21,16,31,10,21,10,23,23,21,17,18,9,7,10,7,14,15,24,18,5,10,5,23,,16,35,9,17,15,9,5,11,5,11,9,12,,,,4,2,,30,46,16,14,31,27,10,15,21,8,16,23,15,21,5,16,32,29,17,37,2,55,10,52,29,25,9,16,9,19,12,12,45,5,11,11,5,3,7,30,65,10,17,16,9,26
20180102,14,SO2_24h,11,21,30,69,29,40,31,17,20,24,32,24,42,73,34,27,27,45,67,12,15,14,19,22,25,17,14,18,21,13,11,11,18,14,14,17,11,30,13,12,7,21,15,9,15,10,8,15,67,15,41,16,15,18,8,14,19,10,18,12,11,28,17,5,15,14,15,18,6,47,30,29,73,11,23,18,52,18,43,55,9,51,41,37,30,29,60,29,26,33,37,55,20,11,21,24,14,10,15,8,10,16,17,21,13,11,21,45,56,226,94,39,40,29,38,80,21,25,13,19,17,21,14,42,46,33,41,34,49,18,22,12,11,9,32,11,35,2,8,28,109,20,20,6,7,10,14,45,68,86,26,40,7,11,57,4,5,43,37,32,21,24,22,28,14,18,26,19,10,11,11,11,21,12,17,14,17,17,15,16,14,12,16,10,,28,13,18,16,112,114,101,155,111,152,15,13,5,21,27,7,29,13,18,19,41,16,37,51,15,15,19,11,12,28,11,21,24,19,50,25,25,25,18,18,16,21,19,16,12,9,28,21,15,7,14,8,15,11,10,36,61,56,23,39,56,29,46,44,40,38,48,20,22,15,20,13,22,15,31,15,23,4,18,9,32,26,17,32,18,13,11,4,13,16,22,26,49,31,20,9,28,9,30,9,19,11,15,14,31,17,6,10,11,14,17,23,32,6,9,6,15,,11,37,10,11,17,10,6,10,5,13,9,15,,,,6,2,,22,37,28,29,38,35,14,14,27,10,29,33,19,30,13,32,26,22,14,62,24,27,51,21,32,21,10,11,11,10,12,39,97,4,20,11,9,3,6,29,104,9,22,32,86,30
20180102,14,NO2,22,39,49,37,23,38,50,8,7,23,29,44,38,47,16,13,15,16,29,40,57,61,36,32,44,53,61,61,69,40,21,16,33,83,35,65,54,77,47,34,14,37,25,15,75,24,13,35,50,67,57,48,40,58,22,58,76,43,61,32,27,56,52,7,54,62,33,17,4,107,27,29,16,47,48,37,12,16,26,12,14,78,45,34,25,23,42,33,17,25,99,73,33,14,16,40,17,15,11,29,18,15,56,21,58,9,38,7,32,75,85,8,17,13,13,14,11,10,9,18,62,45,54,89,40,32,74,74,64,69,58,34,25,27,31,15,50,7,51,64,95,72,27,19,45,33,12,108,63,33,75,90,10,13,25,13,14,28,37,32,60,57,29,34,18,19,27,12,19,20,47,48,56,57,58,37,59,53,29,46,21,33,47,43,,11,75,72,25,78,36,60,77,60,57,12,6,9,9,3,2,13,14,5,14,24,11,12,6,9,12,8,17,10,22,7,18,16,7,42,14,31,42,59,86,72,12,56,40,41,41,49,101,50,11,21,11,16,30,14,35,41,34,51,33,45,29,30,36,47,35,59,76,69,87,80,57,59,46,72,43,28,45,50,33,37,23,23,54,36,14,25,18,17,19,24,19,18,30,30,38,20,23,35,43,27,52,83,39,57,58,53,17,6,6,16,25,16,18,21,8,31,,44,24,16,39,8,9,9,14,18,43,41,10,,,,5,3,,67,47,25,45,9,33,15,6,18,10,19,12,14,11,18,18,21,16,10,21,1,35,11,26,21,42,25,38,10,36,11,7,31,,16,29,,19,10,76,21,29,23,10,7,10
20180102,14,NO2_24h,48,49,64,57,34,76,69,24,41,55,56,75,72,71,41,33,35,28,68,52,60,60,45,43,65,55,65,61,65,36,35,25,46,62,70,61,49,59,37,55,27,51,39,27,57,33,26,59,84,47,91,79,60,81,28,48,81,56,65,61,41,74,68,8,57,73,32,28,12,108,59,46,35,54,62,54,41,29,41,41,21,89,77,67,63,54,87,57,50,62,84,84,64,33,32,55,27,21,24,44,21,33,60,36,48,21,82,27,64,79,82,29,34,40,40,35,21,20,24,37,49,45,47,86,74,77,81,74,61,58,60,42,29,37,42,23,31,15,55,59,63,63,49,51,42,30,16,102,74,66,71,96,10,29,31,13,25,71,74,55,52,74,54,42,37,44,62,25,45,30,42,64,56,46,67,41,55,42,39,43,23,44,40,49,,26,66,58,48,70,59,75,83,58,57,23,12,14,24,19,5,15,12,11,27,28,18,38,35,25,21,20,24,13,29,20,26,35,12,71,16,60,50,54,53,71,19,82,40,53,38,45,48,52,21,25,16,40,39,28,34,48,51,42,39,44,37,42,90,96,85,83,73,67,70,67,59,56,74,79,68,57,43,60,29,41,28,39,47,42,20,31,29,43,39,48,41,46,36,42,30,26,32,57,47,31,48,62,38,54,45,35,32,11,17,24,27,23,19,26,11,29,,23,32,16,35,13,10,13,19,19,43,38,18,,,,9,16,,56,61,40,53,12,46,25,18,37,22,33,28,54,28,38,49,27,22,24,35,32,25,36,19,34,57,28,39,13,35,36,36,58,12,32,45,54,14,12,70,33,47,38,35,28,24
20180102,14,O3,48,41,19,46,56,30,32,70,66,49,45,30,33,27,68,61,58,53,53,70,43,44,59,68,59,30,40,29,23,55,58,82,62,33,66,37,55,30,52,69,80,67,70,86,30,73,87,62,16,48,30,36,26,82,127,102,84,114,125,130,129,81,102,83,8,69,14,53,95,7,65,67,63,30,37,56,64,55,56,67,94,50,58,27,39,44,31,76,58,42,26,43,85,58,52,80,124,163,146,105,122,151,72,156,107,51,22,59,89,5,15,53,64,60,57,61,58,69,64,55,30,49,10,15,24,35,40,22,43,17,11,50,46,38,69,132,41,91,33,35,16,15,101,77,39,21,67,6,38,53,14,4,52,72,54,52,52,46,30,60,72,50,42,49,53,38,46,62,56,55,59,47,50,41,51,51,42,41,47,51,39,66,83,55,,55,18,24,125,46,34,38,26,11,14,69,62,57,63,76,71,61,64,69,50,53,57,65,69,61,82,82,54,72,57,54,70,49,72,65,71,42,31,37,17,38,54,39,38,58,67,43,30,52,92,101,106,105,71,38,43,56,90,58,67,49,57,57,34,47,32,20,18,35,27,11,21,37,44,24,30,52,27,29,18,44,57,52,50,73,36,52,40,121,154,129,149,136,46,92,26,93,66,54,15,71,56,38,18,39,49,10,96,73,88,89,35,36,38,24,31,10,,20,92,94,23,43,52,53,22,54,10,23,106,,,,70,71,,23,40,72,34,72,48,71,71,77,73,70,60,72,70,88,75,88,68,75,93,83,69,42,56,71,31,44,46,41,44,64,65,52,88,58,41,22,35,56,20,62,88,160,63,69,58
20180102,14,O3_24h,50,57,38,47,57,45,41,71,66,49,47,30,45,36,68,60,60,57,60,88,111,123,97,91,80,62,110,78,99,76,79,88,114,123,106,128,108,106,125,134,105,110,101,119,107,88,106,70,51,90,56,52,46,101,137,120,133,115,125,130,129,127,98,99,16,119,27,73,96,39,130,74,78,39,52,62,68,82,62,67,113,95,81,63,76,66,85,82,69,94,55,91,93,77,53,113,156,163,153,105,150,182,134,158,158,52,91,59,89,33,38,54,64,60,57,62,66,70,66,55,113,127,67,51,54,57,58,80,62,37,16,81,67,77,80,145,78,98,100,93,48,84,138,100,55,43,90,63,80,61,75,45,68,72,79,66,73,73,92,84,95,83,71,140,68,65,75,86,77,85,133,55,89,81,72,128,102,128,120,148,88,103,117,116,,56,93,111,138,94,41,44,58,25,38,85,65,57,67,78,70,61,91,83,55,59,58,66,69,61,77,83,61,74,69,58,73,59,73,65,76,95,111,90,93,85,75,107,94,101,114,91,109,114,113,116,114,105,86,82,63,58,98,89,73,62,57,65,52,60,67,67,92,85,88,96,72,45,74,39,40,82,82,83,19,77,60,61,58,79,54,57,50,121,180,141,149,150,58,95,61,93,99,81,68,115,114,117,25,58,93,64,113,75,166,102,67,36,77,41,41,27,,81,106,98,94,72,52,53,22,74,48,49,107,,,,108,78,,96,68,72,68,79,82,94,76,97,90,103,78,74,92,94,78,88,68,75,128,84,82,54,80,100,40,75,64,49,69,92,67,52,120,64,47,51,64,59,29,61,88,180,63,69,58
20180102,14,O3_8h,24,21,10,22,35,12,17,61,27,18,21,14,17,11,55,37,43,37,32,62,31,42,45,42,33,18,34,23,18,41,44,67,42,24,30,27,34,30,47,35,65,54,48,41,26,51,62,34,8,30,15,14,16,38,87,77,34,69,74,69,79,32,42,79,6,40,12,26,73,7,53,36,54,19,20,30,46,44,39,35,75,21,23,15,24,29,13,47,39,21,22,17,30,51,42,35,81,108,93,44,84,88,34,91,57,24,15,51,34,4,11,24,41,34,32,32,46,58,46,35,24,30,8,12,13,13,19,15,33,12,6,40,45,41,42,90,31,72,12,14,13,7,52,33,36,22,37,5,19,20,9,4,51,50,44,44,56,23,14,31,51,18,26,38,49,25,24,53,30,28,49,38,31,40,43,30,31,41,47,37,44,52,69,30,,46,13,18,64,17,18,24,14,8,12,43,47,49,52,63,61,37,57,58,32,44,42,37,37,38,58,74,46,70,43,35,62,32,62,36,69,27,16,26,25,32,55,24,27,39,50,37,44,40,79,75,82,62,32,21,27,26,39,38,32,28,23,42,18,21,13,9,12,27,14,7,11,23,16,22,11,24,13,9,9,21,24,36,29,41,34,26,35,74,72,69,76,68,15,34,25,36,29,22,10,25,27,20,8,40,46,10,42,44,64,50,37,17,31,21,17,15,,7,47,82,19,31,40,39,10,48,7,14,72,,,,50,42,,12,26,44,18,70,36,57,41,61,56,56,58,13,54,64,28,70,46,42,48,45,51,29,48,51,11,39,44,35,36,42,45,25,103,45,23,8,27,34,13,27,38,79,36,41,47
20180102,14,O3_8h_24h,23,21,10,22,39,12,17,61,27,18,21,14,17,13,61,43,50,38,36,67,36,59,57,63,33,18,39,25,36,45,47,67,43,33,32,32,70,51,71,35,77,68,60,98,71,78,68,34,9,70,19,14,18,39,115,90,37,69,74,69,90,40,42,79,10,46,23,28,87,7,60,60,54,20,20,30,60,52,39,40,84,21,23,15,24,29,14,50,39,33,28,17,30,57,42,35,93,108,93,44,102,88,55,91,58,24,15,51,34,5,13,25,42,37,32,46,46,58,46,35,71,74,20,18,13,13,19,39,38,13,6,40,45,45,42,92,36,72,20,16,13,7,64,43,41,39,44,5,24,20,11,4,55,61,48,59,58,27,32,42,62,19,26,38,49,25,55,79,30,28,58,38,44,56,43,30,58,47,47,73,64,53,69,103,,46,21,26,68,24,18,24,19,8,12,60,50,49,53,63,63,37,86,59,37,45,46,37,37,38,58,75,47,72,51,39,63,47,63,37,74,36,53,59,53,57,55,25,44,45,80,51,75,67,96,76,90,62,41,21,37,28,44,42,32,28,28,42,18,21,13,18,25,47,14,27,13,26,16,23,11,25,25,9,9,34,24,37,36,55,47,26,38,74,78,69,80,68,16,34,36,36,29,24,10,55,31,29,16,44,52,19,49,44,64,69,41,23,45,38,27,23,,26,47,87,25,42,44,39,10,53,7,14,85,,,,69,60,,21,26,44,42,72,36,57,41,61,56,60,61,13,54,64,53,70,46,42,48,46,61,29,62,51,11,46,44,37,57,42,45,31,108,46,23,17,31,39,13,44,38,79,38,41,48
20180102,14,CO,0.517,1.272,1.613,1.333,0.66,1.15,1.78,0.6,0.375,0.933,0.767,1.3,1.475,1.25,0.763,0.536,0.687,0.589,0.96,0.81,0.8,0.763,0.58,0.8,0.88,1,1.071,1.1,0.825,1.275,0.7,0.78,0.8,1.336,0.8,0.8,0.992,1.214,0.8,1,0.833,0.7,1.2,0.8,1.31,0.725,0.55,1.011,1.388,1.467,1.9,1.189,1.02,1.14,0.973,0.9,1.15,0.95,1.05,1.08,1.28,1.35,1.463,0.7,1.338,1.213,1.238,0.743,0.68,3.246,0.78,0.9,0.38,2.029,0.933,0.717,0.75,0.725,0.25,0.7,0.55,2.267,1.25,1.333,0.867,0.833,1.6,0.8,0.58,0.98,2.833,2.967,1.133,0.6,0.7,1.3,0.783,1.033,0.8,0.95,0.9,1.033,1.333,1.1,1.1,0.667,1.95,0.82,1.5,2.283,2.65,0.367,1.057,0.517,0.667,0.76,0.857,0.5,0.46,0.6,1.5,1.06,1.371,2.843,1.7,1.333,2.55,2.25,2.125,1.88,1.833,1.133,1.12,1.533,1.067,1.15,1.85,0.6,0.825,1.8,8.84,1.2,1.225,0.8,1.35,1.05,0.6,3.2,2.4,1.333,2.438,3.225,0.633,0.65,1.233,0.725,1.167,1.1,1.35,1.2,1.1,1.9,0.85,0.9,1.1,1.15,1.05,0.7,0.85,0.95,1.05,0.8,0.9,0.7,0.75,0.8,0.667,1.2,1.4,0.55,0.433,1.7,1.2,0.55,,0.35,2.75,2.625,0.9,6.117,1.4,1.775,3.767,2,2.367,0.533,0.433,0.35,0.4,0.35,0.35,0.1,0.733,0.32,0.275,0.333,0.8,0.8,0.7,0.95,0.45,0.667,0.575,0.625,1.05,0.5,0.5,0.733,0.667,2.1,0.5,0.767,1.017,1.067,3.18,1.325,0.75,0.933,0.85,0.933,1.325,1.65,1.6,1.067,0.48,0.767,0.575,0.775,0.833,0.68,1.88,1.04,0.72,2.06,1.375,1.3,1.04,1.5,1.567,1.65,1.475,2.133,2.225,2.48,2.8,2.633,1.15,1.7,1.2,1.55,1.45,0.8,1.475,2,1.2,1.383,1.42,1.5,1.8,0.96,1.04,1.325,0.333,0.975,1.033,1.633,0.825,1.067,1.6,1.25,1.567,1.35,1.3,0.925,1.15,0.867,0.94,1.075,1.22,1.8,1.425,1.55,0.82,0.433,0.4,0.64,0.96,0.675,1.45,1.25,1.1,1.15,,1.05,0.7,0.867,1.45,0.75,0.533,0.8,0.8,0.95,1.3,0.9,0.45,,,,0.833,0.4,,1.9,1.5,1.2,1.05,1,0.833,1.4,0.2,0.35,0.45,0.733,0.35,0.6,0.9,0.9,1.3,0.9,1.4,0.7,0.9,0.6,2.3,0.15,0.933,0.6,2.45,1.7,1.6,0.75,1.4,0.7,1.5,1.567,,0.45,1.6,2.2,1.4,0.45,2.625,1.067,1.1,0.975,0.5,0.85,0.95
20180102,14,CO_24h,1.367,1.289,1.85,3,0.72,2,2.183,0.85,1.32,1.767,0.933,2.067,2.1,1.743,1.4,0.745,0.91,0.79,1.778,0.88,1,0.738,0.72,1,1.48,1.067,1.2,1.278,0.975,1.2,1.04,0.76,1.2,1.255,1.113,1,1.203,1.231,0.767,1.2,1.033,0.933,1.2,1.067,1.43,0.975,0.7,1.089,2.425,1.056,2.422,1.456,1.09,1.33,1.055,0.925,1.263,1.075,1.15,1.34,1.34,1.375,1.65,0.75,1.318,1.45,1.044,0.929,0.683,3.023,1.38,1.325,0.971,2.043,1.143,0.95,1.775,0.775,1.1,1.167,0.725,1.833,2.2,1.767,2.133,1.267,3.15,1.46,1.74,2.16,2.433,3.167,1.767,0.85,1.025,1.62,1.033,1,1.025,1.15,0.9,1.2,1.333,1.2,1.2,0.933,2.833,1.2,2.8,3.517,2.2,1.275,1.6,1.05,1.533,1.38,0.943,0.74,0.94,1.02,1.4,1.26,0.929,2.8,2.72,2.4,2.85,1.875,1.825,1.78,2.033,1.083,1.12,1.875,1.15,1.2,1.183,0.7,1.175,1.633,4.3,1.075,1.325,1.025,1.25,1,0.75,2.875,2.5,2.925,2.038,2.5,0.6,0.7,0.9,0.64,1.433,2.45,2.1,2,1.2,1.9,2.05,1.8,1.95,3,2.15,1.1,1.55,2,1.6,0.9,0.8,0.7,0.7,0.95,0.833,1.3,1.7,0.8,0.633,1.1,1.2,0.9,,0.65,1.625,1.725,1,4.467,1.94,2.025,3.567,2.8,2.567,0.667,0.433,0.5,0.667,0.45,0.333,0.6,0.633,0.42,0.35,0.5,0.8,1.25,1.65,1.4,0.8,1,0.8,0.675,1.1,0.6,0.72,1.133,0.8,2.6,0.5,1.333,1.417,1.3,1.433,1.125,0.9,1.267,1.3,1.333,1.3,1.6,1.367,1.1,0.72,0.833,0.7,1,1.133,0.9,1.62,1.02,0.78,1.96,1.05,1.14,1.08,1.3,3.033,2.275,2.75,2.5,1.775,2,2.275,1.6,1.25,1.45,1.433,1.64,1.8,1,1.35,1.533,1.45,1.25,1.46,1.6,1.6,0.94,1.12,1.64,0.467,1.675,1.3,1.533,1.25,1.4,1.7,1.45,1.267,1.35,1.3,1.175,1.15,0.9,0.92,0.975,1.366,2.42,1.25,1.075,0.88,0.567,0.45,0.82,1.04,0.875,1.3,1.2,1.2,1,,0.75,1.1,0.9,1.4,0.65,0.667,0.9,1.05,0.7,1.7,1,0.65,,,,1.2,0.6,,2.15,1.425,1.667,1,0.8,1.4,1.4,0.6,0.7,0.75,1.2,0.7,1.2,1.65,1.4,1.8,0.7,1.3,0.7,1.3,1.1,1.2,0.967,0.8,0.967,3.05,2.1,1.533,0.85,1.2,1.9,2.7,2,0.4,0.5,1.4,2.1,1.3,0.6,1.8,1.5,1.233,1.2,1.2,1.775,1.45
20180102,15,AQI,38,54,113,61,52,130,69,34,32,30,59,74,119,94,30,37,37,46,65,45,93,59,47,55,115,84,67,61,103,74,65,60,76,127,51,71,95,96,66,63,34,64,87,56,142,60,51,71,110,135,171,110,147,94,76,92,115,94,114,92,89,132,92,61,91,114,40,22,39,332,85,79,50,164,121,96,53,57,41,52,46,284,104,73,86,63,103,102,38,96,279,216,105,39,58,125,58,77,64,61,66,82,111,66,120,19,208,29,186,148,168,40,41,38,46,44,50,31,45,25,154,100,141,198,121,126,181,181,249,242,203,91,78,89,132,65,188,49,109,230,133,120,115,83,154,18,34,237,147,62,176,370,60,48,77,40,82,56,104,83,130,191,69,78,42,55,71,38,33,43,63,61,63,70,64,78,69,74,72,102,45,132,88,52,,34,304,243,61,234,88,115,272,133,133,55,26,27,37,33,32,23,64,41,47,50,29,32,51,39,37,39,72,40,142,69,69,94,33,105,35,85,131,115,174,250,67,122,141,92,182,203,224,133,55,55,47,46,65,62,130,116,96,120,136,133,119,82,95,105,89,146,237,246,254,273,142,200,100,261,116,90,109,213,128,116,117,79,113,116,44,88,67,75,75,86,88,67,119,128,109,141,98,76,130,75,121,172,119,212,181,131,97,30,67,29,60,49,25,36,31,125,20,82,45,42,55,25,27,22,17,29,64,73,69,,,,81,24,,160,78,132,114,82,91,109,60,84,53,86,85,56,42,122,63,89,68,75,42,30,65,53,59,90,137,59,141,31,193,482,121,122,52,25,158,204,411,25,305,45,76,78,39,42,30
20180102,15,PM2.5,12,36,84,43,25,98,49,8,8,15,36,53,89,52,5,16,15,22,46,24,69,35,19,30,86,52,35,39,76,53,30,41,55,96,27,51,55,71,47,40,19,43,64,21,108,27,23,50,82,102,129,82,112,70,55,68,86,70,85,68,66,100,68,35,67,84,28,12,9,246,29,26,15,124,91,71,14,17,21,15,17,233,53,44,48,44,76,63,20,49,217,165,60,20,27,94,32,56,45,41,37,60,83,46,90,10,157,5,140,104,127,7,18,18,15,17,24,10,17,17,117,75,107,148,91,70,136,136,198,191,152,67,57,66,100,46,141,22,81,179,88,90,86,51,117,10,15,161,112,17,118,264,23,17,34,28,24,29,77,42,98,143,43,29,18,26,34,23,18,12,34,31,44,33,33,57,44,53,52,66,20,100,43,29,,15,253,192,32,183,58,86,221,101,101,13,8,13,7,7,4,8,36,9,13,28,20,10,27,13,16,9,52,23,108,35,49,70,14,74,7,62,99,86,131,199,37,92,107,68,137,152,173,101,19,33,23,27,46,43,98,87,71,90,103,101,89,58,70,71,66,111,186,195,203,222,108,150,75,210,87,66,81,162,97,87,88,52,84,87,28,51,48,54,54,63,65,46,89,97,81,107,73,26,98,52,91,130,89,161,136,99,57,3,41,8,38,34,17,25,12,94,7,60,21,21,35,14,12,9,8,10,45,33,4,,,,35,10,,121,41,100,85,31,54,66,16,38,19,47,34,29,15,53,26,46,44,39,29,2,34,10,23,48,104,41,105,19,105,146,43,92,20,13,120,153,92,10,254,31,55,54,16,9,13
20180102,15,PM2.5_24h,39,32,86,53,24,123,66,24,37,46,58,107,108,78,34,28,26,28,191,32,93,47,38,44,173,64,55,55,78,54,51,32,103,96,57,77,83,82,48,75,29,78,71,49,128,48,40,57,166,48,183,96,89,93,68,78,92,86,93,93,78,112,91,38,72,104,19,17,15,226,57,69,41,106,93,78,48,26,59,42,42,232,167,90,142,71,163,151,75,177,214,225,96,49,63,96,52,70,72,53,49,100,83,65,93,12,219,35,129,174,110,35,41,58,45,57,25,36,44,60,135,101,64,158,141,189,156,176,155,186,150,77,74,111,121,73,110,23,87,123,53,80,99,92,101,28,16,250,139,60,165,216,38,44,35,25,52,170,186,64,101,103,109,91,51,134,82,40,48,59,45,35,42,33,35,87,55,70,90,72,38,100,46,84,,30,143,178,61,162,107,87,185,117,122,26,16,18,29,15,9,17,29,13,39,28,29,49,67,48,29,34,64,36,78,40,59,93,17,101,11,117,154,140,132,155,45,107,162,120,136,173,144,110,41,43,43,44,68,50,94,88,72,81,98,95,87,68,106,112,192,163,183,155,190,153,74,80,77,144,96,68,75,94,102,85,91,61,76,92,71,61,74,74,75,89,93,70,103,108,70,117,78,34,88,70,81,89,94,163,104,73,55,13,32,13,56,21,39,33,19,40,13,19,40,19,33,14,14,14,18,7,51,23,16,,,,35,20,,135,39,92,73,49,73,52,61,60,48,69,62,61,50,61,71,35,45,33,42,32,26,51,26,56,101,33,91,28,91,120,79,123,21,23,113,136,63,10,188,55,62,78,45,45,29
20180102,15,PM10,37,55,140,69,52,181,79,26,31,29,66,77,136,135,19,36,36,45,75,44,123,65,46,57,145,115,82,70,126,85,78,67,77,163,50,90,137,120,80,74,28,76,105,59,147,68,50,90,163,189,252,107,128,101,90,94,154,93,136,87,111,125,111,69,112,175,35,21,19,444,117,105,49,163,149,120,54,62,40,51,45,347,155,94,120,68,89,152,37,139,404,330,158,38,63,133,63,82,72,69,79,70,132,79,110,18,265,28,233,244,192,39,40,37,45,43,49,18,44,24,143,109,165,243,139,200,249,271,246,285,251,87,71,89,140,73,207,48,143,233,214,145,126,114,183,17,33,375,236,71,300,475,68,47,102,35,112,60,143,113,208,199,85,104,41,58,90,37,32,42,73,69,74,88,75,87,86,78,65,151,44,182,124,51,,33,363,336,69,284,123,167,367,180,188,58,23,26,36,6,14,22,76,40,46,49,28,31,50,38,36,37,50,39,74,85,62,111,27,157,18,100,140,137,182,264,82,123,131,104,205,234,239,165,58,57,39,45,71,72,148,157,105,161,166,173,137,112,138,157,121,236,305,302,343,318,174,224,133,242,179,127,,228,141,135,131,106,142,136,43,124,73,72,71,97,100,82,99,152,130,161,109,100,150,97,168,254,149,215,266,156,142,12,81,17,68,39,17,33,30,117,9,94,44,31,57,24,26,19,16,28,74,94,85,,,,110,16,,219,103,158,158,111,129,165,68,116,54,120,118,59,41,191,74,126,83,97,40,29,78,53,65,127,163,54,229,30,334,581,190,111,,21,190,210,510,24,337,37,89,104,38,41,29
20180102,15,PM10_24h,69,49,148,106,50,200,112,47,84,86,91,154,179,184,76,48,48,71,201,45,161,77,67,86,267,147,108,86,143,94,118,65,140,152,94,130,142,125,74,123,44,109,119,87,169,85,75,100,303,111,266,166,121,120,108,97,145,108,129,111,108,143,134,65,113,207,27,35,73,401,166,161,103,135,151,147,101,80,85,61,77,351,260,150,201,110,271,264,127,296,345,319,176,86,124,123,92,76,110,85,94,112,134,112,112,28,363,71,233,292,186,61,67,88,87,62,54,41,77,74,139,145,100,256,212,246,265,284,221,248,240,113,101,179,151,84,143,39,164,210,126,135,151,213,152,44,32,423,291,156,322,416,148,146,91,36,139,245,317,142,195,168,186,168,83,182,168,89,102,116,101,76,70,81,74,130,101,95,116,103,64,178,170,132,,43,261,308,106,281,224,186,335,197,223,63,37,28,66,28,18,32,60,32,74,73,46,79,94,83,48,59,76,56,90,51,72,136,30,210,25,184,227,208,188,224,83,150,216,179,209,268,219,187,72,66,60,72,102,87,156,165,120,137,157,162,128,127,192,198,246,288,309,258,295,261,143,122,146,186,208,140,128,164,146,133,108,127,130,140,99,115,140,106,95,132,155,106,135,163,101,170,111,110,151,108,143,205,143,229,224,116,139,26,69,25,81,29,100,56,45,51,18,44,96,38,58,31,23,26,30,25,83,69,87,,,,73,32,,213,110,159,128,129,160,146,130,167,165,189,183,160,99,135,152,89,78,77,69,60,57,127,86,149,147,47,124,40,380,395,190,148,37,38,136,184,304,21,258,85,98,125,66,73,52
20180102,15,SO2,5,28,24,38,28,22,28,7,8,6,28,17,24,56,14,17,14,18,28,9,17,14,18,16,28,18,13,17,16,15,9,12,16,13,10,15,11,29,13,9,7,15,12,6,18,7,6,20,33,19,26,9,17,15,10,16,21,7,18,12,14,31,15,5,16,13,24,15,6,63,26,19,33,14,17,14,12,23,26,22,7,26,30,19,18,16,25,24,14,23,37,36,19,10,19,36,12,9,10,10,10,9,21,15,21,8,9,12,32,171,85,9,21,13,21,41,15,18,8,13,19,20,17,44,25,20,35,36,45,16,26,5,7,5,24,8,80,1,6,31,214,24,22,5,8,13,13,76,74,20,29,54,8,6,129,5,5,23,24,20,21,25,16,11,15,13,14,14,10,9,16,7,25,15,18,12,16,20,14,22,11,12,14,7,,12,17,22,9,80,77,58,136,130,86,10,9,4,8,19,6,43,24,6,21,40,70,22,10,7,8,11,7,11,25,15,14,16,8,19,19,16,19,22,59,21,24,17,20,8,9,28,50,20,8,12,5,11,9,5,48,62,52,57,40,54,28,27,18,20,20,27,23,29,18,25,13,18,5,17,9,9,5,17,4,33,27,5,36,21,5,13,3,10,15,34,25,43,33,16,19,23,9,21,9,20,21,19,15,14,10,7,10,7,10,16,22,18,5,9,6,18,6,11,18,10,16,14,9,5,11,5,11,12,11,,,,5,2,,27,45,15,13,53,30,10,12,19,9,14,23,17,35,17,17,39,26,15,26,3,31,9,35,27,33,10,16,9,17,9,11,54,5,14,10,7,4,7,28,40,9,18,13,12,11
20180102,15,SO2_24h,11,22,30,68,29,39,32,17,20,22,30,23,42,71,32,27,27,45,66,11,15,13,19,23,25,17,13,18,21,13,11,11,18,13,14,17,11,30,13,12,7,21,15,9,15,10,8,14,66,15,41,15,14,18,8,14,19,9,18,12,12,28,16,5,15,14,15,18,6,48,28,29,71,11,22,17,44,19,43,54,9,51,41,36,28,28,60,28,23,33,37,55,21,11,20,25,15,10,15,7,10,15,17,21,14,11,20,43,55,223,93,39,39,28,38,80,21,25,13,18,17,21,13,41,46,31,40,34,48,17,22,12,11,9,32,11,37,2,8,28,113,20,20,6,7,10,14,46,68,84,26,40,7,9,58,4,5,42,37,31,22,24,21,27,14,17,25,19,9,10,11,11,21,11,16,13,16,17,14,16,14,12,16,10,,28,14,18,16,114,113,94,138,112,153,15,13,5,20,26,7,30,14,17,19,40,19,36,50,15,15,18,11,12,28,11,21,24,19,49,25,24,25,18,20,17,21,19,16,11,9,28,22,15,7,14,8,15,11,10,37,61,56,24,40,56,29,46,43,39,37,48,21,22,16,20,14,22,14,30,14,22,4,18,8,32,26,17,32,18,11,11,4,13,16,23,26,49,32,19,10,28,9,30,9,19,12,16,14,30,16,6,10,11,13,17,23,32,6,9,6,16,12,11,36,10,11,17,10,6,10,5,12,11,16,,,,6,2,,22,38,27,24,18,34,14,14,27,10,29,33,19,29,14,31,27,22,14,62,24,26,47,22,32,21,10,11,11,10,12,38,93,4,20,11,8,3,6,29,102,9,22,32,86,29
20180102,15,NO2,18,44,47,47,22,40,51,7,7,26,30,37,39,44,15,16,16,18,32,42,70,61,34,33,44,59,61,60,74,38,19,17,33,93,38,55,58,79,59,41,18,41,25,12,75,24,15,33,37,62,47,59,42,58,31,72,65,51,60,32,35,46,44,8,56,46,36,18,4,109,33,27,16,51,43,49,13,18,24,13,14,68,33,30,24,31,31,35,16,15,95,53,37,12,18,37,21,15,15,29,18,13,53,18,52,12,40,8,36,71,84,10,16,15,13,14,15,12,9,18,68,53,49,87,34,30,72,74,67,64,53,44,31,27,31,14,51,8,33,58,95,72,24,17,42,35,12,84,53,30,53,88,10,11,28,13,13,28,24,29,79,42,27,34,16,21,23,14,23,19,54,54,66,63,55,42,57,55,29,48,24,51,47,47,,10,78,71,29,71,48,49,76,69,47,12,6,8,10,4,4,12,15,5,15,25,11,14,7,10,23,8,16,11,29,7,20,16,6,42,14,35,43,59,96,70,12,65,45,43,39,52,103,50,13,20,11,18,30,14,35,39,36,50,37,45,31,25,37,41,37,53,70,72,86,77,50,60,43,75,42,18,45,51,36,35,27,25,49,37,16,27,21,19,25,29,20,18,25,26,39,16,20,30,38,22,37,83,38,59,71,56,19,7,9,19,27,18,19,19,8,34,16,48,13,16,42,9,10,9,11,20,49,30,9,,,,5,2,,61,50,31,47,13,33,15,7,16,11,20,17,15,15,22,17,22,17,9,16,3,20,11,19,22,45,20,31,8,24,10,6,37,5,22,14,,9,12,80,18,27,29,9,7,10
20180102,15,NO2_24h,47,49,64,58,34,75,69,27,41,54,54,72,70,68,37,33,34,28,67,53,60,60,45,43,64,54,65,61,66,35,34,25,46,64,69,62,50,60,38,56,27,51,39,26,59,33,26,58,82,48,89,78,60,82,28,49,82,56,65,61,42,74,67,8,57,72,32,28,12,108,56,45,34,55,62,54,39,29,41,41,21,90,76,66,60,54,87,56,49,61,85,84,64,37,31,55,27,21,25,47,21,32,61,36,49,21,82,26,63,79,82,29,34,39,39,35,20,20,24,35,51,45,42,87,72,76,81,75,62,59,60,42,29,36,42,22,33,15,55,60,64,64,49,51,41,30,16,102,74,65,71,101,10,28,31,13,25,70,73,52,69,74,53,42,36,43,61,25,45,30,43,64,57,44,68,41,56,42,38,43,24,45,40,50,,26,68,60,48,72,59,74,83,58,56,22,12,14,24,18,5,15,12,11,27,28,18,38,35,24,21,20,24,13,29,19,26,34,12,70,15,59,51,55,56,73,19,83,41,52,39,45,51,53,21,24,16,40,39,28,34,48,51,43,40,44,37,41,88,95,84,83,74,68,72,69,60,56,74,79,68,57,44,61,29,41,28,38,47,41,19,31,28,43,39,48,41,46,36,42,30,25,32,56,49,31,48,64,37,53,47,36,32,11,17,24,27,23,19,26,11,29,19,24,31,17,36,13,10,12,19,19,43,27,18,,,,9,16,,57,61,39,53,12,45,25,18,37,22,33,28,54,28,38,48,27,22,24,35,32,25,35,20,35,57,29,40,13,35,35,35,57,12,32,45,55,14,12,71,33,47,39,35,28,23
20180102,15,O3,53,37,21,39,58,50,31,73,66,47,44,34,38,33,68,58,57,52,48,63,36,45,61,65,63,28,41,31,20,56,60,83,66,25,64,43,52,32,42,63,76,64,71,87,28,70,95,65,36,50,36,28,26,90,112,93,92,115,123,142,124,94,116,78,8,88,13,53,93,7,63,69,61,31,38,44,63,54,59,64,99,34,78,35,42,42,37,79,61,49,26,75,83,63,51,96,124,167,160,112,126,143,81,152,118,51,28,59,84,6,18,54,64,61,58,60,57,67,63,56,25,44,21,18,35,42,38,25,39,29,18,41,50,37,74,135,50,92,53,47,17,19,119,79,42,20,69,11,50,70,28,5,57,76,52,52,48,45,39,53,49,63,46,47,56,37,42,61,53,55,52,44,41,32,56,51,46,40,51,53,45,60,89,51,,58,19,23,128,62,23,50,26,9,19,63,63,57,64,77,67,56,69,70,51,53,58,65,69,60,77,83,52,70,53,55,67,50,74,68,73,44,31,43,19,43,55,31,29,61,74,44,29,51,90,105,106,108,72,40,46,60,94,58,67,54,68,62,34,49,33,20,21,35,19,12,28,38,45,27,30,61,24,36,14,46,53,50,62,82,41,47,39,126,148,143,150,140,53,115,25,120,72,59,22,87,73,50,19,38,57,10,99,94,88,88,30,35,37,33,29,16,44,16,89,90,19,42,44,56,30,52,8,27,102,,,,159,75,,30,38,66,30,73,48,76,73,79,78,69,57,75,72,84,77,87,73,78,107,82,81,44,66,65,31,48,50,47,59,68,69,47,94,59,54,26,44,51,17,61,98,171,62,67,58
20180102,15,O3_24h,54,57,35,46,58,63,34,73,67,49,45,34,40,34,70,60,61,57,62,83,111,104,93,91,80,56,98,76,97,66,69,86,106,122,92,125,107,105,121,129,104,108,97,119,106,87,104,69,55,89,52,47,44,104,137,120,136,119,126,142,129,124,109,98,16,120,27,71,96,36,130,74,78,39,47,57,68,81,61,67,109,88,81,58,73,65,80,84,67,91,54,87,93,78,53,113,156,167,163,107,150,182,127,158,158,52,90,59,89,26,38,55,66,62,58,62,61,70,66,56,103,127,65,50,51,58,60,72,60,46,18,81,66,77,75,142,77,97,99,87,48,82,136,100,55,42,90,58,76,67,74,43,68,76,77,66,74,70,87,84,81,81,68,132,60,65,72,86,74,79,123,48,84,67,65,128,87,128,110,146,87,103,117,112,,58,82,108,138,89,39,47,55,22,28,85,65,57,68,78,70,61,91,83,54,57,58,66,69,61,78,83,58,74,67,55,71,57,74,68,76,95,101,86,93,77,74,94,90,97,114,88,109,108,111,116,112,108,79,73,56,60,95,86,71,57,68,65,48,56,57,67,90,83,85,83,65,43,67,39,31,76,69,79,19,73,60,58,63,82,54,55,50,126,180,151,151,141,57,115,59,120,99,81,79,115,114,117,24,58,92,62,112,97,109,98,65,37,77,41,40,27,44,81,106,98,94,72,52,56,30,74,48,48,107,,,,128,78,,96,68,72,68,79,82,94,76,97,86,103,78,75,91,94,78,88,73,78,126,83,82,52,79,94,40,75,63,49,69,92,69,52,120,64,49,51,64,59,23,60,95,180,63,69,58
20180102,15,O3_8h,30,25,12,26,38,18,21,67,34,24,26,19,21,17,59,43,47,41,37,63,31,42,48,47,39,20,35,24,19,43,47,71,46,25,37,31,36,29,48,41,67,55,54,49,25,54,68,40,12,33,19,15,18,48,92,80,46,77,84,84,88,43,53,80,7,51,12,30,76,7,54,42,57,21,25,34,49,44,44,42,78,25,33,19,27,34,17,53,45,26,24,26,40,54,45,47,90,119,108,53,91,99,42,105,69,28,17,52,44,5,12,30,46,40,38,38,49,60,49,40,23,32,18,13,17,18,24,17,35,14,8,42,45,40,46,100,34,78,18,19,14,8,62,41,37,20,43,6,24,26,12,4,51,52,46,45,56,28,19,39,43,26,30,44,51,29,29,55,36,34,50,39,31,40,45,34,33,40,47,38,45,54,74,33,,50,15,20,78,24,20,28,15,8,13,45,50,50,54,65,63,42,58,60,37,46,46,45,44,43,63,76,48,70,45,38,64,36,64,42,69,30,19,29,23,34,57,26,20,43,52,38,42,42,81,79,92,73,41,25,30,34,49,40,40,33,31,46,22,27,17,11,14,28,16,8,14,26,20,23,14,28,15,14,10,26,30,37,34,47,34,31,35,84,87,84,91,84,20,47,25,48,37,29,10,33,30,24,10,40,47,11,51,51,68,56,35,19,32,21,19,14,38,8,56,83,19,31,41,42,12,49,7,24,78,,,,62,45,,15,29,49,19,70,38,60,47,64,59,58,58,22,58,70,37,74,50,48,57,51,54,33,50,54,15,41,45,36,36,44,50,28,101,49,26,11,29,37,14,32,47,100,42,48,51
20180102,15,O3_8h_24h,30,25,12,26,41,18,21,67,34,24,26,19,21,18,64,45,52,41,41,68,36,59,58,64,39,20,40,26,36,46,49,71,47,34,38,34,70,51,71,41,77,68,60,98,71,78,70,40,12,70,22,15,20,48,117,90,48,77,84,84,94,48,53,80,10,58,23,31,87,7,60,60,57,21,25,34,60,53,44,43,84,25,33,19,27,34,18,55,45,35,30,26,40,57,45,47,95,119,108,53,102,99,58,105,69,28,17,52,44,6,14,30,46,42,38,48,49,60,49,40,71,74,30,18,17,18,24,39,40,16,8,42,45,45,46,100,38,78,23,20,14,9,67,49,42,39,44,6,26,26,13,4,55,61,49,59,58,30,32,49,43,26,30,44,51,29,55,79,36,34,58,39,44,55,45,34,58,47,47,73,64,54,74,103,,50,22,27,78,31,20,28,16,8,13,60,51,50,55,65,64,42,86,61,38,47,48,45,44,43,63,77,48,73,51,41,64,49,64,42,74,38,53,59,53,57,57,27,42,45,80,51,75,67,96,79,95,73,43,25,38,34,50,43,40,33,31,46,22,27,17,18,25,47,16,27,15,28,20,24,14,28,25,14,10,34,30,39,38,55,47,31,39,84,87,84,92,84,20,47,36,48,37,29,10,55,33,31,16,44,53,19,55,51,68,69,41,23,45,38,27,23,38,26,56,87,27,42,44,42,12,54,7,24,88,,,,82,60,,22,29,49,42,76,39,60,47,64,59,60,61,22,58,70,53,74,50,48,57,51,61,33,63,54,15,46,45,38,57,44,50,32,108,49,26,17,31,39,14,45,47,100,42,48,51
20180102,15,CO,0.4,1.344,1.5,1.733,0.66,1.25,1.533,0.56,0.36,0.8,0.7,1.233,1.4,1.243,0.771,0.518,0.69,0.58,0.94,0.789,0.767,0.913,0.52,0.82,0.92,1.033,1.071,1.113,0.9,1.2,0.68,0.84,0.8,1.34,0.775,0.733,0.967,1.174,0.833,1,0.767,0.7,1.167,0.8,1.34,0.667,0.567,0.967,0.85,1.356,1.55,1.222,1.07,1.091,0.964,0.9,1.1,1,1.075,1.06,1.28,1.225,1.371,0.7,1.318,0.983,1.289,0.667,0.617,3.133,0.82,0.85,0.433,2.114,0.829,0.76,0.7,0.75,0.233,0.7,0.55,1.6,0.95,1.333,0.8,0.9,1.467,0.78,0.575,0.7,2.533,2.067,1.1,0.533,0.75,1.26,0.8,1,0.975,0.9,0.9,1,1.333,1.067,1.1,0.767,1.7,0.8,1.6,2.033,2.533,0.575,0.943,0.517,0.683,0.76,0.871,0.5,0.46,0.56,1.325,1.06,1.438,2.771,1.4,1.15,2.375,2.125,2,1.725,1.7,1.3,1.1,1.533,0.9,1.075,1.82,0.6,0.8,1.733,9.24,1.125,1.15,0.75,1.233,1.15,0.6,2.7,2.175,1.225,1.65,2.933,0.633,0.6,1.3,0.725,1.2,1.15,0.8,1.15,1.1,1.4,0.7,0.9,1.1,1.15,0.85,0.8,0.95,0.85,1.1,0.9,0.9,0.75,0.7,0.65,0.667,1.2,1.4,0.65,0.967,1.2,1.1,0.55,,0.35,2.8,2.525,0.867,4.15,1.56,1.7,3.54,2.2,1.967,0.533,0.433,0.4,0.4,0.3,0.35,0.3,0.65,0.32,0.275,0.3,0.8,0.9,0.7,0.95,0.45,0.667,0.5,0.625,1.15,0.6,0.58,0.65,0.633,1.95,0.5,0.783,1,0.967,3.48,1.4,0.75,0.933,0.8,0.867,1.375,1.7,1.5,1.033,0.48,0.8,0.575,0.85,0.733,0.66,1.55,1.08,0.66,2.02,1.275,1.34,1.06,1.5,1.533,1.35,1.45,1.967,2.05,2.475,2.65,2.4,1.025,1.75,1.2,1.76,1.55,0.75,1.55,2.133,1.2,1.317,1.52,1.56,1.66,0.94,1.06,1.46,0.333,1.025,1.167,1.4,0.85,1.033,1.55,1.1,1.467,1.25,1.3,0.9,1.067,0.8,0.85,0.975,1.2,1.56,1.375,1.6,0.78,0.433,0.45,0.64,0.9,0.65,1.45,1.25,1.1,1,0.8,1.05,0.5,0.9,1.2,0.7,0.567,0.8,0.75,0.95,1.35,1.05,0.3,,,,0.767,0.4,,1.4,1.5,1.233,1.05,0.65,0.867,1.4,0.25,0.35,0.55,0.733,0.45,0.6,1.05,0.6,1.3,0.9,1.5,0.6,0.8,0.6,1.4,0.1,0.767,0.65,2.4,1.45,1.233,0.65,1.1,0.7,1.4,1.8,,0.45,1.4,1.9,1.1,0.5,2.675,0.975,2.667,0.95,0.475,0.875,0.95
20180102,15,CO_24h,1.35,1.294,1.85,3.033,0.72,1.975,2.217,0.84,1.32,1.7,0.9,2,2.075,1.663,1.386,0.745,0.91,0.79,1.838,0.89,0.967,0.738,0.72,0.98,1.46,1.067,1.171,1.278,0.975,1.15,0.98,0.76,1.175,1.245,1.088,1,1.203,1.211,0.767,1.2,1,0.933,1.2,1.067,1.45,0.975,0.7,1.078,2.388,1.067,2.411,1.467,1.09,1.309,1.045,0.9,1.263,1.075,1.15,1.32,1.34,1.375,1.638,0.75,1.318,1.386,1.067,0.929,0.683,3.046,1.28,1.275,0.929,2.043,1.129,0.95,1.625,0.775,1.1,1.167,0.7,1.833,2.15,1.767,1.933,1.267,3.117,1.44,1.8,2.12,2.433,3.167,1.767,0.867,1.025,1.62,1.033,1,1.025,1.233,0.9,1.167,1.367,1.2,1.2,0.933,2.867,1.2,2.76,3.5,2.267,1.275,1.6,1.05,1.467,1.36,0.929,0.74,0.92,1.02,1.4,1.26,0.913,2.843,2.775,2.4,2.825,1.9,1.9,1.85,2,1.1,1.12,1.85,1.15,1.15,1.217,0.7,1.2,1.633,4.54,1.075,1.325,1.025,1.25,1.025,0.75,2.9,2.5,2.925,2.025,2.533,0.6,0.7,0.925,0.64,1.4,2.45,2.05,1.9,1.3,1.95,2.05,1.75,1.95,3,2.1,1.1,1.55,2,1.6,0.8,0.8,0.7,0.7,0.95,0.8,1.2,1.6,0.8,0.667,1.1,1.2,0.9,,0.65,1.7,1.825,1,4.533,1.94,2,3.74,2.833,2.6,0.667,0.433,0.5,0.633,0.45,0.333,0.6,0.633,0.42,0.325,0.5,0.8,1.25,1.6,1.35,0.8,1,0.8,0.675,1.125,0.6,0.72,1.133,0.8,2.55,0.5,1.283,1.417,1.233,1.55,1.125,0.9,1.3,1.3,1.3,1.35,1.65,1.4,1.1,0.68,0.833,0.7,0.975,1.133,0.9,1.64,1.02,0.78,1.96,1.05,1.16,1.08,1.3,2.967,2.25,2.7,2.533,1.85,2.02,2.35,1.7,1.25,1.45,1.4,1.62,1.8,1,1.375,1.6,1.45,1.283,1.48,1.62,1.6,0.94,1.1,1.64,0.467,1.675,1.3,1.567,1.25,1.4,1.7,1.45,1.267,1.35,1.3,1.175,1.2,0.9,0.94,0.975,1.35,2.38,1.275,1.1,0.9,0.567,0.45,0.8,1.04,0.875,1.3,1.2,1.2,1,0.9,0.8,1,0.9,1.4,0.65,0.667,0.9,1.05,0.75,1.7,1.1,0.65,,,,1.167,0.6,,2.175,1.425,1.633,1,0.6,1.4,1.45,0.65,0.7,0.75,1.2,0.7,1.2,1.65,1.4,1.7,0.8,1.3,0.7,1.3,1.1,1.1,0.9,0.767,0.967,3.05,2.15,1.567,0.85,1.2,1.85,2.7,1.933,0.4,0.5,1.4,2.2,1.2,0.6,1.85,1.5,1.3,1.2,1.2,1.75,1.375
20180102,16,AQI,36,56,104,77,53,136,69,35,29,31,59,76,114,94,31,39,36,40,76,42,94,57,44,59,113,84,66,61,100,69,66,63,78,114,52,75,94,91,66,75,37,65,83,57,149,65,58,71,87,106,144,109,146,92,74,85,115,104,98,96,91,132,70,62,91,115,45,34,40,275,90,86,52,174,142,104,52,56,41,54,52,227,107,71,77,69,77,114,37,82,241,172,103,34,61,133,65,77,71,57,68,85,108,68,135,25,160,28,177,140,150,34,39,43,52,52,53,32,47,33,154,105,175,198,124,111,146,189,242,208,203,78,66,76,139,66,196,48,96,213,122,122,111,79,147,20,31,182,160,53,124,322,58,54,72,43,56,64,82,77,124,126,62,72,31,59,72,36,34,41,63,62,62,62,58,97,70,71,72,87,45,143,129,54,,39,304,246,65,261,100,108,270,157,143,59,28,27,32,35,33,26,64,44,44,49,28,26,36,38,34,40,54,40,91,52,69,88,35,103,35,78,131,109,191,251,66,125,149,85,179,260,210,137,56,55,49,52,66,62,139,115,91,116,130,130,113,81,93,98,88,138,233,245,241,248,130,208,93,280,135,78,100,228,121,113,121,67,108,122,44,93,61,66,72,93,85,64,120,117,109,136,96,75,114,91,113,161,122,189,181,122,98,34,75,32,61,49,23,55,31,75,,85,52,46,61,34,32,27,12,34,67,68,66,,,,60,25,,131,79,115,132,83,89,88,75,85,50,82,75,56,44,75,76,104,81,70,41,52,47,52,71,96,99,53,122,30,195,468,146,120,50,37,181,195,458,25,295,46,75,79,52,43,32
20180102,16,PM2.5,10,38,77,48,28,103,49,9,11,17,39,55,85,52,5,16,15,21,55,22,70,36,16,28,84,52,34,38,75,49,25,44,57,85,28,50,53,67,46,48,20,46,61,22,114,25,22,50,44,79,110,81,111,68,53,62,86,77,73,71,67,100,50,37,67,83,31,12,10,224,34,36,17,131,108,77,17,16,20,16,18,176,51,47,44,49,56,73,23,26,190,130,75,14,30,101,32,50,50,37,34,62,80,45,102,11,121,6,133,104,115,9,15,18,16,17,27,10,19,20,117,78,132,148,93,68,111,142,191,157,152,57,47,55,106,47,147,23,71,162,85,92,83,46,112,14,18,137,121,18,80,243,15,20,31,30,26,24,48,33,93,95,32,30,20,21,24,19,15,15,35,32,40,24,33,72,44,51,52,64,16,92,74,30,,18,253,195,38,210,75,71,219,119,109,16,10,12,7,6,4,10,38,9,16,26,19,11,20,12,8,13,37,25,67,33,49,65,12,73,5,57,99,81,143,200,46,94,114,62,135,209,159,104,20,32,22,29,47,38,106,86,67,87,98,98,84,58,66,67,62,94,182,194,190,197,98,157,69,229,102,52,75,177,91,84,91,46,80,92,25,59,42,47,52,69,62,44,90,88,81,103,71,27,85,67,84,122,92,142,136,92,52,2,44,8,41,34,16,38,9,54,,62,14,16,34,10,13,12,7,15,48,29,5,,,,31,5,,99,37,86,100,33,53,25,29,37,15,37,36,28,17,50,28,55,47,39,20,3,27,9,19,42,69,36,92,20,96,145,39,90,20,15,136,146,98,7,244,27,54,54,10,11,13
20180102,16,PM2.5_24h,38,33,86,54,25,122,67,23,37,44,56,101,108,77,32,28,25,28,181,31,89,43,37,40,167,59,49,51,72,51,46,32,98,95,54,79,79,80,45,74,28,78,70,48,128,45,39,57,163,48,178,96,91,93,68,77,93,85,92,93,78,112,89,37,72,106,19,17,15,228,54,67,40,108,94,78,49,26,59,42,41,234,160,86,123,70,161,146,75,174,213,225,96,47,62,97,51,70,72,54,48,99,83,65,94,12,217,34,128,175,112,35,40,57,44,57,24,26,40,61,133,98,72,160,137,182,155,179,159,187,150,76,73,108,121,72,112,24,87,127,55,82,99,91,102,28,16,248,139,59,164,211,37,42,34,25,50,165,183,62,100,103,106,88,50,132,80,40,47,58,42,34,42,30,35,81,52,65,82,68,37,100,48,83,,29,151,184,60,167,106,87,187,119,123,26,15,18,28,14,8,17,30,13,39,28,29,48,66,45,30,33,65,36,78,39,47,102,18,101,11,115,154,136,135,160,44,106,158,116,138,178,149,109,40,42,42,44,66,50,94,89,73,81,98,95,87,67,104,109,186,163,187,159,194,159,75,84,77,148,97,68,75,100,103,85,90,60,76,92,67,61,72,73,74,89,92,70,103,107,71,117,78,34,85,71,82,91,94,163,109,75,55,13,33,13,56,21,38,32,18,40,,22,39,19,34,14,15,14,18,11,51,24,16,,,,34,20,,137,40,93,75,48,73,52,60,60,46,68,60,61,49,62,69,37,47,35,42,31,25,48,25,56,100,33,91,27,91,121,64,120,21,23,115,138,64,11,192,54,62,78,45,45,28
20180102,16,PM10,35,60,131,102,53,165,83,22,28,30,65,81,136,136,19,38,35,39,84,41,127,62,43,65,139,115,80,70,124,78,79,70,81,149,52,98,136,126,79,97,32,76,96,62,133,77,63,89,122,155,225,110,123,98,89,94,141,104,110,99,108,124,84,72,107,178,37,33,39,390,127,120,52,134,149,136,51,60,40,55,51,243,162,89,102,84,78,176,36,111,343,227,153,33,70,145,77,79,87,61,84,66,129,83,125,24,221,25,225,227,185,33,38,42,52,51,53,24,46,32,137,109,192,245,142,170,219,266,262,220,230,74,59,69,135,80,209,47,129,218,191,150,139,106,168,19,30,259,222,53,195,436,64,56,91,37,60,75,111,102,163,137,71,91,30,66,91,35,33,40,74,72,71,72,64,87,87,84,66,101,44,234,206,56,,38,369,340,78,300,139,163,359,206,179,66,27,21,31,13,13,25,75,43,43,48,24,25,35,37,28,37,50,39,74,51,70,102,17,153,16,96,144,136,199,261,79,132,161,111,198,243,224,166,59,58,42,52,79,71,166,148,102,158,160,161,127,109,133,144,124,223,306,300,317,280,170,250,120,250,188,104,,262,138,131,145,82,128,144,43,134,70,74,69,106,107,76,102,140,138,146,97,97,133,88,157,249,146,193,271,147,144,11,97,18,69,40,15,53,30,66,,90,51,45,70,33,31,26,11,33,63,84,80,,,,67,16,,178,106,141,169,114,125,123,98,118,49,111,98,59,43,98,100,156,109,88,40,52,46,52,90,139,145,53,144,29,337,567,240,117,,36,156,224,557,24,323,45,80,105,51,42,31
20180102,16,PM10_24h,66,48,148,107,51,198,113,46,84,83,86,145,177,183,73,48,47,70,188,43,154,72,66,82,260,139,101,81,137,89,110,63,133,149,90,137,137,123,72,122,43,108,117,85,168,82,73,98,299,111,263,163,120,120,108,96,146,107,128,111,108,143,132,64,113,214,28,36,73,401,162,161,100,135,150,146,97,79,85,62,76,351,254,144,170,108,266,257,125,293,346,320,176,83,121,124,91,77,110,86,93,111,135,111,113,27,359,69,230,290,187,61,66,87,85,63,54,34,72,75,137,140,113,258,205,246,264,287,223,248,240,111,98,174,151,84,146,39,163,212,131,137,150,206,152,44,31,417,286,154,318,420,143,140,88,37,132,239,312,138,191,168,181,163,82,180,164,87,100,114,96,74,70,74,72,123,96,89,108,98,63,181,171,130,,43,269,315,105,285,224,184,336,200,223,63,32,28,64,27,17,32,61,33,74,72,45,76,91,78,48,58,76,56,97,50,77,155,30,211,25,179,225,202,191,228,82,148,230,174,211,270,222,184,70,65,59,71,99,86,156,164,119,137,156,162,128,126,188,196,239,289,314,263,300,266,144,126,146,189,210,139,128,169,146,134,110,126,130,140,95,116,135,106,93,131,154,105,132,162,104,170,112,109,142,108,144,208,142,228,224,119,139,26,70,24,79,28,97,53,44,51,,47,91,39,58,32,23,26,30,30,82,71,82,,,,71,32,,214,109,159,129,126,160,145,128,163,154,184,177,154,98,136,152,95,82,79,71,59,57,122,85,149,147,47,124,40,363,404,223,145,38,38,138,186,314,21,262,85,98,125,67,73,50
20180102,16,SO2,4,29,22,38,28,22,26,6,8,5,27,19,24,56,16,15,14,18,36,9,19,14,17,17,24,15,12,16,15,13,8,14,17,14,10,15,12,28,14,12,7,17,11,5,15,7,6,20,28,13,23,9,16,14,12,16,22,7,13,12,15,31,14,5,17,12,30,13,5,65,25,20,32,14,16,22,12,19,22,21,7,18,27,19,17,16,23,24,15,20,39,30,29,10,18,31,12,8,11,10,9,9,19,14,21,9,10,12,33,144,63,10,18,11,24,68,18,18,8,16,19,19,21,42,25,19,33,32,46,15,14,6,5,5,36,9,94,2,5,30,224,21,19,4,7,15,14,67,74,17,15,56,5,5,156,5,6,23,21,15,27,19,13,9,11,11,14,11,10,11,15,9,25,17,13,13,16,18,13,20,8,11,13,8,,17,18,17,11,57,45,55,130,136,55,7,8,4,8,20,6,32,24,7,17,30,32,17,10,8,9,12,6,10,39,14,18,9,7,19,25,16,17,22,44,21,23,16,20,8,7,22,56,16,6,11,5,11,11,6,50,55,40,70,37,52,25,34,14,19,18,41,17,26,13,25,9,18,4,17,8,8,6,17,4,29,31,5,33,22,5,14,3,10,12,27,23,29,33,11,16,21,12,21,8,19,16,17,14,13,9,7,9,7,10,16,24,21,5,7,5,17,,10,18,11,12,20,9,5,11,4,10,11,10,,,,5,3,,22,41,12,15,58,26,6,16,19,8,17,28,14,22,20,18,43,22,15,23,4,25,8,25,25,22,5,15,10,10,6,14,55,4,12,12,,4,6,30,44,8,18,11,14,11
20180102,16,SO2_24h,11,21,30,69,29,38,33,16,19,21,28,22,41,69,30,27,26,45,60,11,15,13,19,23,24,16,13,18,20,12,10,11,17,13,13,15,11,30,13,12,7,21,15,9,15,9,8,14,65,14,40,15,14,18,9,15,19,9,18,12,12,28,16,5,15,14,16,18,6,49,26,29,69,11,22,17,33,19,43,53,9,50,40,35,26,28,60,28,26,33,37,54,21,11,20,25,14,10,15,7,10,15,17,21,14,11,20,40,54,222,92,38,39,28,37,80,21,26,13,20,17,21,14,41,44,32,40,34,48,17,21,12,11,8,33,11,40,2,8,28,118,20,20,6,7,10,13,47,68,82,25,40,7,8,61,4,5,42,36,30,23,24,21,26,13,17,25,19,9,10,11,11,21,13,16,13,16,17,14,16,14,12,16,10,,28,14,18,16,114,111,88,137,113,152,15,13,5,20,25,7,30,15,17,19,38,17,36,49,14,15,18,11,12,31,11,23,27,19,48,25,24,25,18,21,17,22,19,15,11,9,28,23,16,7,14,8,15,11,10,38,61,55,26,40,56,29,46,42,38,37,48,21,22,15,21,14,22,13,29,14,22,4,18,8,33,27,15,32,18,11,11,4,13,16,23,26,49,33,18,10,28,9,29,9,19,12,16,14,25,16,6,10,11,12,17,23,31,6,8,6,16,,11,34,11,11,17,10,6,10,4,11,11,16,,,,6,2,,22,39,27,17,18,33,14,13,27,10,30,34,19,28,14,30,28,23,14,62,23,26,44,22,33,21,9,11,11,9,11,28,90,4,20,11,8,3,6,29,99,9,23,32,85,28
20180102,16,NO2,19,50,44,55,24,46,56,8,10,32,31,67,43,48,17,20,17,25,38,42,83,66,34,36,47,61,64,64,83,38,23,20,31,90,45,63,62,72,65,70,21,51,27,15,70,22,23,33,34,46,43,65,43,60,41,69,72,58,53,38,42,59,39,9,56,44,38,19,5,103,34,31,17,52,45,50,16,16,20,17,16,50,31,26,23,28,29,39,19,15,94,38,58,13,20,43,25,15,23,29,19,15,49,20,60,15,42,8,37,72,79,11,17,17,16,19,20,17,11,22,78,59,55,89,38,32,61,68,66,60,32,48,33,29,35,14,58,10,20,59,102,73,24,17,43,32,13,73,57,28,43,89,12,11,29,15,15,31,28,24,106,27,22,30,11,20,22,12,23,19,53,67,79,68,58,67,75,65,33,60,25,71,66,57,,16,83,64,39,74,36,53,76,74,43,16,9,11,11,8,6,11,19,7,17,24,15,15,8,13,15,10,18,12,38,8,37,20,8,43,15,41,38,60,90,76,16,75,50,47,45,72,102,52,16,21,15,22,46,14,39,42,36,47,39,51,33,31,37,41,39,45,63,64,73,72,54,59,34,79,40,19,58,54,33,36,36,26,57,44,18,31,22,24,25,34,25,21,30,23,40,18,22,29,32,21,30,82,42,63,70,53,22,7,10,19,27,20,23,20,9,28,,35,14,13,35,9,12,10,12,23,49,28,7,,,,6,2,,55,52,25,51,15,33,11,9,15,11,22,17,24,13,21,17,26,18,9,14,4,17,10,22,22,34,13,25,9,25,7,5,42,3,18,32,53,6,9,84,24,27,27,11,10,14
20180102,16,NO2_24h,47,50,63,59,34,74,69,25,40,53,51,71,69,67,36,32,33,29,62,53,62,60,45,43,64,54,65,61,66,35,32,24,45,66,69,71,50,60,39,58,27,52,39,26,60,32,26,58,81,48,87,78,59,82,29,51,83,56,65,60,42,74,66,8,56,74,32,28,13,107,54,45,33,56,61,54,35,29,41,40,21,90,75,64,56,54,85,55,48,60,86,83,65,36,31,56,27,21,25,47,20,32,62,35,51,21,81,24,62,79,83,28,33,39,38,34,20,19,24,37,51,46,47,88,71,76,81,75,62,59,59,43,29,35,42,22,34,15,55,61,66,65,48,50,40,30,16,101,74,64,70,94,11,26,30,13,24,69,73,51,74,73,52,42,35,42,60,24,45,30,43,64,59,48,68,43,57,42,38,44,24,46,41,51,,26,70,61,48,73,58,73,83,59,56,23,12,14,24,18,5,15,13,11,26,28,18,38,34,24,21,19,24,13,37,19,31,38,11,68,15,59,51,55,58,73,19,83,43,52,40,47,54,53,20,24,16,40,39,28,34,48,51,43,40,44,36,41,86,93,82,83,76,69,73,70,61,56,73,78,66,56,45,62,29,41,28,37,48,41,18,31,26,43,39,49,41,46,37,42,30,25,33,56,48,31,49,66,37,52,48,38,33,11,17,24,27,22,19,25,10,28,,25,30,17,36,13,10,12,19,19,43,28,18,,,,9,16,,58,61,39,54,12,45,25,18,37,22,34,28,54,27,38,47,28,22,24,35,30,25,33,20,34,57,29,40,13,32,35,33,56,12,32,45,56,14,12,72,33,47,39,34,28,23
20180102,16,O3,53,31,27,31,56,25,27,76,66,43,44,32,36,30,64,53,54,46,52,62,24,43,61,61,65,27,38,27,15,51,54,81,72,24,56,37,49,50,35,36,74,57,72,79,25,70,94,66,35,51,37,22,33,89,103,90,88,123,128,141,114,86,113,82,8,87,15,50,92,8,64,67,64,30,35,41,58,56,63,60,94,28,84,43,45,41,39,82,61,45,19,83,72,65,48,94,125,165,173,120,122,141,78,141,122,49,32,59,84,5,20,54,61,59,56,57,52,64,60,54,24,44,21,30,37,38,41,29,38,35,57,38,52,38,74,142,55,91,72,52,16,22,126,78,44,23,70,14,46,70,32,5,61,76,52,50,50,44,36,40,42,55,49,52,64,27,43,63,54,54,49,34,23,29,51,33,26,30,47,41,47,48,67,41,,54,16,23,126,41,34,42,25,7,22,57,61,55,65,72,63,56,59,67,49,56,56,64,65,57,76,80,48,68,42,54,42,45,74,61,72,38,35,44,14,33,51,23,28,59,64,39,34,49,86,103,103,107,53,37,40,57,96,66,58,54,65,58,38,50,32,27,22,39,15,11,26,40,57,27,34,62,14,36,16,46,39,51,59,78,40,43,37,130,144,148,144,132,50,119,24,123,80,60,31,92,86,55,16,37,61,13,92,105,93,86,33,36,35,35,36,14,,26,78,83,28,50,42,55,34,41,8,30,90,,,,70,74,,39,36,73,32,72,48,79,74,72,82,65,56,65,83,84,80,84,74,80,113,81,82,45,64,71,40,62,54,49,63,73,60,43,,59,46,28,46,57,15,57,102,174,58,64,57
20180102,16,O3_24h,54,59,30,46,59,54,33,77,68,49,45,34,36,33,70,60,61,56,73,78,108,83,85,85,77,46,72,69,78,64,61,86,93,117,82,105,99,103,101,120,99,84,83,119,93,88,103,68,49,86,42,43,44,99,137,118,128,126,129,143,130,120,111,97,16,114,27,66,96,32,109,71,76,38,42,57,66,77,63,67,100,72,84,50,47,47,66,86,62,69,50,85,87,71,53,103,156,167,176,120,150,170,120,157,149,51,75,59,89,23,38,56,66,62,58,62,59,70,68,56,96,126,45,52,48,50,58,60,55,46,57,80,64,76,73,146,77,94,95,84,46,72,138,100,56,42,90,49,66,70,71,43,68,76,77,66,74,63,75,74,81,74,54,123,64,48,57,86,69,59,112,48,76,81,60,114,68,126,99,127,81,90,117,103,,58,70,99,133,85,36,47,48,15,24,82,64,57,67,77,70,61,91,83,52,58,58,66,69,61,78,83,56,74,58,55,62,64,77,68,76,85,89,84,93,72,77,76,74,82,105,83,109,101,105,109,108,109,75,56,55,60,96,81,69,56,69,62,42,50,34,62,85,73,62,72,60,43,60,39,34,68,57,67,19,69,60,58,65,83,53,53,50,126,177,156,151,140,56,119,53,123,97,77,56,107,113,114,24,57,90,56,111,106,109,96,63,37,77,38,39,27,,75,98,97,91,72,52,56,34,90,36,46,107,,,,128,78,,94,57,73,60,76,77,93,74,91,84,103,76,75,85,94,80,88,74,80,126,83,82,45,77,91,43,74,59,50,67,92,60,52,120,62,49,50,64,59,20,63,102,176,63,69,58
20180102,16,O3_8h,37,28,15,29,43,21,23,68,42,29,31,22,25,19,61,48,51,44,51,65,30,42,53,51,48,23,36,26,19,46,50,76,51,27,43,31,39,30,49,43,72,55,60,56,25,58,76,47,15,38,23,18,21,58,99,84,57,89,96,100,97,53,63,81,7,54,13,35,79,7,57,49,59,23,28,39,46,46,51,48,82,28,44,24,31,38,22,61,50,30,25,33,48,58,47,57,102,131,123,71,98,112,50,118,83,33,20,54,53,5,13,37,50,46,44,45,52,62,53,43,24,36,10,16,23,22,28,20,37,18,15,43,45,40,51,111,38,84,24,25,14,11,73,49,39,19,51,7,28,34,15,4,52,55,48,45,55,32,22,40,43,32,35,49,54,31,34,57,42,40,51,41,32,40,48,36,34,39,49,40,47,56,75,38,,53,16,22,91,28,24,33,17,9,14,49,53,52,56,68,64,47,59,62,42,48,50,51,50,48,67,78,49,70,41,43,55,41,68,46,69,33,23,32,22,35,57,28,26,46,54,39,41,44,83,85,96,83,46,28,34,40,60,44,45,37,39,49,26,32,20,15,16,30,18,9,15,28,26,25,18,33,15,18,11,30,34,40,39,54,36,35,36,92,103,98,106,100,26,62,24,62,47,37,16,43,35,29,11,40,47,11,61,60,73,63,35,23,33,23,22,13,,11,65,84,19,35,42,46,16,47,8,24,83,,,,67,48,,19,31,55,22,70,41,63,53,68,64,60,57,30,63,75,47,77,55,56,68,59,58,37,52,57,19,42,46,39,47,48,50,31,99,52,28,14,31,42,15,41,59,122,49,55,54
20180102,16,O3_8h_24h,36,28,15,29,45,21,23,69,42,29,31,22,25,20,64,48,54,44,56,68,37,59,59,64,48,23,41,27,36,47,52,76,51,35,43,32,70,51,71,43,78,68,62,98,71,81,76,47,15,70,24,18,22,58,119,90,58,89,96,100,100,55,63,81,10,61,25,35,87,7,62,60,59,24,28,39,60,53,51,48,86,28,44,24,31,38,22,61,50,36,31,33,48,60,47,57,102,131,123,71,102,112,62,118,83,33,20,54,53,6,15,37,50,47,44,52,52,62,53,43,71,74,21,19,23,22,28,39,42,19,15,43,45,46,51,111,41,84,27,25,14,11,74,55,43,39,51,7,30,34,16,4,56,61,50,59,59,32,32,49,43,32,35,49,54,31,55,79,42,40,58,41,44,56,48,36,58,47,49,73,64,56,75,103,,53,23,27,91,34,24,33,18,9,14,61,54,52,57,68,65,47,86,63,42,49,51,51,50,48,67,78,49,73,42,44,57,58,68,46,74,40,53,59,53,57,58,28,40,47,80,51,75,67,96,85,97,83,46,28,40,40,60,47,45,37,39,49,26,32,20,18,25,47,18,27,15,30,26,26,18,33,25,18,11,35,34,42,41,57,47,35,39,92,103,98,106,100,26,62,36,62,47,37,16,55,37,33,16,44,53,19,62,60,73,70,41,24,45,38,27,23,,26,65,88,27,42,44,46,16,59,8,24,90,,,,87,60,,23,32,55,42,76,42,63,53,68,64,61,61,30,63,75,53,77,55,56,68,59,61,37,63,57,19,47,46,39,57,48,50,33,108,52,28,17,31,42,15,48,59,122,49,55,54
20180102,16,CO,0.35,1.412,1.362,1.9,0.7,1.325,1.55,0.54,0.36,0.8,0.667,1.4,1.475,1.314,0.757,0.518,0.66,0.62,0.8,0.7,0.878,0.714,0.5,0.86,0.867,1.033,1.071,1.088,1,1.075,0.68,0.82,0.825,1.173,0.775,0.75,0.967,1.134,0.9,1.1,1.1,0.767,0.95,0.8,1.31,0.64,0.55,0.933,1.086,1.033,1.389,1.222,1.07,1.082,0.982,0.825,1.138,1.025,1.025,1.06,1.3,1.25,1.229,0.725,1.341,0.929,1.375,0.629,0.617,2.969,0.8,0.9,0.443,2.114,0.871,0.767,0.76,0.675,0.233,0.7,0.533,1,0.875,1.167,0.7,0.967,1.367,0.82,0.6,0.725,2.467,1.567,1.7,0.467,0.825,1.3,0.767,0.967,1.025,0.967,0.833,0.967,1.45,1,1.1,0.7,1.633,0.74,1.525,1.883,2.35,0.6,0.829,0.517,0.717,0.76,0.871,0.55,0.475,0.675,1.267,1.12,1.657,2.729,1.42,1.167,2.075,2.033,2.025,1.625,1.2,1.483,1.18,1.45,1.175,1.1,2.25,0.6,0.625,1.683,10.1,1.125,1.125,0.7,1.2,1.175,0.55,2.4,2.15,1.2,1.2,2.767,0.533,0.55,1.125,0.725,1.167,1.05,0.9,0.95,2,0.85,0.55,0.7,1.1,1.1,0.8,0.7,0.9,0.95,1.1,0.9,0.85,0.6,0.7,0.85,0.833,1.2,1.45,0.7,0.433,1.1,1.2,0.55,,0.4,2.825,2.333,0.867,3,1.14,1.65,3.46,2.3,1.767,0.533,0.433,0.4,0.367,0.3,0.467,0.3,0.7,0.32,0.3,0.333,0.8,0.75,0.7,1,0.55,0.667,0.475,0.6,1.35,0.533,0.7,0.65,0.75,1.75,0.5,0.817,0.933,0.9,2.417,1.4,1.5,0.933,1,0.867,1.375,2.25,1.667,1.067,0.48,0.767,0.625,0.9,0.8,0.56,1.64,0.98,0.62,2,1.2,1.5,1.08,1.6,1.3,1.3,1.45,1.833,1.825,2.4,2.225,2.233,0.975,1.825,1.133,1.86,1.8,0.75,1.675,2.2,1.2,1.267,1.7,1.575,1.64,1.02,1.02,1.44,0.5,0.925,1.067,1.567,0.9,1,1.6,1,1.5,1.2,1.3,0.95,0.9,0.8,0.8,0.85,1.24,1.54,1.375,1.475,0.8,0.467,0.45,0.66,0.92,0.7,1.4,1.2,1.2,1.05,,0.9,0.5,0.9,0.9,0.65,0.567,0.8,0.75,0.7,1.25,1.05,0.25,,,,0.8,0.4,,1.3,1.4,1.133,1.2,0.65,0.767,1.05,0.25,0.3,0.7,0.767,0.45,0.6,1.1,1,1.3,0.8,1.5,0.7,0.8,0.7,1,0.167,0.733,0.633,1.7,1.2,1.067,0.7,1.1,0.55,1,2,0.3,0.35,1.35,2.1,1,0.5,2.725,1.025,1.1,1.067,0.425,0.9,1
20180102,16,CO_24h,1.342,1.225,1.838,3.083,0.72,1.95,2.217,0.8,1.3,1.667,0.833,1.967,2.05,1.65,1.343,0.745,0.89,0.8,1.738,0.88,0.967,0.725,0.7,0.96,1.35,1.033,1.2,1.244,0.925,1.125,0.92,0.76,1.1,1.227,1.063,1,1.203,1.211,0.767,1.2,0.967,0.933,1.2,1.067,1.45,0.92,0.7,1.078,2.375,1.067,2.378,1.467,1.09,1.309,1.045,0.875,1.263,1.05,1.15,1.3,1.36,1.375,1.625,0.75,1.318,1.475,1.078,0.943,0.683,3.054,1.22,1.275,0.914,2.071,1.129,0.95,1.46,0.8,1.1,1.167,0.7,1.867,2.1,1.733,1.767,1.267,3.1,1.36,1.68,2.12,2.433,3.167,1.767,0.867,1.025,1.62,1.017,1,1.025,1.233,0.9,1.167,1.367,1.2,1.233,0.933,2.867,1.15,2.78,3.5,2.3,1.25,1.586,1.017,1.467,1.34,0.929,0.65,0.9,1.05,1.4,1.24,1.014,2.857,2.66,2.367,2.8,1.975,1.925,1.85,2,1.133,1.12,1.85,1.15,1.175,1.267,0.7,1.175,1.683,4.84,1.1,1.325,1.025,1.25,1.025,0.75,2.9,2.5,2.925,2.013,2.6,0.6,0.7,0.925,0.64,1.367,2.4,2,1.8,1.4,1.95,2,1.75,1.95,2.95,2.1,1.05,1.55,2,1.567,0.8,0.8,0.7,0.7,0.9,0.767,1.2,1.6,0.75,0.667,1.1,1.3,0.9,,0.65,1.775,1.825,1,4.6,1.94,1.95,3.76,2.867,2.6,0.633,0.433,0.5,0.633,0.45,0.333,0.6,0.633,0.42,0.325,0.5,0.8,1.25,1.6,1.35,0.8,1,0.8,0.675,1.4,0.6,0.6,1.2,0.85,2.55,0.5,1.25,1.417,1.233,1.583,1.125,0.9,1.267,1.333,1.267,1.375,1.7,1.4,1.1,0.68,0.833,0.7,0.975,1.133,0.88,1.66,1.02,0.78,1.98,1.05,1.18,1.08,1.333,2.9,2.175,2.65,2.533,1.875,2.08,2.375,1.733,1.25,1.5,1.4,1.62,1.8,1,1.375,1.6,1.45,1.283,1.48,1.64,1.62,0.94,1.08,1.64,0.433,1.675,1.3,1.567,1.25,1.4,1.7,1.45,1.3,1.35,1.3,1.175,1.15,0.9,0.94,0.975,1.35,2.36,1.3,1.15,0.92,0.567,0.45,0.82,1.04,0.85,1.3,1.25,1.2,1,,0.85,1,0.9,1.4,0.65,0.667,0.8,1.05,0.6,1.7,1.1,0.6,,,,1.167,0.6,,2.2,1.5,1.633,1,0.6,1.4,1.45,0.65,0.7,0.7,1.2,0.65,1.2,1.65,1.4,1.7,0.8,1.3,0.7,1.3,1.1,1.1,0.8,0.767,0.967,3.05,2.2,1.567,0.8,1.25,1.85,2,1.933,0.4,0.5,1.4,2.2,1.2,0.6,1.9,1.5,1.3,1.2,1.175,1.75,1.35
20180102,17,AQI,34,58,108,74,54,127,69,35,32,36,59,78,106,95,32,44,37,40,105,41,99,59,38,56,114,83,65,61,103,66,67,61,75,105,53,73,96,89,69,77,39,69,78,57,138,67,55,69,80,87,130,125,137,92,81,83,117,108,89,99,88,137,66,61,93,106,45,34,59,259,89,95,53,165,130,117,51,48,59,55,54,147,246,64,74,64,65,125,38,73,198,135,218,39,63,142,67,86,87,74,61,85,100,75,113,21,131,29,178,126,158,30,48,49,47,47,60,32,45,35,156,106,184,203,143,107,135,188,225,205,177,74,64,54,146,74,202,49,85,212,130,124,110,80,143,29,34,189,156,49,106,323,38,52,65,44,53,61,79,62,232,70,57,61,29,60,71,31,32,42,64,63,59,62,60,108,74,69,76,77,41,137,103,63,,42,300,250,65,244,78,98,260,188,100,68,34,27,31,36,33,26,81,44,52,44,32,29,33,42,35,42,60,42,122,58,86,77,35,89,35,78,128,104,188,237,81,125,177,87,167,313,205,156,53,53,50,53,76,61,141,114,96,116,130,132,108,80,92,88,86,135,232,241,229,244,99,217,81,278,167,73,92,235,122,111,121,64,100,136,41,94,57,65,69,88,89,61,114,100,104,131,91,74,116,77,119,144,130,184,182,128,97,35,78,36,64,48,32,58,22,85,,61,57,43,39,25,39,33,22,25,72,61,58,,,,94,37,,119,82,106,157,83,95,64,88,87,54,81,80,59,65,56,73,87,103,64,47,35,44,47,81,93,72,54,108,30,181,482,118,146,49,28,189,184,460,24,276,54,75,81,55,54,37
20180102,17,PM2.5,11,38,80,50,32,96,49,11,10,17,40,57,79,54,6,18,15,25,78,23,74,39,18,24,85,51,35,37,76,45,32,42,54,78,27,51,55,66,49,54,21,44,57,25,105,25,21,46,39,56,98,94,104,68,59,61,88,80,66,74,65,104,47,41,69,79,29,12,12,208,35,48,19,125,98,88,13,12,23,18,18,112,195,36,34,32,46,81,22,24,148,102,167,19,26,108,34,47,64,30,33,62,75,46,84,10,96,6,134,88,120,9,20,22,21,31,37,13,23,24,118,79,138,152,109,67,102,141,174,154,133,53,45,37,111,53,151,22,62,161,81,93,82,44,109,20,21,142,118,17,78,223,6,11,24,26,17,31,46,21,181,48,25,16,14,29,18,14,16,16,39,32,29,18,29,80,48,49,55,56,22,104,54,39,,24,249,199,30,193,47,70,209,141,75,15,13,11,7,9,8,13,41,12,26,22,22,10,19,10,12,20,42,26,92,40,63,56,13,56,7,57,97,77,141,186,51,94,133,64,126,262,154,118,20,31,23,27,49,38,107,85,71,87,98,100,80,50,68,62,58,72,181,190,178,193,74,166,59,227,126,45,68,184,92,83,91,43,75,103,26,68,39,46,49,65,66,42,85,75,77,99,67,27,87,56,89,105,98,138,137,97,57,3,50,8,45,33,18,40,10,62,,43,17,18,27,9,19,13,10,14,52,30,3,,,,70,10,,89,39,79,119,37,69,16,31,40,23,34,41,35,18,36,24,60,38,44,23,6,22,9,23,39,45,28,80,21,79,147,38,111,13,13,142,138,94,9,225,37,54,51,16,17,18
20180102,17,PM2.5_24h,38,34,86,54,25,119,67,23,37,42,53,95,106,76,30,28,25,28,167,30,86,41,37,38,160,55,45,48,67,50,43,32,91,91,52,76,76,78,45,77,27,77,70,48,129,40,38,56,161,47,173,95,92,93,68,76,94,84,91,92,78,112,88,38,71,105,19,17,15,229,52,66,39,109,94,79,40,26,59,42,40,232,159,82,118,67,159,140,73,170,211,223,99,46,58,98,51,70,72,53,48,97,84,65,94,11,214,32,128,175,113,35,40,56,43,58,24,35,42,52,128,95,75,162,135,176,153,179,162,187,150,75,72,107,121,73,115,24,87,130,58,84,98,90,102,27,16,247,138,58,163,213,35,39,33,25,49,162,180,58,85,102,103,84,48,130,78,39,46,57,39,33,41,29,35,76,49,60,76,64,36,103,48,82,,29,159,190,58,171,105,87,190,122,123,26,15,18,27,14,8,17,31,13,38,28,29,47,65,41,29,31,65,36,80,39,60,93,15,99,11,112,153,131,137,164,45,104,160,115,140,188,152,108,39,42,40,44,65,50,95,89,73,80,98,96,87,66,102,107,179,160,192,163,197,165,76,88,77,151,100,68,75,106,103,86,90,59,76,92,63,61,70,72,73,88,92,70,103,106,72,118,78,33,90,71,83,93,94,163,112,77,56,13,34,12,54,21,37,30,18,40,,23,38,20,33,14,15,13,18,12,52,25,16,,,,36,20,,138,40,94,77,48,74,51,56,58,44,66,58,65,48,63,67,39,48,36,43,30,25,45,25,56,99,34,91,27,90,124,78,119,22,23,117,139,65,11,195,55,62,77,45,44,27
20180102,17,PM10,33,64,120,96,56,143,77,33,31,35,66,94,136,138,27,43,36,39,78,40,142,66,37,60,156,114,77,69,124,80,81,70,79,137,53,94,140,121,83,102,36,86,92,62,122,81,57,86,107,122,187,134,117,94,99,91,144,117,101,104,108,139,77,70,113,159,44,33,66,359,126,138,53,128,150,144,50,47,65,58,56,163,244,75,95,75,76,197,37,94,296,171,270,38,73,148,81,74,121,95,70,76,120,79,115,20,209,26,229,200,169,29,47,48,46,46,67,21,44,31,145,116,200,249,150,162,190,264,233,208,206,64,61,50,133,82,189,48,114,222,208,156,133,107,168,28,33,235,217,48,160,437,37,52,77,43,54,69,105,71,309,88,61,70,23,68,90,30,31,41,76,73,65,71,67,112,96,82,72,91,40,219,154,74,,41,358,363,77,287,104,143,352,232,140,83,33,22,30,21,16,24,110,43,52,43,26,25,32,41,30,41,46,41,117,55,75,75,16,125,20,89,131,124,187,253,109,128,181,107,190,372,220,173,54,53,42,53,100,69,173,140,115,155,155,161,115,107,132,123,119,217,314,307,300,299,133,232,106,256,214,94,,264,132,125,145,76,122,153,40,135,61,65,71,107,112,65,105,118,144,135,109,95,125,97,168,236,157,190,281,160,141,17,103,20,71,39,31,57,21,76,,58,62,34,,24,38,32,21,24,61,70,63,,,,63,36,,152,112,127,180,113,137,75,123,122,56,110,107,65,78,59,93,121,153,75,46,34,43,46,109,133,92,56,126,29,310,581,184,135,,15,154,210,559,22,339,56,78,107,57,55,36
20180102,17,PM10_24h,65,50,147,108,52,194,112,45,84,79,82,137,174,182,70,48,46,68,175,43,149,69,64,80,250,130,94,78,129,86,104,62,124,145,88,129,132,122,71,132,43,107,116,84,166,82,72,97,294,110,258,158,120,120,108,95,147,107,127,111,109,143,130,63,112,212,28,36,75,399,157,161,96,135,150,146,91,77,85,63,74,347,251,137,164,105,259,252,122,286,345,317,181,80,116,126,90,77,111,88,92,109,134,109,114,27,355,66,229,290,188,60,66,87,83,63,55,41,74,63,135,136,115,259,200,241,260,289,224,247,238,109,97,169,150,86,150,40,162,215,137,139,148,199,152,43,31,412,280,152,312,425,138,132,85,38,125,234,306,131,159,166,177,157,78,178,160,84,96,111,90,73,69,73,71,120,92,84,96,93,62,192,171,129,,43,277,324,101,290,222,181,338,204,222,63,32,28,61,27,17,32,63,34,74,72,44,75,89,75,48,56,77,55,93,50,73,136,28,206,25,174,223,196,193,231,83,145,230,170,212,279,225,181,69,64,58,71,96,85,156,164,119,138,156,162,128,126,184,191,232,289,321,269,304,273,144,131,144,191,212,137,127,174,146,134,111,122,130,141,90,117,129,104,91,131,153,105,131,160,106,170,112,108,153,108,146,210,141,226,225,123,138,26,69,24,77,29,94,49,42,51,,48,89,38,58,31,24,25,30,30,82,72,76,,,,71,33,,214,110,158,131,122,159,143,127,160,143,179,172,174,99,136,153,99,88,80,72,60,57,117,85,148,146,48,124,39,371,414,192,143,40,37,139,189,325,21,267,85,97,125,68,73,48
20180102,17,SO2,4,28,22,33,30,23,25,12,9,6,26,19,26,57,15,21,15,26,46,9,22,12,16,18,22,14,12,15,14,12,8,14,16,13,9,15,17,26,14,9,7,17,11,5,10,7,6,14,25,10,21,9,14,14,18,13,23,7,11,12,14,33,13,4,16,11,23,11,5,59,25,21,32,16,14,28,9,16,28,26,8,15,47,19,14,15,22,25,17,18,37,18,32,9,16,28,13,8,10,8,9,8,16,14,17,9,11,12,33,113,42,11,25,12,27,75,21,22,9,12,19,18,21,42,24,18,27,30,44,15,11,5,4,5,22,8,86,2,5,26,194,20,17,4,6,13,14,59,51,49,14,60,4,9,87,5,7,22,18,13,22,16,13,9,10,11,16,11,11,10,12,12,24,16,13,14,16,16,13,17,7,12,10,9,,17,19,16,9,46,29,52,131,131,103,6,9,4,7,16,12,20,36,8,13,15,12,14,12,16,17,14,5,11,33,14,14,6,10,15,32,16,16,22,27,16,15,16,18,7,6,21,80,14,5,12,5,12,11,7,51,47,63,71,40,58,20,35,16,18,17,29,17,25,12,21,10,19,4,16,10,8,6,19,4,28,29,5,37,26,3,13,2,9,13,29,19,23,31,7,20,46,9,23,9,18,15,16,13,14,8,7,9,8,11,16,24,29,5,7,6,15,,9,19,11,11,26,9,7,12,5,9,10,11,,,,4,3,,19,39,12,18,91,24,8,14,19,8,14,19,5,54,4,16,,31,15,26,2,21,7,26,24,25,4,19,10,8,6,18,49,3,29,13,,3,6,31,54,7,17,13,66,13
20180102,17,SO2_24h,11,22,29,69,30,37,33,16,19,20,26,21,40,68,29,27,25,45,60,11,15,13,19,22,25,15,13,18,20,12,9,11,17,13,13,17,12,30,12,11,7,21,15,8,15,8,8,14,65,14,39,14,14,18,9,15,20,8,17,12,12,29,16,5,15,14,16,18,6,49,25,29,67,12,21,17,32,20,44,52,8,49,40,34,25,27,59,28,25,32,37,53,22,10,19,25,14,10,15,7,10,15,17,21,14,11,19,37,54,222,91,37,38,28,37,80,21,25,13,18,17,21,14,41,43,32,39,34,48,17,21,11,11,8,32,11,43,2,8,28,123,20,20,6,7,10,13,48,67,81,25,42,7,7,61,4,5,41,35,28,21,24,20,26,13,16,24,18,9,10,12,11,21,13,16,13,16,17,14,16,14,13,16,10,,27,14,18,16,115,109,83,137,115,155,15,12,5,19,25,7,30,16,17,19,37,17,36,48,14,15,17,11,12,29,11,21,23,16,47,24,24,24,18,22,17,22,19,15,11,9,28,25,16,7,14,8,15,11,10,38,61,54,27,40,56,28,47,40,37,36,48,21,22,15,21,14,21,13,28,14,22,4,18,8,33,28,14,32,18,10,11,4,13,16,24,26,50,33,17,11,29,9,29,9,19,12,16,14,21,16,6,10,11,11,17,23,31,5,8,6,16,,11,34,11,11,17,10,6,11,4,11,11,16,,,,6,2,,23,39,27,16,22,33,14,13,27,10,30,33,23,28,14,30,28,23,14,62,23,26,41,22,33,21,9,12,11,10,11,37,88,4,20,11,7,3,6,29,97,9,23,31,84,26
20180102,17,NO2,21,57,46,63,32,55,59,11,15,43,40,53,55,56,21,28,20,32,50,51,95,82,39,33,55,68,78,68,90,36,25,22,33,94,52,65,82,82,84,64,28,57,34,17,68,32,25,36,36,43,41,65,43,68,59,79,81,64,55,49,50,77,51,13,58,44,35,21,6,97,40,33,19,53,40,58,13,17,36,31,19,35,54,31,23,26,31,46,24,20,90,39,117,14,21,51,28,16,20,29,20,15,61,23,53,14,40,10,40,69,80,13,26,28,24,37,26,21,15,43,82,69,62,97,46,34,54,60,68,72,39,47,34,23,36,14,69,9,21,67,104,74,33,23,48,34,15,80,60,33,53,86,10,15,24,17,13,34,32,24,79,29,25,28,13,27,27,10,26,19,70,74,79,63,68,73,84,77,45,59,28,91,75,76,,19,86,57,43,72,28,59,79,69,53,16,13,15,12,9,7,11,26,14,21,33,25,23,15,23,28,14,20,14,43,16,30,21,12,40,23,45,38,57,87,48,30,79,58,57,61,92,104,63,16,27,18,24,58,18,45,49,44,56,45,62,40,36,43,43,42,41,56,65,65,67,62,63,42,82,43,26,65,56,34,41,34,27,46,44,16,29,18,31,23,43,31,27,24,31,38,19,36,32,34,22,39,77,41,68,69,49,23,13,12,19,28,24,23,23,10,32,,27,22,12,30,14,13,11,17,23,46,33,8,,,,8,2,,44,58,24,52,17,41,9,9,12,12,22,14,20,26,16,19,25,24,10,15,2,24,11,26,21,32,12,25,10,27,7,8,41,4,23,33,54,6,14,86,31,33,32,23,21,21
20180102,17,NO2_24h,45,50,62,59,34,73,68,23,38,52,50,68,68,67,35,32,32,29,61,53,63,61,45,42,62,53,66,61,66,34,31,24,43,68,69,65,51,61,41,65,27,52,39,25,60,34,26,57,78,48,85,77,58,82,30,52,84,56,64,60,42,75,66,9,56,74,32,28,13,106,53,44,33,56,60,54,33,30,41,40,20,89,75,62,54,52,84,54,47,59,87,82,68,35,29,56,27,20,25,47,20,32,62,35,51,21,79,22,62,79,83,27,33,38,37,35,21,19,22,34,52,47,48,89,69,74,79,75,62,59,57,44,29,35,42,22,36,15,55,62,68,65,49,50,40,30,16,101,73,62,69,96,11,26,30,13,24,67,71,48,57,72,52,41,33,42,58,23,44,29,45,64,60,49,68,45,58,43,39,44,25,49,42,53,,25,71,63,51,75,57,72,84,59,55,23,12,14,23,17,5,15,13,11,26,28,18,38,33,23,21,18,24,13,30,18,26,33,11,65,15,58,51,54,60,72,19,82,44,51,41,50,56,53,20,24,16,39,39,27,34,48,51,43,40,45,36,41,84,91,79,82,76,69,73,71,62,56,72,78,65,56,45,62,28,41,28,37,48,41,16,31,26,43,39,49,40,46,37,42,30,25,33,56,48,31,50,67,36,51,49,38,32,12,17,24,27,22,19,24,10,27,,26,30,17,36,13,10,12,19,20,43,29,18,,,,9,16,,58,62,38,54,12,45,25,18,36,22,34,28,59,28,38,46,28,22,24,35,30,25,32,20,34,56,29,40,13,35,34,33,55,12,33,45,57,14,12,72,34,47,39,34,27,22
20180102,17,O3,49,24,26,21,49,18,23,74,62,32,36,25,26,21,60,44,51,38,37,53,9,28,56,64,58,18,21,21,6,49,53,77,64,16,49,33,35,29,20,34,64,48,60,75,21,62,84,62,34,44,38,21,37,78,86,78,79,126,126,128,101,64,95,83,8,80,15,45,92,7,58,66,66,29,44,23,63,56,45,45,87,38,72,39,44,44,38,72,57,43,14,53,29,67,48,87,135,161,157,114,119,134,80,131,117,50,35,55,78,6,16,53,46,47,46,36,47,55,54,36,12,33,19,13,28,34,40,29,38,19,46,35,55,42,70,140,45,91,70,42,13,22,119,74,42,21,66,10,37,64,25,5,57,69,51,50,52,42,35,41,45,45,43,49,63,22,38,67,53,57,36,25,19,30,36,21,14,19,27,31,41,38,62,17,,52,14,24,118,38,43,39,20,5,15,56,57,53,61,68,59,51,52,59,43,52,45,53,57,45,59,73,46,63,40,46,50,44,68,53,64,38,35,47,13,55,42,22,21,56,36,31,30,47,83,93,97,103,33,29,35,48,83,55,44,46,54,50,37,49,26,34,24,43,11,16,12,37,50,23,29,55,11,35,16,42,39,52,65,74,44,44,40,113,140,131,133,116,50,107,21,126,63,59,33,90,73,58,15,42,61,16,92,94,92,84,31,32,33,31,38,11,,30,68,75,40,61,42,52,33,42,9,29,86,,,,60,73,,51,29,73,33,71,42,82,76,82,80,67,48,60,65,88,82,86,70,82,110,82,75,46,54,70,43,64,53,50,60,74,77,46,99,53,43,27,48,48,13,38,95,134,44,50,50
20180102,17,O3_24h,55,58,29,46,59,52,33,77,68,49,45,34,36,33,70,60,61,55,61,78,105,65,66,85,78,38,54,50,50,58,60,86,84,109,71,91,89,96,78,71,92,75,74,119,88,79,97,68,39,86,40,38,43,95,136,116,117,130,130,143,130,100,115,92,15,107,26,62,96,25,87,71,72,36,44,57,68,64,63,67,96,60,84,43,45,47,45,86,62,56,50,84,87,68,53,97,148,167,176,120,148,151,111,157,134,51,50,59,89,10,31,56,66,62,58,62,59,70,66,57,95,120,37,36,38,40,51,48,54,40,57,71,60,71,73,145,73,92,76,76,40,60,131,86,52,42,84,30,54,70,62,24,68,76,73,65,73,57,46,66,95,64,50,123,64,39,57,86,59,58,99,48,51,57,60,85,62,126,82,123,74,97,111,103,,58,56,82,133,70,43,47,30,12,22,80,63,57,65,77,70,61,90,83,52,60,58,66,69,61,78,83,55,74,67,55,71,57,74,68,76,73,76,82,93,72,77,71,72,78,95,75,109,86,102,106,106,109,75,43,50,60,96,67,69,55,69,62,38,50,33,42,69,55,40,45,55,42,57,39,34,62,53,53,19,61,58,58,69,82,53,52,50,133,171,155,151,140,55,119,52,127,93,71,55,98,100,97,24,56,87,42,103,105,94,94,62,37,77,38,38,27,,70,97,95,48,72,52,56,35,83,29,40,107,,,,128,77,,70,43,74,52,76,56,84,76,82,84,84,70,66,83,88,82,88,74,82,121,83,82,45,73,80,43,69,58,51,69,90,77,52,120,59,48,50,62,59,20,63,102,175,63,69,58
20180102,17,O3_8h,41,29,17,30,47,22,25,69,49,32,35,25,27,20,62,51,53,45,46,66,28,41,55,56,51,23,36,26,18,48,53,78,55,27,48,35,40,29,47,40,76,56,64,63,25,60,80,53,18,42,27,22,25,66,103,87,67,101,107,114,104,60,72,86,7,61,13,40,83,7,60,56,62,25,32,39,56,49,53,52,85,32,53,29,35,41,26,66,54,34,25,40,51,60,49,67,113,141,135,87,106,123,55,128,96,38,23,56,62,5,14,43,53,50,49,46,54,63,56,46,24,37,11,17,25,26,31,22,39,18,21,43,46,41,57,120,41,87,32,30,15,13,84,57,40,20,57,8,31,41,17,4,53,59,49,46,54,36,26,41,56,36,39,54,56,34,38,61,48,46,51,40,31,39,50,37,33,36,47,40,48,53,75,39,,54,16,23,105,32,28,36,20,8,15,54,57,53,59,70,64,51,60,63,45,51,51,57,55,51,68,79,50,69,50,45,64,43,68,50,68,36,26,35,21,39,56,28,26,50,54,38,39,45,85,89,99,93,48,29,36,44,70,48,48,41,44,51,29,37,23,19,18,33,19,11,16,30,31,26,22,38,15,22,13,35,37,43,45,60,37,39,37,101,119,113,119,111,32,74,24,76,54,43,17,53,40,34,12,40,48,11,70,69,79,71,34,26,33,24,26,12,,14,72,84,22,40,44,49,19,47,8,26,89,,,,67,55,,24,33,60,25,71,43,67,60,72,69,63,56,29,65,80,57,81,60,64,78,67,64,39,53,61,24,45,47,41,39,53,59,36,96,54,33,17,33,47,16,45,70,136,52,59,55
20180102,17,O3_8h_24h,41,29,17,30,48,22,25,70,49,32,35,25,27,21,64,51,56,45,48,68,37,59,60,66,51,23,41,27,36,48,54,78,55,35,48,36,70,51,71,40,79,68,64,98,71,75,80,53,19,70,27,22,25,66,122,91,67,101,107,114,104,60,72,87,10,67,23,40,87,7,63,60,62,25,32,40,62,55,53,52,87,32,53,29,35,41,26,66,54,38,32,40,51,61,49,67,113,141,135,87,106,123,65,128,96,38,23,56,62,6,16,43,53,50,49,53,54,63,56,46,71,74,21,19,25,26,31,39,44,18,21,44,46,47,57,120,43,87,33,30,15,13,84,62,44,39,57,8,33,41,18,4,56,61,51,59,61,36,32,49,63,36,39,54,56,34,55,79,48,46,58,41,44,56,50,37,58,47,49,73,64,55,75,103,,55,23,28,105,37,28,36,20,9,15,63,57,53,59,70,65,51,86,64,45,51,52,57,55,51,68,79,50,73,53,45,65,52,68,50,74,42,53,59,53,58,58,29,40,50,80,51,75,67,96,89,100,93,48,29,41,44,70,49,49,41,44,51,29,37,23,19,25,47,19,27,16,32,31,27,22,38,25,22,13,37,37,45,46,61,47,39,40,101,119,113,119,111,32,74,36,76,54,43,17,55,41,35,16,45,53,20,70,69,79,74,41,27,45,38,27,23,,26,72,88,30,42,45,49,19,59,8,26,93,,,,87,60,,25,34,60,42,76,43,67,60,72,69,63,61,29,65,80,57,81,60,64,78,67,64,39,63,61,24,49,48,41,57,53,59,36,108,54,33,17,33,47,16,49,70,136,52,59,55
20180102,17,CO,0.35,1.475,1.325,1.86,0.82,1.425,1.517,0.54,0.38,0.8,0.7,1.5,1.675,1.586,0.786,0.609,0.66,0.74,1.075,0.73,1.089,0.912,0.52,0.8,0.96,1.1,1.171,1.056,1.133,1,0.74,0.825,0.85,1.12,0.788,0.833,0.923,1.117,0.967,1.1,1.15,0.767,0.867,0.867,1.31,0.74,0.55,0.911,0.85,0.889,1.311,1.27,1.07,1.109,1.009,0.875,1.138,1.05,1,1.12,1.36,1.4,1.225,0.72,1.318,0.913,1.25,0.657,0.58,2.985,0.82,0.85,0.471,2.029,0.857,0.867,0.575,0.7,0.4,0.733,0.525,0.767,2.1,1.233,0.7,0.833,1.4,0.9,0.6,1.06,2.1,1.433,2.9,0.467,0.8,1.44,0.867,0.9,0.975,1,0.867,1,1.4,1.067,1.033,0.633,1.6,0.76,1.54,1.633,2.14,0.675,0.986,0.583,0.717,0.85,0.957,0.625,0.54,0.8,1.325,1.16,1.686,2.843,1.68,1.233,1.8,1.9,1.925,1.94,1.333,1.4,1.12,1.425,1.175,1.05,2.517,0.6,0.625,1.75,8.82,1.125,1.125,0.725,1.167,1.167,0.6,2.425,2.1,1.225,1.2,2.575,0.6,0.55,0.925,0.75,1.167,1.05,0.75,0.85,1.6,0.8,0.65,0.7,1.1,1.15,0.8,0.6,0.85,1,1.133,0.9,0.8,0.5,0.65,0.95,0.933,1.3,1.5,0.75,0.5,1.2,1.2,0.75,,0.45,2.75,2.1,0.75,2.333,1,1.675,3.56,2.2,1.967,0.533,0.467,0.45,0.367,0.3,0.5,0.3,0.933,0.38,0.35,0.5,1,0.8,0.8,1.25,0.7,0.767,0.45,0.6,1.425,0.5,0.76,0.667,0.733,1.3,0.55,0.8,0.883,0.867,1.667,1.3,1.2,0.933,1.2,0.867,1.375,2.7,1.7,1.1,0.5,0.8,0.625,0.9,1,0.78,1.7,1.075,0.7,2.02,1.15,1.74,1.18,1.25,1.333,1.275,1.4,1.7,1.625,2.425,2,2.15,1.05,2,1.133,1.94,1.95,0.75,1.6,2.133,1.15,1.34,1.7,1.6,1.72,1.06,0.94,1.32,0.267,1.025,1.033,2.533,0.9,0.967,1.55,1,1.533,1.25,1.3,1.025,0.933,0.8,0.86,0.825,1.26,1.56,1.5,1.525,0.74,0.567,0.5,0.68,0.9,0.75,1.4,1.25,1.1,1.05,,0.85,0.75,1,0.95,0.65,0.567,0.8,0.8,0.8,1.1,1,0.25,,,,0.867,0.4,,1.1,1.4,1.067,1.3,0.7,0.867,1,0.25,0.35,0.7,0.767,0.5,0.6,1.1,1.3,1.3,0.8,1.6,0.6,0.8,0.6,0.6,0.2,0.733,0.6,1.25,1.1,1.067,0.7,1,0.6,1.4,1.867,0.3,0.35,1.25,2.1,1,0.5,2.775,1.225,1.067,1.1,0.575,1,1.075
20180102,17,CO_24h,1.308,1.312,1.838,3.15,0.74,1.95,2.217,0.78,1.28,1.6,0.8,1.867,2.05,1.663,1.329,0.736,0.86,0.8,1.678,0.86,0.956,0.725,0.7,0.96,1.38,1,1.114,1.211,0.875,1.125,0.86,0.76,1.1,1.218,1.038,1,1.203,1.211,0.767,1.3,0.967,0.933,1.167,1.067,1.45,0.88,0.7,1.067,2.363,1.067,2.322,1.45,1.09,1.309,1.045,0.875,1.263,1.05,1.15,1.3,1.36,1.375,1.588,0.7,1.318,1.463,1.06,0.929,0.683,3.085,1.18,1.25,0.9,2.1,1.114,0.967,1.375,0.8,1.1,1.167,0.7,1.867,2.075,1.7,1.733,1.233,3.067,1.34,1.64,2.12,2.433,3.133,1.833,0.867,1.025,1.62,1,1,1.025,1.2,0.9,1.167,1.367,1.2,1.2,0.933,2.8,1.117,2.8,3.483,2.317,1.25,1.571,1.017,1.433,1.36,0.929,0.74,0.88,0.96,1.375,1.24,1.043,2.886,2.64,2.333,2.775,2,1.95,1.86,1.9,1.15,1.12,1.825,1.125,1.175,1.35,0.7,1.175,1.717,5.12,1.1,1.325,1.025,1.25,1.025,0.75,2.9,2.5,2.875,2.025,2.6,0.6,0.65,0.9,0.64,1.367,2.4,2,1.7,1.25,1.9,1.95,1.7,1.9,2.9,2.1,1,1.55,2,1.533,0.8,0.8,0.7,0.7,0.9,0.767,1.2,1.55,0.7,0.667,1.15,1.3,0.9,,0.65,1.825,1.925,0.95,4.633,1.9,1.95,3.8,2.933,2.6,0.667,0.433,0.5,0.633,0.45,0.333,0.6,0.633,0.42,0.35,0.5,0.8,1.25,1.55,1.3,0.8,0.967,0.8,0.675,1.15,0.567,0.72,1.133,0.767,2.5,0.5,1.25,1.417,1.233,1.6,1.175,0.9,1.267,1.333,1.233,1.375,1.8,1.433,1.1,0.68,0.833,0.7,1,1.133,0.86,1.66,1.04,0.78,1.98,1.075,1.18,1.08,1.333,2.833,2.15,2.65,2.533,1.9,2.12,2.375,1.8,1.25,1.525,1.367,1.66,1.8,1,1.4,1.7,1.45,1.283,1.5,1.64,1.64,0.94,1.08,1.62,0.433,1.675,1.267,1.6,1.25,1.4,1.7,1.45,1.333,1.35,1.3,1.2,1.2,0.933,0.96,1,1.35,2.28,1.325,1.2,0.92,0.6,0.45,0.82,1.04,0.85,1.3,1.2,1.2,1,,0.85,1,0.9,1.4,0.65,0.667,0.8,1.05,0.6,1.7,1.1,0.6,,,,1.167,0.6,,2.2,1.5,1.633,1.05,0.6,1.4,1.45,0.65,0.65,0.75,1.2,0.65,1.6,1.65,1.4,1.7,0.8,1.4,0.7,1.3,1.1,1.1,0.767,0.767,0.933,3.05,2.2,1.567,0.8,1.2,1.8,2.6,1.933,0.4,0.55,1.4,2.2,1.2,0.6,1.975,1.5,1.3,1.2,1.175,1.7,1.3
20180102,18,AQI,31,61,98,89,59,115,69,36,36,43,62,77,125,97,33,50,40,61,115,39,114,69,53,46,127,89,70,64,93,63,66,62,72,97,53,86,95,91,68,82,39,72,80,59,131,67,59,67,79,79,127,195,138,94,81,87,115,114,92,97,89,153,77,60,98,97,38,36,87,252,92,103,53,164,128,121,57,59,77,58,58,103,284,62,73,48,64,139,39,61,193,110,376,37,55,157,71,93,88,75,61,103,110,81,127,29,122,29,178,115,160,36,54,52,57,61,59,32,48,40,164,115,172,204,124,104,139,191,216,249,148,67,92,48,150,75,210,49,79,214,121,116,109,79,144,42,40,209,184,60,133,252,41,54,59,46,39,58,78,61,215,64,55,56,29,59,69,32,38,40,69,60,58,61,61,117,73,65,91,78,55,152,112,89,,50,285,223,60,227,67,104,251,178,100,58,38,28,34,36,33,32,91,51,70,51,36,33,32,52,45,42,41,45,126,65,93,69,36,80,35,78,122,108,161,202,82,120,178,88,161,300,205,160,58,60,49,53,82,62,153,114,103,116,135,141,109,81,115,90,82,125,217,244,177,219,94,225,78,278,208,73,88,232,120,117,121,59,97,144,42,93,52,61,77,93,104,65,100,88,116,138,87,76,110,86,116,137,136,212,185,141,91,39,70,39,63,54,25,54,21,58,,46,84,43,42,45,39,41,20,35,64,58,47,,,,73,55,,114,93,108,189,90,96,67,96,83,52,77,85,24,63,58,83,118,98,70,52,38,52,47,72,93,70,33,126,35,180,456,127,133,48,28,179,174,448,26,267,75,86,86,63,61,46
20180102,18,PM2.5,9,43,73,64,37,86,49,13,13,19,41,56,94,56,8,22,18,43,86,21,85,38,28,20,96,38,39,39,69,37,44,40,52,72,27,57,54,67,48,52,21,52,57,34,99,26,19,47,37,48,96,146,105,70,59,64,86,85,68,72,66,116,56,41,73,68,24,13,17,201,36,60,19,124,97,91,15,16,39,26,21,76,233,36,29,26,45,83,20,30,145,82,325,15,21,119,36,42,62,40,32,76,82,50,96,10,70,7,134,86,121,11,27,31,31,43,37,17,22,28,124,86,130,153,93,52,106,143,165,198,113,48,68,33,115,47,159,24,57,163,75,87,81,46,110,16,20,158,138,20,101,201,8,12,27,25,14,30,48,24,164,43,27,15,14,38,20,18,16,14,37,29,26,20,26,88,45,46,67,57,27,113,60,66,,26,234,172,29,176,30,77,200,134,74,15,19,14,10,15,12,16,42,29,50,23,25,18,22,18,31,20,27,27,95,46,69,49,12,51,14,57,92,80,122,151,60,90,134,65,122,250,154,121,21,35,27,27,48,35,116,85,76,87,102,107,81,54,86,66,60,68,166,193,128,168,70,174,57,227,157,48,65,181,90,88,91,34,72,110,24,58,35,42,52,69,77,45,75,65,87,105,64,27,82,63,87,102,103,161,139,107,49,7,49,9,44,37,9,37,8,40,,32,26,19,29,15,27,17,8,14,45,40,3,,,,43,16,,85,43,80,142,45,62,18,46,38,21,36,54,,35,32,25,53,47,48,18,7,25,12,23,47,50,21,95,24,85,133,41,101,16,15,135,131,96,12,216,54,63,48,35,19,24
20180102,18,PM2.5_24h,37,34,86,56,26,117,66,22,36,41,51,88,105,76,29,27,24,29,165,30,82,39,36,34,153,52,41,46,63,49,41,33,84,87,51,77,74,76,45,69,26,77,69,47,129,39,37,56,157,46,166,99,93,92,67,75,94,84,91,92,78,113,87,36,71,105,19,18,15,230,49,66,37,109,94,80,38,24,59,41,38,229,159,77,112,63,155,134,70,166,209,220,109,44,54,100,50,69,72,53,47,97,84,64,95,11,210,30,130,175,114,34,39,55,41,58,25,34,40,50,125,91,71,163,132,175,151,181,165,189,148,77,72,104,121,73,118,24,87,134,60,85,98,88,102,26,16,247,137,56,162,212,34,36,33,26,47,157,177,54,117,101,100,79,46,128,74,38,44,56,38,32,40,31,34,71,48,56,69,60,36,101,49,82,,29,166,195,58,174,103,86,192,125,123,25,16,18,26,14,8,17,31,13,38,28,28,46,64,39,28,29,64,35,82,38,60,92,14,98,10,110,152,127,138,166,45,101,161,112,141,196,155,107,37,41,39,43,63,50,96,89,73,81,99,97,88,66,100,104,172,157,195,167,198,169,77,92,76,155,103,67,75,111,103,86,89,58,76,93,59,61,68,71,72,87,91,70,103,105,73,119,78,33,91,71,84,95,94,162,114,79,55,13,35,12,52,22,36,28,17,39,,24,37,20,33,14,16,13,18,8,52,27,16,,,,37,20,,140,41,95,81,48,73,50,55,56,42,64,57,59,48,64,66,41,49,37,43,30,25,42,26,56,98,34,90,27,89,125,76,117,22,22,119,140,66,11,199,55,62,77,45,43,24
20180102,18,PM10,30,64,128,125,66,137,79,27,35,42,71,96,143,142,32,49,39,53,105,38,160,85,53,45,179,125,88,75,127,73,80,72,68,133,53,120,138,130,84,111,37,91,107,65,113,82,65,82,105,105,168,203,111,99,101,93,149,125,105,107,111,159,100,68,117,142,37,35,121,331,131,153,53,116,129,174,61,65,102,64,64,121,378,72,93,47,68,226,38,70,257,136,441,36,58,157,89,69,110,98,69,80,134,95,100,28,192,28,228,176,170,35,56,51,61,67,65,31,47,33,146,134,190,255,156,155,180,256,223,298,165,61,64,44,138,76,224,48,106,228,190,155,133,105,169,41,39,266,234,68,166,371,40,55,65,45,38,64,103,70,297,75,58,60,23,66,85,30,37,39,86,68,64,70,69,116,94,78,95,92,58,251,171,118,,49,358,328,68,268,82,141,348,212,147,64,37,24,33,26,23,31,130,50,62,50,30,32,31,52,44,41,40,44,112,55,76,70,21,107,25,95,131,122,161,223,104,142,186,102,182,407,213,182,63,67,39,53,111,72,188,144,132,153,158,168,116,110,143,127,106,197,304,308,301,276,116,243,97,250,254,94,,243,123,126,140,65,117,167,41,133,52,69,75,118,121,78,98,101,153,151,95,99,119,93,172,221,163,219,279,175,130,24,87,23,74,44,24,52,20,49,,34,115,40,,44,37,40,19,34,56,55,46,,,,94,58,,141,134,116,208,127,140,81,139,113,52,102,118,,74,64,114,183,143,88,52,22,52,46,92,134,77,32,120,34,307,555,202,126,,23,155,205,547,20,326,72,94,98,73,69,45
20180102,18,PM10_24h,64,51,146,110,53,190,109,41,81,76,79,129,172,180,68,48,44,67,176,43,144,67,63,76,242,124,89,75,123,83,98,61,116,140,86,137,128,121,72,124,41,106,115,83,163,82,70,96,286,109,252,163,119,117,107,95,149,107,126,111,110,144,128,63,112,210,28,36,79,396,152,164,91,136,149,146,87,77,86,64,72,340,253,130,158,99,253,246,117,278,342,312,192,77,109,128,89,77,113,89,91,107,135,108,115,27,349,63,230,290,189,60,65,86,82,63,55,39,71,58,132,129,108,260,195,239,256,291,224,250,230,112,96,163,151,85,154,40,161,217,142,140,147,192,152,43,31,406,275,149,306,421,132,124,82,38,118,227,300,124,218,163,172,151,75,174,155,81,93,109,86,72,68,76,70,115,90,79,92,89,62,192,171,129,,43,285,329,102,292,217,178,340,206,222,63,32,28,60,26,17,32,66,35,74,71,44,73,87,71,47,54,76,55,95,50,72,136,26,203,24,168,219,190,192,234,83,141,229,165,212,290,226,178,67,63,57,71,95,84,157,163,119,138,156,162,128,125,180,187,225,286,325,274,307,278,143,137,143,193,216,135,124,180,146,134,113,119,129,141,86,118,124,103,89,130,152,105,129,159,110,170,112,109,153,108,148,211,141,224,227,125,136,26,68,24,74,29,89,45,41,50,,49,90,38,57,32,24,25,30,27,81,67,68,,,,72,34,,215,111,158,135,119,160,141,125,156,132,173,167,142,98,137,153,105,92,82,74,60,57,111,83,148,146,48,124,39,366,425,194,140,41,37,141,191,335,21,272,86,98,123,69,73,45
20180102,18,SO2,4,27,22,43,37,26,26,17,11,7,27,19,26,53,15,21,16,39,49,10,23,12,15,18,30,11,12,15,14,11,9,13,13,14,10,13,13,24,14,8,6,16,11,5,9,7,7,12,27,8,20,10,12,14,19,11,23,7,10,12,13,40,13,5,14,10,19,10,5,54,26,21,34,15,10,21,10,14,41,47,8,16,36,18,13,14,23,25,16,19,34,19,21,9,15,23,11,7,9,8,9,11,15,16,18,8,9,15,32,110,35,13,25,20,29,56,28,25,9,15,20,18,18,41,27,18,26,23,42,18,13,6,5,5,23,8,71,1,5,25,180,19,12,5,6,18,16,58,49,41,13,43,6,9,85,6,5,22,17,14,11,14,14,8,7,13,18,13,10,11,10,7,25,11,13,13,15,16,14,14,6,11,9,15,,27,20,16,9,43,37,44,133,137,142,6,10,5,10,15,7,22,31,17,21,19,11,17,13,21,25,12,4,11,32,14,15,9,12,14,34,13,17,21,17,11,8,24,20,7,7,19,54,20,5,14,5,14,10,9,50,46,72,61,42,74,18,31,19,20,17,26,19,26,12,19,8,19,4,17,10,10,8,18,5,29,30,5,35,24,4,11,2,11,13,34,23,23,26,9,11,45,8,25,10,18,16,16,14,17,6,7,9,19,12,15,21,30,5,7,6,14,,9,29,11,11,32,9,5,12,4,10,8,15,,,,5,2,,18,38,11,20,107,43,17,21,18,8,17,26,8,37,4,16,35,38,13,23,2,22,8,28,25,13,4,13,9,9,7,22,49,4,16,24,21,3,6,35,87,7,17,19,142,19
20180102,18,SO2_24h,10,22,29,69,30,37,33,16,19,20,26,20,40,67,29,26,24,45,55,11,16,13,19,22,25,15,13,18,19,12,9,11,16,13,13,15,11,30,12,10,7,21,15,8,15,8,8,14,64,14,38,14,13,18,9,15,20,8,17,12,12,29,16,5,15,14,16,18,6,50,24,28,65,12,20,17,28,18,44,52,8,47,40,32,24,25,58,28,29,32,37,51,22,10,19,25,14,10,15,7,10,15,17,21,14,11,19,34,54,220,90,36,38,27,37,80,22,25,12,17,17,20,14,41,42,32,38,34,48,16,22,13,10,8,31,11,45,2,8,28,129,20,20,5,7,10,14,48,65,79,25,40,6,7,61,4,5,40,34,27,21,24,20,25,12,16,24,18,9,10,11,11,21,11,15,13,16,17,13,16,14,12,15,10,,27,15,18,16,114,106,76,137,116,157,15,12,5,19,24,7,30,17,16,19,37,17,36,46,15,15,16,11,12,30,11,21,23,15,45,24,23,24,18,22,17,21,19,16,10,9,28,26,16,7,14,8,15,11,10,39,61,53,29,41,58,28,47,39,36,35,48,21,23,15,21,13,21,12,27,14,21,4,17,7,33,28,13,32,19,9,11,3,13,15,24,26,50,33,16,11,30,9,29,9,19,12,16,14,19,16,6,10,11,11,17,23,31,5,8,6,16,,11,35,11,11,17,10,6,11,5,10,9,16,,,,6,2,,23,39,26,16,29,34,14,14,27,10,29,32,19,28,14,29,29,22,14,62,23,26,39,23,33,20,9,11,11,10,11,37,85,4,20,11,8,3,6,29,97,9,22,31,86,24
20180102,18,NO2,26,65,52,78,44,61,67,15,18,58,47,56,62,66,25,36,24,43,54,56,97,96,49,30,71,42,90,76,88,34,27,21,30,94,54,83,93,85,88,78,29,77,55,31,73,44,34,38,39,42,44,61,44,88,66,80,90,72,63,70,64,103,70,12,61,44,35,27,6,96,43,44,21,55,39,61,15,24,51,50,25,35,64,36,26,30,37,49,25,28,90,40,58,14,22,75,32,15,26,76,20,25,86,32,67,18,38,16,39,74,83,17,35,49,38,48,29,27,20,62,98,91,54,96,52,33,52,51,65,69,46,56,39,28,40,16,74,15,26,75,99,74,43,25,61,36,19,89,79,41,57,100,12,17,25,19,16,38,34,30,41,23,26,28,10,32,38,10,27,21,80,78,86,47,75,80,78,79,56,69,30,95,93,92,,26,80,53,55,75,32,54,80,84,59,19,18,18,16,13,8,12,27,27,31,57,27,31,16,32,52,12,15,16,43,18,33,20,10,35,22,46,43,69,79,40,24,84,62,51,67,86,98,71,21,33,33,33,58,23,54,58,62,73,42,77,44,51,54,46,44,40,52,65,61,61,67,68,57,87,41,52,60,60,36,51,42,28,56,48,21,29,22,47,28,48,46,31,29,66,48,23,32,37,45,32,44,86,44,68,63,49,26,28,17,19,28,32,20,26,12,31,,28,45,15,32,24,14,14,15,26,56,43,12,,,,7,4,,40,64,26,63,18,44,11,19,13,16,23,15,18,25,18,23,,33,13,14,2,23,14,27,28,32,16,34,12,32,9,14,44,,23,31,59,6,11,86,50,41,41,44,28,23
20180102,18,NO2_24h,44,52,61,61,35,71,67,20,37,52,49,65,67,66,36,32,31,29,59,53,65,61,45,41,61,52,66,61,66,34,30,24,42,70,68,73,53,62,43,48,27,53,38,26,61,36,27,56,76,48,83,77,57,82,32,53,85,57,64,61,43,76,66,7,55,74,32,28,12,105,50,43,32,57,58,54,30,29,41,41,20,86,74,59,51,48,81,53,49,57,87,80,67,33,28,57,27,20,25,48,20,31,64,35,53,21,77,20,62,78,83,26,33,38,36,36,21,19,22,35,53,51,43,89,68,73,79,73,62,59,55,48,29,34,42,22,38,15,54,63,69,66,49,49,40,30,16,101,72,59,69,100,11,25,29,14,24,66,69,46,73,69,50,39,32,40,55,22,43,29,46,64,61,43,68,46,59,45,38,45,25,51,45,53,,25,72,62,48,76,56,70,84,59,55,23,12,14,22,16,5,15,14,11,26,29,18,37,32,23,21,17,23,13,31,17,25,32,10,63,15,57,51,54,61,69,19,82,45,50,42,52,56,53,20,24,17,39,38,26,35,48,51,44,41,47,37,41,81,88,76,80,76,69,72,71,63,56,71,78,63,56,45,63,28,41,28,36,48,41,15,31,24,44,38,49,41,47,37,42,31,25,34,55,48,32,50,69,36,51,50,39,32,12,17,24,27,23,19,23,10,26,,27,31,17,36,13,10,12,19,20,43,40,18,,,,9,16,,58,62,38,54,11,45,25,19,35,22,33,27,50,28,38,46,29,22,24,35,30,25,30,20,34,56,29,40,12,35,34,33,55,12,32,45,58,13,12,72,35,47,39,34,27,20
20180102,18,O3,45,17,21,10,37,14,16,68,62,17,27,15,19,12,55,34,45,26,34,47,7,16,42,69,46,37,10,11,3,51,55,73,69,11,46,17,25,26,15,10,63,27,43,47,13,46,68,60,30,34,31,22,33,54,75,75,49,120,112,94,78,42,70,77,7,71,14,38,90,7,53,56,61,27,48,20,59,51,26,28,74,40,45,32,38,39,32,66,56,36,11,44,47,66,47,50,137,152,143,58,116,131,42,120,95,45,33,48,79,5,10,50,34,29,29,28,42,46,48,24,4,9,26,11,22,34,34,33,44,18,37,22,46,49,54,134,32,80,64,26,11,20,109,68,38,21,58,3,14,55,18,3,54,65,45,44,51,39,32,35,54,51,41,42,64,30,26,68,54,54,23,20,11,33,23,13,12,15,4,22,38,30,50,2,,43,15,22,83,33,38,36,20,4,11,53,52,50,56,63,60,44,50,44,29,37,40,40,55,36,32,75,51,61,35,43,43,53,71,55,66,41,29,37,18,61,16,16,17,57,24,23,29,41,76,82,71,85,21,21,25,35,56,31,45,31,49,38,27,49,22,32,28,45,10,14,7,36,47,19,29,30,18,29,12,29,32,50,50,66,34,39,30,94,126,122,109,111,42,65,11,118,69,56,22,76,73,41,12,42,55,14,78,88,89,80,34,23,36,27,35,11,,30,40,74,32,52,37,47,29,44,8,17,82,,,,160,76,,55,18,71,22,67,38,77,62,81,76,67,49,61,71,82,77,74,63,82,111,84,74,40,48,60,40,55,47,49,58,74,71,42,91,53,42,22,49,55,13,21,77,98,25,40,45
20180102,18,O3_24h,56,59,28,46,59,52,33,77,68,49,45,34,36,33,69,60,61,55,69,78,95,65,65,85,78,39,53,42,41,58,60,86,73,97,69,65,80,87,78,92,87,75,74,118,88,79,97,68,39,86,40,38,42,94,136,115,105,130,130,143,130,98,115,87,15,101,25,56,96,15,69,71,70,35,48,57,68,64,63,67,96,60,84,43,45,47,41,86,61,50,50,82,87,68,53,97,143,167,174,120,145,151,99,157,123,51,40,59,89,8,22,56,66,62,58,62,59,70,66,57,88,120,44,34,37,38,46,48,53,43,60,60,57,68,73,143,70,92,70,56,32,41,126,83,51,42,71,20,52,70,53,6,65,76,73,63,72,50,39,66,81,64,50,123,64,39,57,86,56,58,71,48,50,55,60,64,62,118,58,117,72,85,111,103,,58,45,67,131,66,43,47,28,12,22,78,63,57,65,77,70,61,90,83,52,60,58,66,69,61,78,83,56,74,64,55,71,59,74,68,76,71,74,82,92,71,77,61,70,78,94,68,109,86,100,105,106,109,75,41,48,60,96,66,69,54,69,62,38,51,33,39,40,51,38,38,49,42,57,39,34,62,53,41,19,53,57,57,69,82,53,52,50,133,163,155,151,140,53,119,52,127,84,69,43,94,87,67,24,57,73,29,102,105,94,94,59,37,77,38,38,27,,59,97,95,45,72,52,56,35,68,15,27,107,,,,128,77,,56,43,74,52,76,53,82,76,82,83,82,69,75,83,88,82,88,74,82,113,84,82,45,73,76,43,64,58,51,61,89,77,52,120,59,48,36,57,60,20,63,102,175,63,69,58
20180102,18,O3_8h,45,28,19,29,48,23,25,70,56,34,37,25,28,20,62,51,54,44,49,64,26,37,55,60,53,26,33,25,17,49,54,79,60,26,53,31,40,29,42,44,76,54,64,67,24,58,82,57,22,44,30,23,27,70,104,87,72,109,115,120,106,64,78,81,7,67,12,42,88,7,61,60,63,27,37,38,59,51,52,53,86,36,55,32,37,43,29,70,56,37,24,45,56,62,49,70,121,150,144,91,112,131,59,135,104,43,26,56,69,5,14,48,53,50,50,46,53,62,58,45,22,32,21,17,26,27,34,24,42,20,27,43,47,41,60,128,42,88,40,32,15,15,93,64,40,20,61,8,31,47,18,5,53,63,50,46,54,40,29,44,50,42,42,57,57,34,37,63,53,51,48,37,30,38,48,35,31,33,41,39,48,49,73,41,,53,17,24,107,36,31,38,22,8,15,58,58,54,61,71,65,52,60,62,44,50,51,59,59,52,66,79,51,68,48,47,62,48,70,53,68,38,28,38,20,43,56,28,26,54,53,36,37,47,85,91,97,95,48,29,36,47,74,48,51,42,49,52,30,41,24,22,20,36,19,11,14,32,35,25,24,41,16,24,14,36,39,46,48,65,37,42,38,105,131,123,127,116,36,80,23,88,62,50,19,62,44,38,13,41,49,12,77,77,84,77,32,28,34,26,29,12,,18,74,84,24,44,44,51,22,48,8,19,93,,,,124,63,,30,33,65,27,71,44,70,65,76,73,65,56,46,68,82,66,82,63,71,88,75,68,41,53,62,28,48,47,43,42,59,63,40,95,54,36,19,37,51,16,45,77,142,51,60,55
20180102,18,O3_8h_24h,45,29,19,30,49,23,25,72,56,34,37,26,28,22,64,51,57,45,55,68,37,59,60,69,53,26,41,27,36,49,55,79,60,36,53,33,70,51,71,60,80,68,64,98,71,75,82,57,22,70,30,23,27,70,123,91,72,109,115,120,106,64,78,82,10,72,22,42,89,8,64,62,63,27,37,40,63,58,54,53,87,36,55,32,38,43,29,70,56,39,32,45,56,63,50,70,121,150,144,91,112,131,68,135,104,43,26,56,69,6,16,48,54,51,50,53,54,63,58,46,71,77,31,19,26,27,34,39,46,20,27,44,47,48,60,128,44,88,40,32,15,15,93,67,44,39,61,8,33,47,19,5,56,64,52,59,62,40,32,50,50,42,42,57,57,34,55,79,53,51,58,41,44,55,50,37,58,47,49,73,64,55,75,103,,55,24,29,107,40,31,38,22,9,15,66,58,54,61,71,65,52,86,64,45,51,53,59,59,52,68,79,51,73,53,47,65,55,70,53,74,43,53,59,53,60,58,29,40,54,80,51,75,67,96,91,101,95,48,30,42,47,74,50,51,42,49,52,30,41,24,22,25,47,19,27,16,34,35,27,24,41,26,24,14,38,39,48,49,65,47,42,40,105,131,123,127,117,36,80,36,88,62,50,19,62,45,38,17,46,53,20,77,77,84,78,41,29,45,38,29,23,,26,74,89,31,44,46,51,22,54,8,19,95,,,,104,63,,31,34,65,42,76,44,70,65,76,73,65,61,46,68,82,66,82,63,71,88,75,68,41,63,62,28,50,49,43,57,59,63,40,108,54,36,19,37,51,16,50,77,142,53,60,55
20180102,18,CO,0.4,1.613,1.343,2.26,1.18,1.55,1.617,0.54,0.44,0.9,0.8,1.5,1.7,1.457,0.763,0.745,0.67,0.97,1.2,0.733,1.222,0.938,0.66,0.72,1.34,0.767,1.471,1.167,1.033,1.025,0.88,0.84,0.85,1.173,0.813,1.025,1.092,1.254,1.033,1.55,1.133,0.933,0.967,1.033,1.35,0.82,0.575,0.889,0.862,0.8,1.322,1.611,1.09,1.21,1.055,0.875,1.183,1.175,1.1,1.14,1.4,1.6,1.314,0.725,1.335,0.925,1.15,0.7,0.567,2.9,0.9,1.2,0.5,1.957,0.857,0.9,0.625,0.74,0.9,0.933,0.55,0.767,2.2,1.3,0.733,0.7,1.4,0.96,0.55,0.76,2.3,1.267,1.4,0.467,0.675,2.02,1,0.85,1.075,1.3,0.9,1.2,1.9,1.267,1.167,0.633,1.633,0.733,1.48,1.633,2.183,0.7,1.243,0.717,0.9,1.06,0.971,0.76,0.62,0.96,1.7,1.25,1.575,2.771,1.9,1.225,1.8,1.633,1.9,1.875,1.6,1.46,1.2,1.375,1.325,1.075,2.533,0.7,0.65,1.95,8.6,1.1,1.2,0.725,1.233,1.15,0.6,2.55,2.45,1.325,1.375,2.533,0.667,0.6,0.925,0.75,1.133,1.25,0.7,0.9,0.7,0.6,0.65,0.7,1.05,1.15,0.9,0.7,0.9,0.95,1.133,0.9,0.85,0.6,0.65,1.1,0.867,1.3,1.75,0.8,0.6,1.25,1.3,1.1,,0.45,2.45,1.9,0.867,2.217,1.06,1.625,3.24,2.3,2.267,0.5,0.533,0.5,0.367,0.35,0.533,0.3,0.9,0.54,0.5,0.8,1.1,0.85,0.85,1.45,1.2,0.767,0.4,0.575,1.325,0.567,0.84,0.533,0.767,1.15,0.6,0.867,0.967,0.933,1.283,1.075,0.7,1,1.367,0.933,1.325,2.35,1.533,1.233,0.58,0.933,0.875,1,1.167,1,1.9,1.32,0.84,2.24,1.125,2.08,1.2,1.3,1.533,1.3,1.4,1.667,1.525,2.34,1.6,1.967,1.125,2.133,1.167,2.04,2.1,1,1.5,2.133,1.25,1.383,1.78,1.48,1.9,1.04,0.98,1.32,0.833,1.75,1.067,2.267,1.025,1.067,1.6,1.8,1.45,1.5,1.25,1.1,1.033,0.9,0.9,0.9,1.32,1.6,1.5,1.575,0.68,1.033,0.55,0.72,0.94,0.775,1.4,1.3,1.2,1.1,,0.8,1.05,0.933,1.15,0.85,0.6,0.9,0.8,1,1.3,0.9,0.3,,,,0.867,0.4,,1.025,1.475,1.067,1.55,0.8,0.867,1.05,0.35,0.25,0.75,0.867,0.65,0.5,1.1,1.1,1.3,0.8,1.7,0.7,0.7,0.6,0.8,0.233,0.733,0.667,1.25,1.15,1.267,0.65,1,0.6,1.5,1.733,0.4,0.4,1.3,,1.1,0.5,2.7,1.55,1.2,1.325,0.85,1.4,1.125
20180102,18,CO_24h,1.25,1.344,1.838,3.217,0.74,1.95,2.217,0.76,1.24,1.6,0.8,1.8,2.025,1.625,1.288,0.727,0.86,0.8,1.656,0.86,0.933,0.725,0.7,0.92,1.34,1,1.1,1.211,0.875,1.125,0.84,0.76,1.025,1.2,1.038,1,1.178,1.211,0.767,1.25,0.967,0.9,1.167,1.067,1.47,0.9,0.7,1.044,2.325,1.044,2.289,1.478,1.09,1.33,1.027,0.875,1.275,1.05,1.15,1.3,1.36,1.375,1.575,0.7,1.318,1.45,1.09,0.943,0.683,3.085,1.08,1.225,0.886,2.1,1.114,0.95,1.3,0.76,1.1,1.167,0.7,1.833,2.075,1.7,1.667,1.167,3.033,1.32,1.567,2.06,2.433,3.1,1.867,0.767,0.95,1.62,1,1,1.025,1.2,0.9,1.167,1.4,1.2,1.233,0.933,2.833,1.1,2.8,3.45,2.383,1.25,1.571,1.017,1.417,1.36,0.929,0.72,0.86,0.92,1.375,1.25,1,2.9,2.62,2.35,2.725,2,1.95,1.9,1.95,1.14,1.12,1.8,1.15,1.175,1.4,0.7,1.175,1.717,5.42,1.125,1.325,1.025,1.25,1.025,0.75,2.95,2.475,2.825,2.025,2.6,0.6,0.65,0.9,0.64,1.367,2.35,1.95,1.65,1.3,1.85,1.95,1.65,1.85,2.85,2,1,1.5,1.9,1.5,0.8,0.8,0.65,0.7,0.85,0.767,1.2,1.5,0.7,0.667,1.15,1.3,0.9,,0.65,1.925,1.925,1,4.617,1.86,1.95,3.82,2.967,2.567,0.667,0.433,0.5,0.633,0.45,0.367,0.6,0.633,0.42,0.35,0.5,0.85,1.25,1.5,1.3,0.8,0.933,0.775,0.675,1.15,0.567,0.7,1.133,0.733,2.45,0.5,1.233,1.417,1.2,1.617,1.175,0.9,1.2,1.367,1.233,1.375,1.9,1.433,1.1,0.68,0.833,0.7,1,1.1,0.88,1.66,1.06,0.78,1.96,1.075,1.26,1.12,1.3,2.8,2.1,2.6,2.5,1.95,2.12,2.375,1.833,1.25,1.55,1.367,1.66,1.8,1,1.4,1.7,1.45,1.283,1.52,1.64,1.66,0.96,1.06,1.62,0.467,1.675,1.267,1.633,1.225,1.4,1.7,1.45,1.333,1.35,1.3,1.2,1.2,0.933,0.96,1,1.35,2.22,1.35,1.225,0.9,0.6,0.45,0.8,1.04,0.825,1.3,1.25,1.15,1,,0.85,1,0.933,1.4,0.7,0.667,0.8,1.05,0.8,1.7,1,0.6,,,,1.167,0.6,,2.2,1.5,1.633,1.05,0.6,1.4,1.45,0.65,0.65,0.75,1.167,0.65,1.1,1.6,1.4,1.7,0.8,1.4,0.7,1.3,1.1,1.1,0.667,0.767,0.933,3,2.2,1.533,0.8,1.2,1.8,2.6,1.9,0.4,0.55,1.4,2.3,1.2,0.6,2,1.525,1.3,1.2,1.175,1.7,1.25
20180102,19,AQI,37,61,98,120,63,109,76,36,31,54,67,94,125,98,35,62,41,71,104,39,110,68,55,57,154,71,79,66,85,64,75,60,66,92,53,82,104,91,63,90,37,100,85,72,138,72,61,63,78,72,127,265,114,100,85,88,120,119,114,108,91,156,94,58,100,94,33,36,90,260,91,107,55,157,117,121,65,56,75,57,56,92,227,64,71,43,66,167,34,62,164,99,199,32,51,178,72,96,91,100,66,128,126,83,143,32,110,30,175,159,168,36,55,78,64,67,56,40,46,54,161,111,195,163,119,96,135,178,220,232,138,78,122,40,157,77,208,53,78,225,131,113,114,83,154,30,44,222,210,63,146,265,77,51,62,52,33,57,73,59,115,55,53,56,28,64,64,33,31,38,71,63,57,52,61,115,71,66,106,76,57,138,108,88,,44,262,175,70,193,66,108,243,191,116,61,41,27,36,36,33,37,89,60,139,59,46,45,41,59,71,40,36,43,122,64,93,61,37,58,38,76,135,113,147,199,88,121,182,94,161,280,184,160,54,56,51,53,78,67,170,117,105,119,136,144,114,83,114,84,85,129,192,238,123,229,91,240,81,277,225,80,86,225,122,122,132,60,98,133,39,93,53,70,80,89,120,75,92,94,116,150,93,78,104,83,136,144,143,216,182,161,84,62,79,42,60,64,21,45,30,43,29,53,118,49,58,27,43,44,25,31,72,53,47,,,,66,41,,116,100,124,199,87,90,78,98,82,61,76,83,54,61,76,82,104,94,84,54,42,52,53,72,95,99,28,125,39,178,449,130,141,48,29,158,154,440,27,263,110,91,83,74,65,46
20180102,19,PM2.5,12,42,73,90,32,81,53,20,16,20,41,70,94,57,11,36,18,51,77,21,82,36,35,33,117,45,48,42,62,40,54,42,47,68,27,59,56,67,36,65,20,75,62,39,105,27,22,43,45,43,96,214,85,75,62,65,90,89,85,80,67,118,70,39,75,66,20,15,19,209,44,70,21,119,88,91,15,19,42,35,20,68,176,35,38,19,47,126,17,30,124,74,149,13,20,134,33,39,59,48,31,97,95,60,109,10,65,9,132,99,127,13,30,57,42,48,33,26,24,37,122,83,146,123,89,44,102,134,169,181,105,57,92,28,119,42,157,26,54,174,81,84,85,46,117,19,18,171,159,23,111,214,12,7,22,33,12,25,45,26,51,32,27,20,12,30,26,18,18,20,34,30,28,23,24,86,47,47,79,55,32,97,57,65,,28,211,132,32,145,35,64,192,143,87,16,20,14,9,15,11,16,41,29,106,33,32,19,27,31,35,19,21,29,92,45,69,43,13,33,26,55,102,84,112,149,59,91,137,70,122,229,138,121,22,36,33,31,50,47,128,88,78,89,103,110,85,52,81,61,62,67,144,187,89,178,67,189,59,226,174,55,63,174,92,92,100,30,73,101,26,69,32,43,57,66,90,54,68,70,87,115,69,33,77,61,103,109,109,165,137,122,42,25,49,12,39,45,12,30,11,30,20,31,57,20,24,18,26,23,10,15,52,34,4,,,,40,13,,87,39,93,149,43,64,24,49,43,24,39,52,37,33,49,38,62,53,52,13,,25,18,22,58,74,17,94,20,82,131,46,107,11,15,120,117,86,11,212,82,67,54,42,41,23
20180102,19,PM2.5_24h,34,35,85,58,26,113,64,20,34,40,50,82,104,76,27,26,23,29,151,30,79,37,36,33,147,51,39,45,62,48,40,33,76,85,50,75,72,75,45,73,25,77,69,46,129,39,36,55,152,45,160,103,92,92,66,74,95,84,90,92,77,113,86,35,71,104,19,18,15,231,46,67,36,110,94,80,35,25,59,40,37,224,161,72,140,57,151,129,69,162,205,215,110,41,49,101,49,69,72,52,47,97,85,64,97,11,203,28,133,177,115,34,38,55,40,58,25,33,39,47,121,87,81,161,128,161,148,180,167,190,146,74,72,101,121,72,121,24,87,137,62,85,98,86,102,25,16,246,135,53,159,214,32,34,31,26,45,152,172,51,111,99,97,75,51,124,71,36,43,55,37,32,40,28,34,67,47,53,64,57,36,97,48,81,,29,172,197,57,175,99,84,194,127,123,25,16,17,24,13,8,17,31,14,39,28,28,46,63,37,27,27,65,35,83,39,60,88,13,95,11,106,147,124,137,169,45,98,162,109,142,201,156,106,36,41,38,43,61,49,98,90,73,81,99,98,88,65,97,100,165,153,198,170,197,173,77,97,76,158,107,67,75,116,104,87,90,57,76,93,55,61,65,70,70,86,91,70,101,104,74,119,78,33,86,69,86,97,94,161,116,80,55,13,35,12,49,22,35,26,17,38,13,25,38,20,33,14,16,13,18,9,52,26,16,,,,38,21,,139,41,95,84,48,72,49,54,54,41,61,55,56,47,65,64,43,50,39,43,29,25,40,25,57,97,34,90,26,89,127,76,116,22,23,120,141,67,11,202,56,62,77,45,43,22
20180102,19,PM10,36,70,125,150,74,138,100,29,30,56,81,126,145,144,34,71,40,73,98,38,160,83,58,62,231,90,105,79,118,76,82,65,73,130,53,112,156,129,73,128,33,116,113,91,106,91,70,73,103,91,154,250,119,104,106,97,149,126,131,113,126,175,128,64,119,136,32,35,128,316,129,162,57,137,119,172,77,59,98,62,60,108,306,75,89,42,69,258,33,71,247,118,222,29,50,180,82,60,113,149,70,120,166,113,132,31,168,29,228,266,174,35,57,62,76,81,59,39,45,46,142,147,202,245,145,140,163,248,227,232,170,70,109,37,160,62,240,53,103,245,210,138,136,113,190,29,43,269,260,73,183,376,101,50,72,51,32,61,94,66,178,58,54,59,,75,75,30,30,37,90,73,61,52,70,126,89,72,114,90,61,223,164,121,,43,327,286,88,216,80,163,328,234,149,70,40,19,35,26,25,36,125,68,96,66,42,44,40,66,89,34,35,42,105,54,80,59,22,64,26,96,140,146,154,189,124,130,177,100,180,353,191,190,55,59,50,53,103,81,212,149,142,156,161,183,124,114,175,116,102,206,289,300,194,280,106,248,96,242,269,108,,232,120,129,147,67,117,166,38,121,53,87,85,114,151,97,91,118,163,180,98,103,124,112,201,235,171,232,280,197,116,72,105,25,67,55,20,44,29,38,21,54,183,48,64,26,42,43,24,30,60,53,38,,,,80,40,,142,147,132,237,121,127,104,144,111,69,99,114,54,69,100,112,156,135,115,55,15,51,53,92,137,103,27,122,38,303,548,208,131,,27,133,163,539,21,305,114,97,109,95,78,45
20180102,19,PM10_24h,61,52,146,114,54,185,107,36,79,74,77,121,169,181,64,48,43,66,164,43,139,65,61,73,236,117,86,75,118,81,94,61,106,137,84,127,126,121,72,124,41,106,114,82,161,83,69,94,279,107,244,161,117,118,107,93,150,107,127,110,110,145,128,63,112,207,28,36,81,393,146,166,88,138,147,146,83,75,86,63,69,332,254,121,179,91,244,241,115,270,339,306,193,73,101,130,88,77,112,91,90,107,136,108,118,27,341,60,233,289,190,59,64,85,81,65,56,37,68,56,129,126,119,259,191,228,251,292,224,249,226,107,96,157,152,84,159,40,159,218,148,131,145,185,153,42,31,400,268,143,300,420,129,113,79,39,112,219,292,119,214,160,167,144,85,167,150,78,89,106,83,71,67,69,69,110,88,75,91,86,62,190,166,127,,43,290,331,101,291,209,175,341,209,220,62,32,27,56,26,17,32,69,36,74,70,43,73,85,69,47,52,81,54,96,50,71,125,25,196,24,162,215,184,191,234,83,136,227,159,212,296,225,175,66,62,56,71,93,82,159,163,119,139,156,164,128,124,177,182,216,283,330,278,305,282,141,142,141,196,220,134,121,185,145,135,114,115,130,142,81,118,120,103,88,129,152,106,127,157,113,171,112,109,142,115,151,212,142,221,230,128,134,26,69,24,72,29,84,42,40,49,16,50,95,39,58,31,25,25,30,28,78,70,61,,,,73,35,,213,111,155,139,116,159,138,123,150,124,166,160,132,98,138,152,110,95,84,75,58,57,105,83,148,145,48,123,38,352,436,196,139,42,37,141,192,346,21,275,87,98,121,71,72,43
20180102,19,SO2,5,25,22,52,44,28,26,15,11,8,32,21,27,54,15,25,18,43,47,10,21,12,14,21,45,11,12,17,10,10,9,13,11,14,11,15,13,21,13,9,6,22,12,5,19,7,7,10,33,8,20,10,10,15,15,10,22,7,12,13,13,37,31,5,13,9,19,10,5,55,25,19,46,15,9,20,9,15,36,35,8,17,27,19,13,15,25,29,11,18,31,20,16,8,15,21,12,7,9,7,9,14,14,16,19,7,9,19,31,111,38,13,26,24,33,77,29,18,9,11,19,22,15,36,30,17,24,21,36,13,18,6,4,5,23,7,63,1,5,28,180,16,10,5,8,17,16,61,45,31,12,32,13,4,35,5,5,22,17,15,12,13,14,9,7,10,16,9,9,10,9,7,27,10,14,13,12,14,14,14,6,11,12,14,,22,18,16,9,40,44,45,64,109,139,6,11,4,15,18,6,18,20,29,62,22,10,19,15,32,19,13,3,12,30,13,15,9,8,16,21,14,16,21,14,6,7,18,20,11,5,18,28,43,6,16,8,15,10,9,50,49,58,54,41,83,19,42,22,18,16,24,16,27,13,18,5,20,5,18,10,9,3,17,5,32,30,5,27,23,3,10,2,14,9,23,38,18,28,11,8,24,8,24,10,21,14,14,13,17,5,7,8,19,11,16,24,35,4,8,5,15,15,8,38,11,10,25,8,6,12,4,12,7,15,,,,5,8,,18,33,11,18,23,44,20,17,17,8,26,35,3,27,6,16,36,38,11,22,2,23,8,21,25,12,4,14,9,9,7,20,50,3,20,17,33,3,6,35,88,7,19,25,138,17
20180102,19,SO2_24h,9,23,29,70,31,36,32,15,18,19,26,19,39,66,27,26,23,45,53,11,16,13,19,22,26,15,12,18,19,12,9,11,16,13,13,17,11,30,12,12,7,21,14,8,16,8,8,14,63,14,38,14,13,18,10,15,20,8,16,12,12,30,17,5,16,14,16,18,6,51,23,28,63,12,18,17,23,20,44,52,8,46,42,30,26,24,56,28,24,31,37,50,21,10,18,25,15,10,15,7,10,15,17,21,15,11,18,29,53,217,90,36,37,27,36,80,22,25,12,16,17,20,14,41,41,31,38,34,48,16,22,11,10,8,28,10,47,1,8,28,134,20,20,5,7,10,14,49,64,77,24,40,6,6,59,4,5,39,33,25,20,23,20,24,14,15,22,18,9,10,11,11,21,12,15,13,16,17,13,16,13,12,15,10,,27,14,18,16,113,100,71,133,115,155,15,12,5,17,23,7,29,17,16,21,37,17,35,45,15,15,16,9,12,31,12,21,20,13,42,22,23,25,19,22,17,20,19,16,10,9,26,25,17,7,14,8,15,11,9,40,60,53,30,41,59,28,47,39,35,35,48,22,23,15,21,13,21,12,26,13,21,4,17,7,33,28,12,32,19,8,12,3,13,15,24,27,49,33,15,11,30,9,29,9,20,13,16,14,18,15,6,10,12,12,17,23,32,5,8,6,16,13,11,35,11,11,17,10,6,11,5,10,11,16,,,,6,2,,23,39,26,15,29,34,14,15,27,9,29,30,19,28,14,28,30,23,12,62,22,26,36,23,33,20,9,11,11,9,10,37,82,4,20,12,9,3,6,29,95,9,23,31,86,23
20180102,19,NO2,35,70,56,82,63,62,75,15,26,67,55,63,63,66,32,49,25,47,53,63,95,94,41,40,88,32,93,80,69,27,27,25,25,91,59,78,91,87,69,91,24,94,64,39,63,52,34,36,45,44,47,55,41,111,65,81,107,83,80,86,71,110,86,11,62,43,31,24,7,94,52,55,25,63,38,59,18,25,54,49,26,33,58,41,28,32,39,56,18,22,75,38,46,17,21,95,32,16,33,78,20,36,99,38,80,18,33,18,35,70,84,18,36,57,45,47,24,20,19,52,98,95,52,73,57,27,49,44,58,42,68,57,52,22,63,17,80,18,35,74,97,77,66,30,59,35,22,90,80,44,59,105,14,15,25,23,24,33,30,32,45,24,27,28,7,20,29,8,28,19,80,95,77,46,73,76,70,84,55,73,22,89,90,88,,25,75,48,66,58,36,54,61,78,59,22,14,16,19,14,6,14,23,34,52,61,30,23,15,37,36,11,17,14,37,16,28,21,5,39,15,41,41,70,77,27,39,71,61,46,57,71,74,75,23,31,51,44,61,24,60,74,71,78,39,80,34,54,60,42,47,39,50,64,52,52,62,71,72,90,44,66,48,68,37,55,49,26,49,50,20,28,21,55,40,54,49,53,31,85,39,44,37,33,54,41,59,91,47,65,52,48,22,36,23,21,30,33,22,29,14,29,47,21,59,24,39,23,14,17,23,26,61,32,13,,,,10,7,,37,65,26,61,18,43,14,23,14,16,25,18,18,25,24,29,38,29,20,13,1,28,16,23,37,35,22,38,14,39,11,18,51,19,17,39,69,6,16,81,52,47,47,43,40,18
20180102,19,NO2_24h,43,53,61,62,36,69,67,17,36,52,48,63,65,65,34,31,30,30,57,53,67,61,44,40,60,50,65,61,65,33,29,23,39,72,67,66,53,64,44,65,26,54,37,27,61,38,27,55,74,48,80,74,56,83,33,55,87,58,65,62,43,78,67,8,55,72,31,29,12,103,47,42,32,57,57,54,26,28,41,40,20,83,74,55,61,45,78,52,44,55,86,76,66,31,26,57,27,20,25,48,20,31,66,36,55,21,75,18,61,77,83,25,33,39,35,36,21,18,21,35,55,53,47,88,66,69,77,71,61,59,55,45,29,32,43,22,40,15,52,63,71,66,49,48,41,29,16,99,70,57,68,100,11,24,28,14,24,64,66,44,71,67,49,39,31,37,52,21,42,28,47,64,62,48,67,47,58,47,38,46,24,47,47,54,,25,72,62,49,75,54,68,82,58,54,23,12,14,20,15,5,15,15,12,27,30,18,35,31,24,21,16,26,13,31,17,25,29,9,60,15,55,47,54,63,66,19,81,45,48,43,53,57,53,20,25,19,39,38,25,36,49,51,45,41,48,36,41,79,85,74,78,75,68,72,69,63,56,70,78,61,56,45,63,28,42,29,36,47,41,15,30,24,43,38,49,40,47,38,43,31,26,34,54,47,35,51,69,36,50,50,39,31,13,17,24,27,23,19,22,10,26,22,27,33,17,36,14,10,12,19,21,42,29,18,,,,9,16,,57,61,36,52,12,43,24,19,32,22,32,26,47,27,38,44,30,22,23,35,28,25,28,21,34,55,29,40,12,33,34,33,54,13,31,45,60,13,12,72,35,47,39,34,27,19
20180102,19,O3,37,14,17,9,23,12,10,66,54,7,18,9,15,11,48,21,46,21,32,38,7,14,49,58,29,45,4,7,11,57,55,67,73,8,37,17,30,24,21,4,62,10,20,29,11,35,61,55,24,28,31,22,33,28,76,68,37,90,90,62,62,23,51,82,6,65,12,40,92,7,45,41,54,18,44,25,53,45,20,28,67,39,30,28,35,36,30,61,63,43,17,44,41,62,47,22,123,139,125,43,122,131,25,108,60,41,34,44,80,5,10,48,31,22,21,26,44,52,47,28,4,2,19,19,16,36,32,36,52,48,13,13,30,54,30,123,24,73,50,23,10,12,83,59,40,19,48,3,10,52,14,3,52,65,42,36,47,45,34,31,36,46,40,40,58,44,30,70,51,58,18,5,14,36,26,11,14,15,4,16,47,23,50,,,42,16,22,65,44,33,36,38,4,11,49,55,50,50,60,62,45,49,35,15,34,35,49,55,28,42,75,49,62,36,45,45,42,75,40,70,42,28,36,21,74,21,21,20,61,25,21,38,35,71,80,44,63,13,17,15,15,41,24,38,26,49,31,20,58,17,29,30,48,18,17,8,40,17,17,25,14,28,21,11,25,22,49,45,53,31,35,34,75,101,99,96,76,47,33,5,76,52,60,13,62,61,27,13,41,58,13,70,41,85,72,41,18,31,27,29,12,15,31,24,61,28,47,35,41,17,40,6,25,79,,,,65,78,,57,17,69,22,61,39,71,54,79,72,63,53,59,65,76,59,75,58,72,101,83,69,39,50,48,33,42,45,47,54,72,68,37,,58,29,10,47,48,22,16,69,85,26,30,48
20180102,19,O3_24h,57,59,28,46,59,52,33,77,68,49,45,34,36,33,69,60,61,55,67,78,76,65,65,85,78,45,53,42,41,59,60,86,74,70,68,71,76,79,78,72,87,75,74,115,87,77,97,69,39,85,40,38,42,94,136,115,98,130,130,143,130,98,115,88,15,101,25,55,96,12,69,71,70,33,48,57,68,60,63,67,96,60,86,43,44,47,41,86,64,50,50,82,87,68,53,97,140,167,174,120,142,151,87,157,123,51,37,59,89,8,20,56,66,62,58,62,59,70,66,57,79,119,33,35,37,40,43,48,57,44,60,58,57,68,73,143,61,92,70,54,26,33,126,83,51,42,70,15,52,70,40,6,65,76,73,63,70,50,39,66,81,64,50,123,59,44,57,86,56,59,65,48,50,57,60,61,62,96,54,113,72,90,111,103,,58,33,61,131,66,43,47,38,12,22,78,63,57,65,77,70,61,90,83,52,60,58,66,69,61,78,83,53,74,64,55,71,61,75,68,76,70,74,80,88,79,77,42,63,78,94,65,109,86,100,105,106,109,75,41,48,60,96,66,69,54,69,62,38,58,33,38,36,51,36,32,47,44,57,39,34,62,54,36,19,50,57,57,69,82,53,52,50,133,155,155,151,140,53,119,49,127,80,68,35,84,87,64,24,56,70,24,100,105,94,93,59,37,77,38,38,27,44,57,97,95,45,61,52,56,35,66,11,35,107,,,,128,78,,58,43,74,52,76,53,82,76,82,83,82,69,75,83,88,82,88,74,82,113,84,82,45,73,76,43,64,58,51,63,79,77,52,120,59,48,28,50,60,25,63,102,175,63,69,58
20180102,19,O3_8h,46,26,20,28,47,23,24,70,60,33,36,23,28,20,61,47,53,42,46,60,23,34,56,63,53,30,30,23,16,51,55,78,64,24,54,32,37,28,38,40,73,50,59,67,23,56,80,59,24,44,32,25,29,68,103,86,71,110,116,115,104,64,81,81,7,72,13,45,91,7,59,61,62,27,39,37,60,51,48,51,85,40,58,33,37,42,31,71,59,40,23,48,58,63,49,68,125,153,147,88,117,136,59,136,103,45,28,55,77,5,14,51,52,48,47,46,52,61,56,43,20,28,14,17,26,33,35,27,44,23,27,38,46,42,58,131,40,87,46,34,14,16,99,68,41,20,62,8,31,52,19,5,54,67,49,46,52,44,32,44,52,46,43,57,54,37,37,64,54,54,43,32,28,38,44,33,28,30,35,38,48,48,71,41,,52,16,25,106,39,33,39,25,8,14,58,58,53,60,70,64,52,58,59,41,48,49,58,61,50,62,79,48,67,46,48,59,46,72,54,69,40,31,39,19,48,49,27,26,57,49,35,35,46,84,92,90,94,44,29,35,45,75,46,52,42,52,50,31,46,25,24,22,38,19,13,15,35,36,24,26,41,19,27,14,37,39,50,51,67,37,43,38,105,134,124,128,116,41,81,20,94,63,54,20,66,49,39,14,40,51,12,82,77,87,82,33,29,34,27,31,11,33,21,69,82,26,46,43,51,23,47,8,27,93,,,,109,69,,35,32,69,28,70,44,73,67,77,75,66,55,53,69,83,72,82,65,75,96,82,70,41,54,62,32,49,48,45,52,64,66,43,95,56,38,20,40,52,17,42,81,138,49,57,53
20180102,19,O3_8h_24h,47,29,20,30,49,23,25,72,61,34,37,26,28,21,64,51,57,45,52,68,37,59,61,72,54,30,41,27,36,51,56,79,64,36,55,36,70,51,71,45,80,68,64,98,71,75,82,59,24,70,32,25,29,71,123,93,73,111,116,120,107,65,82,82,11,76,22,45,92,8,64,62,63,28,39,40,64,55,54,53,87,40,58,33,37,43,31,71,59,41,32,48,58,63,50,70,125,153,147,92,117,136,69,136,105,45,28,56,77,7,16,51,54,51,50,53,54,63,58,46,71,77,22,20,26,33,35,39,48,23,27,44,47,48,60,131,44,88,46,34,15,16,99,71,44,39,62,8,33,52,20,5,56,67,52,60,63,44,32,50,52,46,43,58,54,37,55,79,54,54,58,41,44,56,50,37,58,47,49,73,64,56,75,103,,55,24,29,108,43,33,39,25,9,15,67,58,54,61,71,65,52,86,64,45,52,53,59,61,52,68,79,48,73,53,48,65,56,72,54,74,44,56,59,53,62,58,29,40,57,80,51,75,67,96,92,101,95,48,30,42,47,75,50,52,42,52,52,31,46,25,24,25,47,19,27,17,35,36,27,26,41,27,27,14,38,40,52,51,67,47,43,40,107,134,126,129,118,41,81,36,94,64,54,21,66,49,40,17,46,54,20,82,77,87,82,41,29,45,38,31,23,38,27,74,89,33,46,46,51,23,55,8,27,95,,,,104,69,,36,34,69,42,76,45,73,67,77,75,66,61,53,69,83,72,82,65,75,96,82,70,41,63,63,32,50,50,45,57,64,66,43,108,56,38,20,40,52,17,50,81,142,53,60,55
20180102,19,CO,0.527,1.638,1.463,2.617,1.42,1.6,1.717,0.58,0.52,1.033,0.833,1.633,1.7,1.267,0.788,0.864,0.69,1.07,1.1,0.75,1.278,0.888,0.76,1,1.64,0.733,1.443,1.233,0.85,1.1,0.96,0.86,0.775,1.191,0.788,1.133,1.142,1.274,0.767,1.6,1.033,1.233,1.033,1.133,1.312,0.86,0.575,0.822,1.038,0.756,1.311,1.9,1.08,1.34,1.1,0.925,1.3,1.4,1.375,1.24,1.42,1.75,1.5,0.725,1.319,0.938,1.13,0.657,0.583,2.954,1.06,1.55,0.614,2.071,0.886,0.883,0.7,0.8,0.9,1,0.525,0.667,1.8,1.3,0.8,0.667,1.583,1.5,0.54,0.7,1.9,1.267,1.167,0.467,0.6,2.48,1,0.833,1.15,1.567,0.833,1.433,2.1,1.467,1.267,0.7,1.567,0.85,1.38,1.88,2.05,0.775,1.229,1.017,1.15,1.14,0.957,0.72,0.62,0.9,1.875,1.25,1.571,2.1,1.94,1.067,1.725,1.467,1.825,1.233,2.15,1.467,1.36,1.225,1.475,1.1,2.833,0.75,0.75,2.033,7.86,1.2,1.325,0.8,1.367,1.2,0.75,2.7,2.525,1.375,1.425,2.9,0.767,0.5,0.733,0.825,1.267,1.15,0.65,0.95,0.7,0.6,0.65,0.8,1.3,1.1,0.85,0.65,0.9,1.05,1.133,0.9,0.7,0.6,0.55,1.1,0.8,1.35,1.9,0.75,0.6,1.2,1.4,1.1,,0.55,2.4,1.725,0.967,1.85,1.12,1.725,2.18,2,2.367,0.567,0.567,0.5,0.4,0.4,0.533,0.4,0.867,0.7,1.075,1,1.2,0.85,0.8,1.7,1.2,0.767,0.433,0.575,1.025,0.6,0.74,0.65,0.667,1.2,0.6,0.867,1.02,1.067,1.3,0.925,0.9,0.867,1.4,1.067,1.125,2.1,1.233,1.367,0.56,0.9,1.375,1.175,1.467,1.12,1.96,1.7,0.98,2.92,1.075,2.08,1.14,1.3,2,1.225,1.45,1.633,1.35,2.34,1.35,1.733,1.125,2.15,1.3,2.08,2.15,1.2,1.4,2.3,1.15,1.433,2.08,1.48,2.04,1.18,0.98,1.3,0.633,2.35,1.267,1.533,1.175,1.367,1.55,2.15,1.5,1.9,1.35,1.025,1.05,1.05,0.98,0.975,1.38,1.38,1.55,1.775,0.72,1.267,0.65,0.74,0.96,0.825,1.45,1.35,1.25,1.1,1.1,0.75,1.35,1.1,1.25,0.85,0.6,0.95,0.9,0.95,1.35,0.95,0.35,,,,0.9,0.4,,1,1.5,1.133,1.6,0.8,0.933,1.15,0.35,0.2,0.9,0.867,0.75,0.6,1.25,1,1.4,0.9,1.5,0.7,0.7,0.6,0.9,0.2,0.55,0.8,1.7,1.35,1.467,0.75,1.15,0.6,1.6,1.833,,0.3,1.3,,1.1,0.6,2.6,2.05,1.467,1.325,0.925,1.425,1.125
20180102,19,CO_24h,1.167,1.375,1.825,3.283,0.8,1.9,2.117,0.7,1.2,1.533,0.767,1.767,2,1.629,1.225,0.727,0.84,0.8,1.52,0.84,0.922,0.725,0.7,0.92,1.32,0.967,1.1,1.2,0.85,1.1,0.84,0.76,1,1.209,1.025,1,1.178,1.211,0.767,1.3,0.967,0.967,1.167,1.067,1.47,0.88,0.7,1.033,2.262,1.022,2.233,1.49,1.08,1.33,1.027,0.85,1.275,1.05,1.15,1.28,1.34,1.4,1.588,0.7,1.319,1.438,1.09,0.929,0.667,3.092,1.02,1.225,0.871,2.129,1.114,0.95,1.2,0.8,1.075,1.167,0.7,1.8,2.033,1.6,2.05,1.1,2.983,1.3,1.58,2.04,2.4,3.067,1.833,0.767,0.9,1.64,1,1,1.05,1.2,0.9,1.167,1.433,1.233,1.233,0.933,2.767,1,2.76,3.48,2.383,1.25,1.557,1.017,1.417,1.36,0.929,0.7,0.82,0.92,1.375,1.225,1.086,2.871,2.62,2.2,2.675,2,1.975,1.9,1.95,1.167,1.12,1.775,1.175,1.175,1.483,0.7,1.125,1.75,5.66,1.125,1.325,1.025,1.25,1.025,0.75,2.975,2.45,2.725,2.012,2.667,0.633,0.65,0.825,0.66,1.333,2.3,1.9,1.55,1.3,1.85,1.85,1.65,2.5,2.7,1.9,1,1.5,1.9,1.467,0.9,0.8,0.6,0.7,0.85,0.767,1.15,1.5,0.7,0.667,1.1,1.3,0.9,,0.65,1.925,2.025,1,4.633,1.78,1.875,3.78,2.967,2.567,0.667,0.433,0.5,0.6,0.4,0.367,0.6,0.667,0.44,0.375,0.467,0.85,1.2,1.5,1.25,0.8,0.9,0.8,0.675,1.175,0.567,0.7,1.05,0.733,2.4,0.5,1.183,1.38,1.167,1.617,1.175,0.85,1.167,1.367,1.2,1.375,1.9,1.433,1.1,0.66,0.833,0.725,0.975,1.1,0.86,1.64,1.06,0.78,2,1.075,1.28,1.12,1.3,2.767,2.05,2.55,2.5,1.95,2.14,2.375,1.833,1.25,1.6,1.367,1.64,1.8,1,1.4,1.767,1.45,1.283,1.52,1.6,1.66,0.96,1.06,1.62,0.433,1.675,1.267,1.6,1.175,1.4,1.7,1.4,1.333,1.4,1.3,1.2,1.125,1.025,0.98,1,1.35,2.12,1.35,1.25,0.9,0.6,0.45,0.8,1.02,0.825,1.3,1.2,1.15,1,1,0.85,1.1,0.933,1.4,0.75,0.667,0.8,1.05,0.8,1.7,1.1,0.6,,,,1.167,0.6,,2.1,1.475,1.6,1.05,0.6,1.333,1.45,0.65,0.6,0.75,1.133,0.65,1.1,1.6,1.4,1.7,0.8,1.4,0.7,1.3,1.1,1.1,0.667,0.733,0.933,2.95,2.15,1.567,0.75,1.25,1.8,2.6,1.9,0.4,0.55,1.4,2.3,1.2,0.6,2.05,1.525,1.3,1.225,1.175,1.675,1.2
20180102,20,AQI,32,63,98,127,82,119,85,36,37,52,80,100,127,97,30,72,46,72,111,39,103,67,55,174,160,66,83,63,85,65,74,65,65,98,51,92,102,89,58,111,36,98,88,70,128,74,60,64,78,67,127,295,83,116,85,93,137,130,131,119,87,149,99,61,103,92,26,29,114,271,91,109,59,164,87,121,64,57,110,64,52,91,135,64,70,44,59,249,31,61,119,93,142,37,37,199,71,96,88,105,69,144,142,87,154,24,97,31,168,119,150,35,60,114,67,63,54,40,52,60,150,113,185,143,114,92,127,153,235,125,193,80,120,40,157,77,214,54,78,216,126,137,127,80,158,28,43,232,230,59,178,276,100,50,66,52,38,47,67,56,83,54,52,54,31,66,62,33,36,37,70,61,55,56,56,113,76,74,99,81,55,135,114,78,,53,243,143,74,195,70,121,224,164,133,88,40,27,36,35,32,37,77,74,117,73,56,50,45,70,85,40,42,40,105,61,83,59,37,56,35,78,130,131,154,196,100,110,186,93,153,244,167,146,53,53,55,68,81,71,175,124,93,132,139,150,114,87,94,82,89,119,161,223,106,218,88,248,85,265,230,89,82,220,120,128,127,52,106,136,50,75,57,73,83,91,128,94,89,117,117,177,100,80,111,113,149,171,141,195,189,168,80,83,83,41,57,72,18,36,33,43,,53,107,53,50,30,40,46,39,29,82,43,46,,,,61,41,,117,94,130,207,80,100,86,89,75,84,81,92,51,77,99,98,104,85,87,58,42,57,52,67,89,113,35,119,33,175,439,135,164,47,45,142,148,353,42,249,99,85,84,76,76,44
20180102,20,PM2.5,13,43,73,96,60,89,62,22,20,19,58,75,96,58,10,52,20,52,83,24,76,31,34,131,119,47,50,39,62,46,53,46,46,73,24,68,60,66,32,83,20,73,65,45,97,28,24,43,54,39,96,244,61,87,62,69,104,98,99,89,64,114,74,41,76,64,14,15,18,220,45,78,23,124,64,91,19,20,82,45,19,67,85,37,40,21,41,198,16,32,85,69,108,12,16,149,28,39,61,61,31,110,108,60,117,10,55,13,127,86,115,14,36,85,47,43,32,28,24,42,115,84,139,109,85,62,96,116,184,94,145,58,90,28,119,41,163,26,56,165,79,104,96,45,120,19,16,181,179,22,134,225,15,6,19,33,18,28,38,21,50,30,25,21,12,20,25,14,17,15,29,29,25,31,25,84,55,53,74,59,32,102,59,55,,30,192,89,38,146,44,91,173,124,101,19,19,12,17,12,9,17,39,53,88,50,39,22,29,45,62,18,29,28,78,43,61,41,13,29,22,57,98,99,117,147,75,82,140,69,116,193,126,111,23,36,35,33,50,51,132,93,67,100,106,115,85,57,70,60,66,55,120,172,71,167,65,197,62,214,179,63,60,169,90,97,96,29,79,103,24,54,26,48,61,67,97,70,66,88,88,133,75,28,83,84,114,129,107,146,142,127,40,61,54,13,35,52,10,24,9,30,,23,69,24,24,19,28,30,17,20,60,30,6,,,,35,8,,88,35,98,156,41,70,29,44,39,31,41,58,32,46,62,44,65,62,55,21,,31,14,20,47,84,18,89,19,93,133,68,124,13,13,108,113,84,17,198,74,62,55,55,55,19
20180102,20,PM2.5_24h,33,36,85,60,29,110,63,18,33,38,50,77,100,74,23,26,22,31,145,29,74,36,35,37,141,50,38,44,62,47,39,33,69,86,48,74,71,75,43,73,24,76,69,45,128,38,35,54,148,44,152,111,91,92,66,73,96,84,90,91,76,114,85,36,71,102,17,17,14,232,43,68,34,111,92,81,37,25,59,39,35,218,155,67,132,52,147,127,66,157,199,210,110,38,45,103,49,68,71,52,46,97,86,64,98,11,196,24,136,175,116,33,36,56,40,54,25,30,36,45,116,84,83,158,122,154,145,178,171,186,146,74,73,97,120,71,124,24,86,140,65,86,98,84,103,24,17,244,133,50,157,216,31,31,30,27,44,146,167,49,81,96,93,71,38,117,67,34,41,54,37,32,39,31,33,64,46,50,60,54,35,97,48,79,,28,176,198,57,176,94,82,196,127,122,24,16,17,22,13,8,17,32,15,40,29,28,45,61,35,26,25,60,34,84,39,55,90,13,92,10,100,148,121,136,171,47,94,162,104,141,201,156,104,34,40,37,43,60,47,99,91,72,82,100,99,87,65,93,96,157,149,200,173,194,177,77,103,75,161,111,67,74,120,105,88,90,55,76,93,52,61,63,69,69,85,90,70,101,103,75,121,78,33,87,72,88,99,94,159,117,82,54,14,37,12,47,23,34,24,16,38,,26,40,21,33,15,16,13,18,10,52,26,16,,,,38,21,,137,40,93,87,47,71,47,53,52,40,58,53,59,48,66,62,45,51,39,43,27,25,37,25,57,96,34,90,26,89,130,77,116,22,22,121,141,68,11,204,55,61,76,45,42,22
20180102,20,PM10,31,74,127,156,97,129,110,27,36,51,87,110,161,142,28,87,45,80,96,38,139,81,58,78,267,75,113,74,106,71,85,74,67,143,50,128,152,118,64,156,32,140,110,88,,95,68,76,103,81,145,272,,140,102,97,167,139,160,123,115,167,136,69,126,132,25,28,175,315,130,166,65,130,98,163,75,61,114,69,52,103,217,76,87,43,63,334,26,69,185,107,178,36,36,205,65,55,119,158,74,130,187,122,153,23,141,30,220,186,167,34,67,110,82,74,56,37,51,55,129,133,180,220,139,132,165,213,221,157,202,69,122,36,172,68,256,55,104,235,199,161,159,107,195,26,42,263,276,65,200,384,147,49,79,52,37,46,82,60,114,56,52,55,15,80,72,29,35,36,88,70,57,60,59,127,92,75,109,97,57,209,176,104,,53,310,233,95,207,88,143,301,219,191,123,39,20,35,19,17,36,102,84,144,93,47,49,44,87,85,31,32,38,88,52,77,60,17,60,32,96,138,176,144,185,131,117,180,111,162,308,169,177,53,54,58,83,110,90,204,165,134,190,160,192,130,121,128,109,95,185,269,300,159,274,90,261,100,254,271,126,,262,112,137,146,51,126,176,49,79,61,94,100,123,156,122,75,158,172,268,105,107,142,124,218,251,174,191,278,202,108,79,114,24,62,73,17,35,32,38,,54,162,53,49,29,35,45,38,24,64,39,34,,,,70,40,,141,136,148,220,107,149,120,126,97,116,110,132,50,102,146,144,155,107,122,63,18,62,51,82,126,133,34,126,32,298,538,218,163,24,44,127,154,461,41,296,122,102,115,100,83,43
20180102,20,PM10_24h,57,54,145,117,55,179,105,33,76,72,77,114,159,178,58,48,42,65,159,42,132,64,60,71,230,113,84,74,113,78,90,61,96,138,82,126,125,122,70,126,39,106,115,81,157,83,68,92,270,105,236,166,116,122,107,93,152,107,128,110,110,146,128,63,111,203,25,35,73,390,141,168,83,138,145,145,81,73,86,63,67,322,249,113,171,83,236,237,111,260,331,299,193,70,93,133,86,75,112,92,89,109,138,107,119,27,330,55,235,284,189,59,62,86,80,66,56,37,65,54,128,124,122,256,184,216,245,289,225,245,225,106,96,150,153,83,165,40,157,218,153,136,144,178,155,39,31,394,262,136,294,418,128,103,75,40,105,210,283,113,157,155,161,138,64,158,142,73,86,104,81,71,66,73,68,105,86,71,84,83,61,190,164,125,,42,295,331,99,291,198,169,341,209,217,63,32,26,51,25,17,32,70,38,75,70,43,71,83,67,48,50,71,53,97,50,69,132,23,189,23,154,210,180,188,234,87,130,225,151,211,297,222,172,64,61,56,71,92,79,161,163,119,141,157,165,127,123,172,176,206,278,333,281,301,286,139,149,138,198,221,133,118,190,144,135,115,111,130,142,76,117,116,102,87,127,150,107,125,157,117,176,111,109,142,114,155,213,142,216,232,131,130,27,71,24,69,31,79,38,39,48,,51,98,39,57,31,25,24,30,27,75,62,55,,,,73,37,,210,111,152,143,114,156,135,122,144,120,159,154,152,98,140,150,114,97,85,75,54,58,98,82,147,143,48,123,37,358,446,198,140,41,37,143,194,353,21,278,87,97,121,72,72,41
20180102,20,SO2,3,26,23,53,43,31,26,9,10,8,36,26,25,58,16,32,25,61,55,11,18,14,13,22,42,10,12,17,7,9,8,12,10,15,11,18,12,19,10,12,6,23,13,6,6,7,7,12,38,10,21,10,9,15,11,9,26,7,14,15,11,32,15,4,12,10,13,10,5,49,25,18,69,16,8,15,10,23,34,24,8,16,20,20,14,17,28,23,10,17,26,20,14,8,14,20,10,7,10,7,9,15,16,16,18,8,8,18,29,85,41,13,27,32,34,73,23,29,10,13,16,17,12,32,33,19,24,20,38,11,17,6,4,4,24,7,53,1,6,24,192,15,13,5,7,15,12,62,48,29,13,32,15,6,26,4,5,24,19,16,16,14,14,10,7,9,14,10,7,11,8,7,27,7,17,13,12,14,14,12,5,12,12,11,,26,16,14,10,40,48,43,49,72,122,7,11,5,13,21,6,18,22,43,51,22,12,22,19,20,19,11,3,12,26,14,15,14,9,17,24,15,15,27,17,6,8,10,17,11,4,19,24,19,8,15,8,20,11,15,44,56,32,46,39,89,14,51,22,21,17,25,14,26,12,18,5,28,6,19,9,9,2,18,5,24,20,5,23,20,4,10,2,17,9,21,35,17,29,16,8,18,8,20,10,20,13,15,13,11,4,7,8,21,11,17,23,46,4,10,6,13,,9,50,11,9,29,10,6,13,3,11,8,15,,,,6,11,,17,27,11,13,14,26,24,11,19,8,34,48,6,26,8,17,45,18,10,25,2,33,12,18,17,15,5,13,8,10,9,26,72,3,11,11,26,2,6,34,81,6,19,26,79,16
20180102,20,SO2_24h,8,23,29,69,31,35,31,14,18,19,26,18,37,65,24,25,23,45,53,11,16,13,18,21,27,14,12,18,18,11,9,11,15,13,13,17,11,30,12,12,7,21,14,8,15,8,8,14,62,14,37,14,13,18,10,15,21,8,16,13,12,30,17,5,16,14,12,18,6,51,22,27,60,12,17,17,17,20,44,51,8,43,41,28,26,22,54,28,23,30,37,46,21,9,18,25,14,10,15,7,10,15,17,21,15,10,18,26,52,210,89,36,37,27,36,79,22,25,12,16,17,20,15,40,40,30,37,33,47,15,22,11,9,8,28,10,48,1,7,28,140,20,20,5,7,10,14,50,62,73,24,40,7,7,58,4,5,38,32,24,20,23,19,23,11,15,21,18,9,10,11,11,21,10,15,13,16,17,13,16,13,11,15,10,,27,14,18,15,113,93,64,126,110,148,14,12,5,15,23,7,28,18,17,22,37,17,34,43,15,15,15,9,12,31,12,21,22,12,41,21,22,23,19,22,16,17,18,16,11,9,25,25,17,7,14,8,15,11,9,41,60,53,31,41,61,28,47,38,34,34,48,22,23,14,21,13,21,12,26,13,20,4,17,7,33,28,10,32,19,7,12,3,13,15,24,28,46,33,15,11,30,9,30,9,20,13,16,14,17,15,6,10,12,12,17,23,33,5,8,6,16,,12,36,11,11,18,10,6,11,5,10,9,16,,,,6,3,,22,38,25,15,28,34,14,15,26,9,26,30,21,28,14,27,31,22,11,62,22,26,33,23,32,19,9,12,10,10,10,36,80,4,20,11,10,3,6,29,94,9,23,31,82,22
20180102,20,NO2,26,73,62,81,65,62,77,10,21,60,52,65,64,64,31,55,25,45,52,62,87,93,34,51,81,31,89,74,45,23,22,23,27,92,66,81,89,82,55,84,26,99,76,46,58,53,38,52,47,43,43,51,41,118,44,74,121,108,89,89,81,104,95,10,60,43,29,26,7,94,54,48,27,65,34,55,20,28,54,55,24,31,37,41,27,34,39,51,14,19,54,37,43,14,19,99,25,15,37,96,18,40,116,36,83,18,30,14,30,67,83,15,40,55,45,49,21,17,20,38,93,93,50,66,60,34,42,41,57,35,72,49,45,16,69,18,76,16,35,71,95,79,87,30,58,35,23,92,81,40,61,108,14,19,17,30,33,32,30,28,42,27,29,25,7,17,22,8,26,18,77,90,62,37,85,72,71,95,49,71,18,93,86,67,,35,70,43,82,55,40,61,49,50,59,21,12,23,19,9,4,14,28,36,47,64,41,33,14,41,25,9,11,13,32,12,26,25,5,37,30,35,42,78,80,32,43,35,60,44,51,57,58,80,26,34,50,62,52,25,60,74,64,81,37,79,29,49,58,42,47,34,47,61,39,48,51,67,58,91,47,47,30,69,30,44,37,30,45,45,19,25,15,73,36,66,45,60,28,80,44,75,42,26,53,41,66,92,48,57,53,43,24,32,24,21,30,32,25,28,16,29,,16,45,31,37,21,15,19,28,21,52,39,12,,,,11,15,,32,59,26,46,16,39,17,14,15,14,29,17,26,35,23,73,45,18,37,15,1,55,15,20,23,43,22,34,18,54,19,37,76,14,27,56,72,9,15,66,50,46,42,45,36,17
20180102,20,NO2_24h,41,53,60,63,36,67,66,15,34,51,47,61,65,64,32,31,29,30,55,53,67,61,42,40,60,49,65,62,63,32,28,23,37,74,66,67,55,64,44,66,25,55,39,27,61,39,28,54,71,48,78,74,54,84,33,56,89,60,66,63,44,79,68,8,55,70,30,29,12,102,45,41,30,58,55,53,25,27,41,40,20,78,71,52,57,42,74,52,42,53,85,74,64,29,25,58,27,20,25,49,20,31,67,36,56,21,73,17,59,76,83,25,32,39,35,35,21,17,20,35,57,52,47,86,65,67,75,69,60,58,55,46,30,31,44,21,42,15,50,62,73,66,49,46,42,30,16,97,69,55,67,99,11,24,27,15,23,62,63,42,54,65,49,37,26,35,48,19,41,27,49,64,62,42,67,48,57,49,37,47,23,54,49,54,,24,72,61,50,75,52,67,79,57,54,23,12,14,18,15,5,15,16,13,27,31,19,34,30,23,21,15,21,13,31,16,25,30,8,59,15,54,49,55,65,63,22,79,46,47,43,53,57,55,20,25,21,40,38,24,37,49,51,45,40,50,35,41,77,82,71,76,73,67,70,68,63,57,69,78,59,55,44,63,27,42,29,36,46,41,14,30,22,44,38,50,39,47,38,43,32,28,34,53,46,33,51,70,36,50,49,39,30,13,16,24,27,23,19,22,10,26,,28,34,17,36,14,10,12,19,21,41,39,18,,,,9,16,,55,60,35,52,12,42,24,19,30,22,30,24,53,27,37,44,31,21,23,34,26,26,27,21,33,54,28,41,12,36,34,32,56,12,30,46,61,13,11,71,35,46,40,34,27,18
20180102,20,O3,41,10,11,9,22,11,7,65,57,10,22,6,12,9,45,16,45,21,34,38,7,11,58,47,29,47,3,8,29,60,60,68,67,8,29,15,45,24,27,9,58,4,9,16,11,33,52,30,21,27,33,22,28,21,87,69,19,52,75,46,46,25,39,80,6,61,13,49,92,6,40,39,50,14,45,25,47,42,21,24,67,39,30,27,37,33,28,52,67,46,26,37,31,61,46,12,103,135,108,13,130,114,14,104,55,41,34,47,78,6,8,49,25,23,16,22,46,54,45,37,3,8,19,19,13,29,37,37,50,63,11,32,35,65,18,113,23,71,47,23,10,6,60,54,42,17,40,3,8,53,13,3,50,58,46,27,41,45,34,35,41,39,39,46,64,46,37,67,50,61,15,4,27,38,14,11,10,4,3,16,50,25,54,14,,32,16,23,40,42,26,27,50,11,11,50,54,43,49,62,64,39,42,33,17,31,22,33,53,18,51,80,51,64,38,48,47,38,75,37,57,45,24,32,21,70,21,44,21,61,25,24,53,30,66,69,37,36,13,12,10,11,24,20,37,20,44,28,21,57,16,31,28,49,28,19,16,47,23,17,20,24,50,16,22,27,30,45,40,52,30,38,35,46,107,71,93,51,44,25,5,22,33,65,10,55,50,20,11,44,54,13,63,36,82,68,33,13,29,32,31,11,,28,29,52,29,44,32,35,10,45,9,15,77,,,,61,69,,62,16,69,37,60,41,65,62,74,70,57,55,48,51,80,9,65,59,43,98,85,43,37,49,60,24,41,46,42,40,60,48,20,75,49,16,,43,42,32,15,64,93,23,26,51
20180102,20,O3_24h,55,58,29,46,59,52,33,77,68,49,45,34,36,33,69,60,61,55,69,78,66,65,65,85,78,47,53,42,46,62,61,86,74,56,68,63,76,75,78,69,87,75,73,114,85,77,97,69,39,84,41,38,42,95,136,115,97,130,130,143,130,94,115,88,15,100,25,56,96,11,70,72,69,33,48,57,66,60,63,67,96,60,86,43,44,47,41,86,67,51,50,82,87,68,53,97,140,167,174,120,137,151,87,157,122,51,35,59,89,9,20,56,66,62,58,62,59,70,66,57,77,107,33,35,37,42,42,48,57,54,60,57,57,71,73,143,58,92,70,54,24,32,126,83,51,42,70,15,52,70,36,6,65,76,73,63,70,48,39,66,93,64,50,123,65,46,57,86,56,61,65,48,50,55,60,52,62,93,54,106,72,80,98,103,,58,30,57,131,66,43,47,50,13,22,78,63,57,65,77,70,61,90,83,52,60,58,66,69,61,78,83,56,74,63,55,72,59,76,68,76,67,73,80,81,81,58,44,54,78,91,64,109,85,100,105,106,109,75,41,48,60,96,66,69,54,69,62,38,58,33,34,36,52,34,32,43,48,57,39,34,62,61,36,22,48,57,56,69,82,53,52,50,133,155,148,151,140,53,119,41,127,80,68,35,86,87,63,24,57,68,23,100,105,94,92,59,37,77,38,38,27,,54,97,95,42,61,52,56,35,61,11,27,107,,,,128,78,,62,43,74,52,76,53,82,76,82,83,82,69,66,83,88,82,88,74,82,113,85,82,45,72,76,43,64,58,51,61,74,77,52,120,59,48,28,49,60,32,63,102,175,63,69,58
20180102,20,O3_8h,45,24,19,26,45,23,22,70,62,31,35,23,26,20,58,43,51,38,45,56,20,30,56,62,50,33,25,20,17,53,56,77,66,20,51,30,34,27,33,36,70,43,51,63,22,53,77,57,26,41,33,25,30,65,99,84,66,106,112,107,97,62,80,80,7,75,14,46,92,7,57,59,60,26,41,35,54,51,44,47,83,41,58,33,39,41,32,70,60,43,22,49,56,63,49,63,124,154,144,77,121,136,55,133,98,47,30,54,81,5,13,52,48,45,42,43,50,59,55,42,17,31,15,17,24,34,37,29,44,28,28,35,45,44,53,131,39,85,50,34,14,16,99,69,41,20,60,7,29,56,20,5,54,68,49,45,50,44,34,43,59,48,43,47,60,38,38,65,53,55,38,28,28,34,39,28,25,26,29,34,49,38,67,35,,49,16,23,100,42,33,38,28,8,14,57,58,53,59,69,63,51,56,56,38,46,46,54,61,45,60,79,51,66,44,49,56,47,72,54,68,41,30,39,18,52,35,29,25,58,46,33,35,44,82,91,82,88,41,27,31,42,70,44,51,40,54,47,30,50,25,26,24,41,20,14,16,38,38,23,27,42,23,28,16,37,40,50,51,68,37,43,37,100,133,121,126,110,45,78,18,92,61,58,20,70,49,40,15,41,52,13,83,75,87,81,33,28,34,29,32,12,,24,64,78,27,48,42,49,23,47,8,20,90,,,,99,73,,41,30,69,30,68,44,74,67,77,77,65,55,55,68,83,66,80,66,73,101,82,68,41,54,62,33,50,48,45,50,67,66,41,92,56,36,21,43,52,19,38,83,133,45,52,53
20180102,20,O3_8h_24h,48,29,20,30,49,23,25,72,63,34,37,26,28,21,64,51,57,45,54,68,37,59,61,72,54,33,41,27,36,53,56,79,66,36,55,36,70,51,71,45,80,68,64,98,71,75,82,59,26,70,34,25,30,72,123,94,73,111,116,120,107,65,83,82,11,78,22,46,92,8,64,63,63,28,41,40,63,55,54,53,87,41,58,33,39,43,32,71,60,43,32,49,58,63,50,70,125,154,147,92,121,136,69,136,105,47,30,56,81,7,16,52,54,51,50,53,54,63,58,46,71,74,23,20,26,35,37,39,48,28,28,44,47,49,60,131,44,88,50,34,15,16,100,72,45,39,62,8,33,56,20,5,56,68,52,61,64,44,34,50,67,48,43,58,60,38,55,79,54,55,58,41,44,55,50,37,58,47,49,73,64,55,75,103,,55,24,29,108,46,33,39,28,9,15,67,59,54,61,71,65,52,86,64,45,52,53,59,62,52,68,79,51,73,53,49,65,55,72,54,74,45,53,59,53,63,46,29,40,58,80,51,75,67,96,92,101,95,48,30,42,47,75,50,52,42,54,52,31,50,25,26,25,48,20,27,17,38,38,27,27,42,30,28,16,38,40,52,52,68,47,43,40,108,134,126,130,118,45,81,36,94,64,58,21,70,50,40,17,47,54,20,83,77,87,82,41,29,45,38,32,23,,28,74,89,33,48,46,51,24,55,8,20,95,,,,104,73,,41,34,69,42,76,46,74,67,77,77,67,61,55,69,83,72,82,66,75,101,82,70,41,63,63,33,51,51,45,57,67,66,43,108,56,38,21,43,52,19,50,83,142,53,60,55
20180102,20,CO,0.45,1.665,1.487,2.733,1.4,1.6,1.883,0.66,0.52,0.933,0.833,1.7,1.8,1.54,0.825,1.118,0.7,1.011,1.2,0.78,1.067,0.8,0.76,1.54,1.46,0.833,1.35,1.211,0.625,1.125,0.92,0.84,0.8,1.318,0.725,1.2,1.192,1.194,0.733,1.5,1.033,1.167,1.033,1.4,1.211,0.88,0.625,0.978,1.063,0.722,1.3,2.011,1.11,1.555,1.018,0.925,1.488,1.6,1.475,1.32,1.5,1.6,1.662,0.725,1.269,0.913,1.038,0.629,0.617,3.015,0.92,1.5,0.8,2.071,0.843,0.917,0.78,0.825,1.15,1.267,0.575,0.6,1.167,1.367,0.8,0.633,1.533,1.6,0.48,0.66,1.233,1.25,1,0.433,0.525,2.44,0.817,0.833,1.075,1.667,0.833,1.333,2.2,1.3,1.267,0.733,1.5,0.833,1.24,1.96,2.067,0.775,1.257,1.55,1.233,1.18,0.943,0.64,0.7,0.86,1.85,1.28,1.386,1.943,2.12,1.25,1.6,1.35,1.925,1.125,2.3,1.333,1.4,1.125,1.475,1.1,2.917,0.75,0.725,1.85,7.46,1.3,1.45,0.8,1.367,1.175,0.85,2.75,2.675,1.325,1.6,2.767,0.8,0.65,0.575,0.975,1.3,1,0.7,0.9,0.8,0.7,0.6,0.7,1,1,0.8,0.65,0.9,0.95,1.033,0.9,0.7,0.55,0.6,1.2,1.067,1.6,1.8,0.85,0.6,1.25,1.6,0.9,,0.65,2.275,1.45,0.967,1.717,1.2,1.925,1.88,1.6,2.3,0.533,0.5,0.75,0.367,0.4,0.5,0.4,0.967,0.88,1.175,1.267,1.45,1.05,0.9,1.55,1,0.733,0.35,0.55,0.925,0.533,0.6,0.667,0.7,1.25,0.75,0.767,1.033,1.3,1.35,0.95,1,0.633,1.533,1.1,1.075,1.75,1.1,1.267,0.56,0.9,1.25,1.2,1.733,1.16,1.98,1.46,0.78,3.1,1,1.84,1.04,1.267,1.967,1.225,1.45,1.567,1.225,2.28,1.15,1.567,1.025,2.15,1.6,2.12,2.25,1.3,1.25,2.267,1.1,1.167,1.82,1.54,2.04,1.125,0.98,1.3,0.367,2.75,1.233,1.6,1.125,1.433,1.55,2.4,1.733,2.9,1.4,0.875,1.075,1.05,1.02,1,1.48,1.22,1.575,1.675,0.72,1.3,0.6,0.78,0.94,0.875,1.4,1.35,1.25,1.1,,0.7,1.45,1.233,1.2,0.8,0.6,0.9,1.05,0.9,1.25,1,0.35,,,,1,0.5,,1,1.55,1.067,1.5,0.8,0.967,1.3,0.25,0.2,0.8,0.867,0.75,0.7,1.45,0.8,1.4,1,1.2,1.3,0.7,0.6,1.4,0.267,0.533,0.633,1.95,1.35,1.167,0.7,1.1,0.8,2,2.6,0.6,0.45,1.3,2.2,1.1,0.55,2.275,1.8,1.367,1.133,1.025,1.55,1.15
20180102,20,CO_24h,1.092,1.382,1.825,3.3,0.775,1.85,2.083,0.66,1.2,1.533,0.767,1.733,2.033,1.614,1.113,0.736,0.83,0.81,1.433,0.83,0.922,0.725,0.7,0.96,1.3,0.933,1.125,1.2,0.85,1.1,0.82,0.76,0.9,1.209,1.013,1.033,1.178,1.211,0.767,1.3,0.967,0.967,1.167,1.067,1.46,0.88,0.7,1.033,2.2,1.011,2.2,1.522,1.08,1.327,1.027,0.85,1.3,1.05,1.15,1.28,1.36,1.425,1.588,0.7,1.313,1.425,1.056,0.914,0.667,3.108,0.98,1.25,0.857,2.129,1.057,0.95,1.1,0.8,1.1,1.133,0.7,1.733,2,1.533,1.95,1.067,2.917,1.28,1.54,1.96,2.333,3,1.8,0.767,0.85,1.64,1,1,1.05,1.2,0.9,1.167,1.467,1.233,1.233,0.933,2.733,0.95,2.74,3.36,2.383,1.225,1.543,1.033,1.383,1.3,0.929,0.66,0.8,0.92,1.375,1.18,1.1,2.771,2.58,2.2,2.6,2,1.975,1.85,1.95,1.183,1.12,1.75,1.175,1.175,1.567,0.7,1.1,1.75,5.88,1.125,1.35,1,1.25,1.025,0.75,2.975,2.45,2.575,2,2.7,0.633,0.65,0.825,0.68,1.333,2.3,1.85,1.5,1.1,1.8,1.85,1.55,1.75,2.55,1.8,0.95,1.45,1.85,1.433,0.8,0.8,0.6,0.65,0.85,0.767,1.15,1.5,0.7,0.667,1.2,1.3,0.9,,0.65,2,2.025,1.033,4.617,1.74,1.825,3.64,2.9,2.5,0.667,0.433,0.55,0.533,0.4,0.367,0.6,0.667,0.44,0.425,0.5,0.85,1.2,1.45,1.25,0.75,0.9,0.7,0.65,1.175,0.533,0.65,1.1,0.7,2.35,0.55,1.15,1.333,1.167,1.617,1.15,0.833,1.167,1.367,1.133,1.375,1.95,1.4,1.1,0.64,0.833,0.75,1,1.133,0.86,1.66,1.12,0.78,2.04,1.075,1.32,1.12,1.3,2.733,2,2.475,2.467,1.95,2.14,2.35,1.9,1.25,1.625,1.367,1.62,1.8,1,1.375,1.8,1.4,1.283,1.54,1.56,1.7,0.96,1.04,1.6,0.4,1.675,1.267,1.633,1.175,1.4,1.7,1.45,1.333,1.5,1.3,1.175,1.1,1.05,1,1,1.35,2.06,1.375,1.25,0.88,0.6,0.45,0.8,1.02,0.825,1.3,1.2,1.15,1,,0.85,1.1,0.933,1.3,0.75,0.667,0.8,1.05,0.8,1.65,1,0.6,,,,1.167,0.6,,2.075,1.475,1.5,1.05,0.6,1.3,1.45,0.65,0.55,0.75,1.067,0.6,1.5,1.6,1.4,1.7,0.9,1.4,0.7,1.3,1.1,1.1,0.6,0.7,0.9,2.9,2.1,1.533,0.75,1.2,1.75,2.6,1.9,0.5,0.55,1.4,2.4,1.2,0.6,2.1,1.525,1.267,1.225,1.175,1.675,1.2
20180102,21,AQI,25,68,109,150,109,110,87,35,33,53,72,110,120,98,30,91,48,70,106,39,94,68,40,93,256,64,77,59,89,66,71,60,56,113,39,102,108,93,55,112,34,93,93,80,115,69,63,72,74,64,125,290,58,128,74,82,144,132,136,122,88,153,98,59,99,92,30,28,78,279,83,108,57,154,60,108,61,65,122,70,50,83,87,62,68,44,57,191,30,56,103,89,117,39,39,189,69,95,86,97,70,143,138,76,160,27,94,32,157,122,153,29,67,120,66,72,52,40,51,60,147,116,150,132,120,95,113,137,238,120,232,80,92,53,172,75,212,46,78,213,121,143,132,80,160,29,36,244,246,58,200,278,101,152,63,48,50,45,64,55,78,55,47,53,31,91,55,33,32,29,69,54,54,59,57,92,74,76,92,85,53,125,110,74,,53,251,128,76,200,74,110,206,90,122,120,40,29,35,34,32,34,79,69,113,99,63,53,47,70,59,40,33,52,89,61,65,57,37,56,34,68,132,199,138,205,105,71,318,109,141,202,161,146,54,54,54,71,82,86,168,126,81,146,141,148,111,88,93,82,89,100,144,209,99,195,81,254,120,255,235,125,76,217,111,136,121,57,114,133,43,40,52,81,93,96,136,104,88,158,117,184,97,78,127,110,164,153,143,156,202,149,83,81,82,40,54,62,24,35,38,35,54,38,93,53,45,30,39,38,36,24,66,60,44,,,,58,40,,110,93,136,223,77,87,95,84,73,196,82,88,52,90,107,98,114,91,93,67,42,78,45,58,73,111,32,113,32,170,467,157,235,44,39,133,157,372,46,238,130,85,81,82,77,44
20180102,21,PM2.5,9,46,81,115,81,82,64,21,18,23,52,82,90,59,10,67,21,50,79,25,70,32,27,68,205,45,48,34,66,47,51,41,39,84,17,72,65,69,31,76,18,67,69,53,86,26,25,47,50,36,94,239,40,97,53,60,110,100,103,92,65,116,73,40,74,63,18,17,23,228,42,76,26,117,36,80,12,21,92,50,18,61,58,36,40,23,39,143,12,29,76,66,88,11,17,142,25,39,63,54,30,109,105,54,121,10,46,15,119,92,116,15,43,90,46,34,29,28,23,42,112,87,115,100,90,59,84,104,187,90,181,58,68,36,130,47,161,26,57,162,76,109,100,43,121,17,18,193,195,28,150,227,28,33,18,33,21,24,40,25,48,31,24,19,13,11,19,17,13,14,32,23,36,37,30,68,53,55,68,62,29,94,54,53,,27,200,69,44,150,42,82,155,46,92,22,21,20,17,9,7,9,41,37,84,74,44,29,32,47,38,21,23,27,66,43,46,39,13,29,22,48,100,149,105,154,78,51,267,81,107,151,122,111,22,36,34,34,47,63,127,95,59,111,107,113,83,65,69,60,66,51,104,158,59,146,59,203,90,204,184,94,55,166,83,103,91,31,85,101,20,24,28,59,69,71,103,77,65,120,88,138,72,28,96,82,124,116,109,118,151,114,43,59,60,12,37,32,10,24,14,24,37,14,62,29,31,21,27,24,18,12,47,42,12,,,,24,14,,82,29,103,172,35,64,30,31,37,34,37,54,32,61,62,50,85,63,62,20,2,48,12,19,26,83,18,84,22,78,135,75,184,10,23,101,119,92,22,187,98,62,55,56,56,19
20180102,21,PM2.5_24h,31,37,85,63,30,106,62,16,33,37,49,73,101,71,17,27,21,31,135,28,70,36,34,38,140,49,38,44,62,46,38,33,64,87,47,74,70,75,43,72,24,75,69,45,125,37,34,53,143,44,144,118,89,92,65,72,96,84,90,91,76,115,84,37,70,100,18,17,13,233,41,68,32,111,89,80,25,23,57,37,34,211,149,62,123,47,142,122,63,150,192,204,110,36,42,104,47,66,71,52,45,97,86,63,99,11,187,21,137,171,116,33,36,56,39,48,26,27,31,47,112,81,79,154,118,144,142,176,175,182,149,73,72,93,120,71,126,24,84,142,66,86,98,82,103,23,16,242,132,46,155,218,30,30,30,27,42,139,161,47,79,94,89,67,33,111,62,32,39,52,37,31,39,28,33,63,46,48,58,52,34,93,48,77,,28,180,197,55,177,88,81,195,121,119,24,16,16,19,12,7,17,33,16,42,31,28,44,59,33,25,24,58,34,84,36,57,86,12,96,10,95,145,119,135,172,49,87,167,97,140,201,155,103,33,40,36,42,59,46,101,91,72,83,100,100,87,65,91,92,147,143,200,174,191,179,77,109,75,163,115,67,72,124,104,89,90,53,76,93,48,59,60,68,68,84,90,70,100,103,76,122,78,33,92,72,90,100,95,157,118,84,54,15,37,12,45,23,33,23,15,37,16,26,41,21,32,15,16,13,17,10,50,26,16,,,,38,21,,133,39,93,92,46,69,46,52,49,39,56,49,57,48,67,59,48,52,39,42,26,26,35,24,55,93,33,91,25,89,131,76,120,21,22,121,142,69,11,206,55,60,75,45,42,21
20180102,21,PM10,23,84,134,189,138,136,116,26,32,54,86,116,156,144,29,109,47,82,109,38,124,83,39,133,262,74,102,66,86,67,79,67,55,161,38,152,164,118,58,171,30,134,112,107,,86,74,92,96,76,138,266,,156,88,85,191,148,175,132,123,167,126,66,122,131,29,27,103,318,113,164,62,133,67,144,70,78,128,76,49,90,121,71,83,43,62,321,25,60,141,105,142,38,38,199,59,53,119,141,69,133,176,99,158,26,136,31,197,183,165,28,82,138,79,91,51,34,50,53,113,140,132,196,145,137,156,196,219,117,264,67,112,44,179,72,266,45,102,220,190,177,168,108,202,28,35,274,280,64,213,384,150,251,74,26,49,44,76,57,103,57,46,53,13,130,58,22,31,28,85,55,56,66,62,113,84,75,77,101,54,198,168,94,,53,313,203,99,216,95,152,262,128,174,187,39,25,34,19,12,33,106,86,128,124,58,54,46,87,65,32,31,51,81,49,60,62,17,60,29,83,142,233,138,176,137,76,381,124,148,226,156,159,55,55,56,90,111,105,200,170,89,219,161,193,122,123,123,109,93,147,236,292,146,249,91,266,129,235,266,164,73,290,98,115,119,61,136,160,42,39,51,109,111,122,156,142,73,186,162,309,110,103,164,108,235,254,176,148,274,181,113,71,82,25,56,72,23,33,37,29,42,37,134,53,37,26,38,37,35,23,50,53,32,,,,63,39,,135,133,153,202,102,119,138,116,94,340,111,124,52,128,162,144,164,130,133,82,25,104,44,64,93,137,31,117,29,287,566,261,223,18,38,136,138,476,45,305,134,92,110,112,83,43
20180102,21,PM10_24h,56,56,144,122,60,174,103,30,73,69,76,108,165,171,48,50,42,65,153,41,125,65,58,73,225,109,83,75,109,77,86,61,90,140,79,134,124,123,70,133,38,105,116,81,152,82,67,91,261,104,227,168,115,123,106,98,154,108,130,111,110,147,127,63,111,198,27,35,60,386,135,168,78,139,142,144,68,75,86,63,66,310,241,105,163,76,226,234,104,251,321,294,191,67,88,135,84,74,112,92,88,110,139,105,120,26,318,49,236,279,189,58,62,88,79,67,56,33,59,57,123,121,113,252,180,212,240,287,226,239,234,104,95,143,154,82,172,41,154,218,157,140,144,171,157,37,31,388,255,129,289,416,125,106,76,40,100,200,274,109,154,150,154,131,57,152,135,69,82,100,80,70,66,67,67,101,85,68,77,81,60,191,164,121,,42,298,329,98,290,187,163,337,203,210,68,32,26,46,23,16,32,71,40,75,70,43,68,81,65,47,48,69,53,97,43,68,122,21,187,23,145,204,178,185,234,90,122,229,143,208,295,219,168,62,60,56,72,92,78,162,163,117,144,157,167,127,122,167,170,195,271,334,284,300,288,137,156,137,200,221,133,115,194,142,135,116,108,131,142,71,114,111,101,87,125,147,108,123,155,120,183,111,109,152,112,159,215,143,211,233,133,127,28,70,24,67,32,73,36,38,47,20,52,101,39,56,30,25,24,30,27,71,66,51,,,,71,38,,205,111,148,147,111,154,134,122,138,127,152,146,134,98,142,149,119,99,86,73,51,59,91,80,143,142,46,123,36,354,456,199,143,40,36,145,194,360,22,282,85,95,120,73,72,41
20180102,21,SO2,2,28,26,64,73,33,27,26,7,8,38,32,33,56,16,39,27,58,60,13,14,14,12,17,39,10,12,16,6,9,7,12,10,17,11,18,12,17,10,11,6,27,13,6,6,8,12,16,42,10,22,10,8,18,8,10,29,7,14,17,11,29,14,4,11,9,18,13,4,43,22,23,42,16,7,15,10,20,36,42,7,15,17,20,13,19,30,18,11,16,24,25,12,9,16,19,9,7,12,6,10,15,14,18,17,8,9,27,26,87,40,17,27,32,40,86,17,27,11,17,14,18,12,27,36,19,22,22,40,10,16,5,5,4,24,8,38,1,6,23,155,16,15,5,7,13,14,56,56,29,20,34,12,4,29,4,4,23,17,17,15,15,13,12,7,9,13,10,7,10,11,8,20,8,15,11,10,12,12,12,5,11,12,8,,51,14,13,12,44,62,46,56,53,160,7,15,4,11,20,6,37,25,29,46,27,14,36,18,17,20,15,2,10,24,15,12,14,10,19,23,14,16,29,26,6,7,9,17,10,3,18,9,17,11,12,12,23,11,15,44,72,18,40,37,83,10,59,25,21,19,22,13,25,13,17,5,29,5,21,7,9,2,17,4,19,16,5,19,18,3,11,3,18,8,18,35,19,34,14,8,16,7,19,10,19,22,19,13,10,3,6,8,20,11,22,23,26,4,8,6,11,12,8,24,11,9,27,11,6,12,3,9,10,12,,,,6,21,,15,23,12,12,13,26,27,9,20,7,28,52,6,28,7,29,48,19,9,24,2,30,72,19,14,16,5,13,9,12,9,51,78,4,10,12,22,3,6,30,100,6,17,31,115,17
20180102,21,SO2_24h,8,23,28,70,35,34,31,14,16,19,27,18,36,63,21,26,23,46,52,11,16,13,18,21,28,14,12,17,17,11,9,11,14,13,13,16,11,30,12,10,7,21,13,8,15,8,8,14,60,14,36,14,13,18,10,15,22,8,16,13,12,30,17,5,16,14,16,18,6,51,21,27,57,12,17,17,13,18,44,50,8,40,40,26,25,21,51,27,28,30,36,43,20,9,17,25,14,10,15,7,10,15,17,21,15,10,18,23,51,205,87,35,36,27,35,79,22,25,11,18,17,20,14,40,40,30,36,33,47,15,20,11,9,7,27,10,49,1,7,28,144,20,20,5,7,10,14,50,60,69,24,40,7,7,58,4,5,36,31,23,20,22,19,23,11,14,20,17,8,10,11,11,21,11,15,13,15,17,13,15,12,11,15,10,,28,14,18,16,112,88,61,119,106,142,13,12,5,13,23,7,27,18,17,24,34,17,33,42,15,15,15,9,12,31,12,20,20,11,31,21,22,23,19,23,16,17,17,16,10,8,24,25,17,7,14,8,15,10,9,41,61,52,32,41,64,28,48,38,33,32,47,21,23,14,21,13,22,12,26,13,19,4,17,7,33,28,9,31,19,7,12,3,13,14,24,28,44,33,15,11,30,9,30,9,20,13,16,14,16,15,6,10,12,12,17,23,33,5,8,6,16,13,12,36,11,11,18,10,7,11,4,10,10,16,,,,6,4,,22,36,24,15,28,33,14,15,25,9,23,28,18,28,14,26,33,22,11,61,21,26,33,23,32,19,9,12,10,10,9,34,79,4,19,11,11,3,6,29,94,9,23,31,81,22
20180102,21,NO2,17,74,64,81,67,64,78,18,12,62,55,65,64,64,28,57,28,43,54,58,68,95,27,39,73,22,80,68,38,20,21,20,23,96,49,92,88,76,47,107,23,96,77,50,57,50,44,65,50,42,42,51,42,120,35,66,123,106,99,110,78,102,96,11,58,50,28,34,7,94,39,65,21,67,35,50,14,30,55,60,22,29,31,42,28,37,41,38,15,18,50,30,34,15,27,92,23,16,34,74,19,40,100,35,81,29,27,12,28,65,82,16,42,51,45,53,18,16,22,31,82,92,35,67,64,36,36,36,59,36,70,32,33,16,68,17,72,13,27,72,88,74,82,31,49,34,15,92,82,43,62,104,12,13,18,27,36,31,30,25,34,30,23,27,6,13,14,8,18,18,81,84,48,33,56,63,64,91,40,68,15,88,87,60,,40,61,39,71,59,48,73,41,37,59,21,12,27,17,10,4,15,26,30,43,74,46,45,12,37,20,11,9,12,29,7,20,29,4,45,32,33,37,87,76,36,40,28,84,43,49,48,64,78,28,48,47,71,48,26,59,58,51,77,33,74,27,55,63,44,44,32,42,53,37,45,51,64,44,88,50,31,23,65,25,36,29,32,40,37,15,25,16,82,48,71,53,63,28,83,43,70,56,25,53,31,76,92,49,46,52,39,28,30,16,22,29,27,18,30,14,28,43,17,43,37,36,27,14,16,22,17,45,33,13,,,,12,35,,27,53,23,43,15,39,18,11,15,15,23,19,43,45,22,60,44,17,30,14,2,34,14,21,19,61,22,29,19,64,27,57,90,22,28,61,74,54,12,58,53,56,39,50,40,16
20180102,21,NO2_24h,39,54,59,64,38,65,65,14,32,52,47,59,63,64,29,31,28,30,53,51,67,62,41,40,61,48,66,62,62,32,27,22,36,75,65,74,55,65,44,60,24,56,41,28,60,39,28,54,69,48,75,73,53,85,34,57,90,61,67,64,44,80,69,9,55,68,30,29,12,100,42,42,29,58,54,52,19,28,41,39,20,75,68,49,54,40,71,51,43,50,82,70,63,27,26,59,27,19,25,49,20,32,68,36,58,21,70,15,58,75,83,24,32,39,35,35,21,16,21,36,57,55,41,84,63,66,73,68,60,57,57,45,30,30,44,21,44,15,47,62,74,66,49,44,42,30,16,96,68,53,66,98,10,23,26,16,23,60,61,42,53,64,48,37,23,33,44,18,40,26,50,64,61,46,66,49,57,51,36,48,22,51,52,53,,24,71,60,51,74,52,66,76,56,53,21,12,14,16,14,5,15,17,14,28,33,20,33,28,23,20,14,20,13,31,10,23,28,8,57,15,53,48,56,66,61,23,76,48,47,44,53,57,55,20,26,22,41,38,23,37,50,51,46,40,51,35,41,75,79,68,74,72,65,69,66,63,57,68,78,58,53,43,62,27,42,30,35,46,40,14,29,21,44,38,49,39,47,38,44,32,29,35,51,46,33,52,70,37,49,49,38,29,14,16,24,27,24,19,21,10,26,24,28,35,17,35,14,10,12,19,20,40,28,18,,,,9,17,,53,58,34,51,12,41,23,19,27,22,29,21,52,26,36,45,32,19,22,33,26,26,26,21,32,53,26,40,12,36,33,31,57,12,30,46,62,13,11,70,35,46,39,34,27,17
20180102,21,O3,56,10,9,11,20,9,7,54,65,9,20,6,10,9,48,14,41,21,31,40,14,8,65,52,38,56,5,10,36,59,60,71,69,7,40,6,45,26,30,4,61,4,7,9,8,33,45,19,17,26,32,20,24,17,90,67,13,40,60,20,45,23,35,82,7,51,12,41,92,5,52,20,53,14,39,24,52,43,18,17,70,39,27,26,36,30,25,47,61,48,24,36,33,56,39,9,91,135,100,19,123,107,16,100,51,26,38,50,73,8,7,46,22,23,14,18,48,55,40,41,3,8,39,18,8,23,43,39,42,49,14,42,44,62,12,106,22,70,55,19,9,5,50,50,41,17,47,3,7,47,10,3,47,60,47,30,40,44,31,38,47,33,45,43,65,49,47,65,56,59,11,7,39,49,36,13,15,3,9,14,53,26,52,12,,26,18,24,41,36,16,15,62,21,11,50,52,37,49,61,65,34,45,37,17,32,15,14,53,23,52,76,52,63,38,50,51,16,76,25,53,46,27,24,20,61,22,51,16,58,21,25,42,29,62,43,32,17,13,12,8,25,20,20,35,18,41,24,19,48,17,31,29,52,27,18,20,51,31,18,15,32,55,14,31,31,38,38,38,53,32,40,30,42,77,55,72,39,40,11,4,15,12,65,7,55,38,17,10,50,54,18,55,30,86,63,28,17,30,30,37,11,14,25,25,48,25,36,32,36,14,47,9,14,73,,,,58,49,,66,18,72,37,58,39,61,62,71,69,58,53,32,36,79,14,65,58,42,99,86,50,38,48,62,11,41,50,44,24,47,26,7,66,45,19,,16,44,37,12,44,96,18,21,51
20180102,21,O3_24h,58,58,30,46,59,52,33,77,69,49,45,34,36,33,69,60,61,55,69,78,53,65,66,85,71,56,53,42,47,62,61,86,74,47,68,53,76,73,78,63,87,75,73,109,85,77,97,69,39,84,41,38,41,95,136,115,95,130,130,143,130,94,115,93,15,98,25,56,96,11,70,72,68,33,48,57,61,62,63,67,96,60,86,43,44,47,41,86,65,52,50,82,87,68,53,97,140,167,174,120,130,151,87,157,122,51,38,59,89,11,20,56,66,62,58,62,59,70,68,56,75,98,45,35,37,40,44,48,57,54,57,56,57,69,73,143,59,92,70,54,24,28,126,82,51,42,70,15,52,70,35,6,65,76,72,63,70,48,39,66,91,63,50,123,65,49,57,86,57,61,65,48,50,57,60,52,62,73,54,88,72,81,98,103,,58,31,56,131,66,43,47,62,21,22,78,63,57,65,77,70,61,89,83,52,60,58,66,69,61,78,83,56,74,63,56,71,61,77,73,76,58,69,80,70,81,59,51,46,77,87,58,109,82,99,105,106,109,75,41,48,60,96,66,69,54,69,62,38,58,33,34,35,54,29,32,39,52,57,39,34,62,60,36,31,48,57,56,69,82,53,52,50,133,155,148,151,140,53,119,38,127,80,67,35,86,87,63,24,58,65,23,100,105,94,92,58,37,74,38,39,27,44,47,97,95,42,61,52,56,35,61,11,35,107,,,,128,78,,67,43,75,46,76,53,82,76,82,83,82,69,66,83,88,82,88,74,82,113,86,82,45,69,76,43,64,58,51,61,74,77,52,120,59,48,28,49,60,37,63,102,175,63,69,58
20180102,21,O3_8h,48,19,19,22,40,21,19,68,62,27,32,21,23,18,57,37,49,34,42,52,18,26,57,61,48,36,20,17,19,55,57,75,67,16,49,23,30,27,30,18,67,35,43,53,19,50,72,52,26,38,34,24,30,58,94,80,59,98,105,96,87,56,76,85,7,75,13,46,92,7,55,53,59,24,41,32,54,50,38,42,80,38,55,32,39,38,32,67,59,44,21,51,53,63,47,56,121,152,139,68,122,131,49,127,91,44,32,53,81,6,12,51,44,40,37,38,49,57,51,39,13,26,28,18,23,34,38,31,43,32,27,33,45,48,46,128,36,82,55,33,13,16,96,67,41,20,58,7,26,57,19,4,54,68,48,43,47,44,34,42,52,48,43,46,61,40,39,65,53,57,32,23,28,37,37,25,22,21,24,30,48,39,63,29,,45,16,23,91,43,31,34,33,9,14,56,57,50,57,67,63,48,54,52,34,43,41,48,59,41,57,78,51,65,42,51,54,40,73,55,67,42,30,37,18,55,32,31,21,59,42,31,36,42,78,85,74,78,36,26,27,38,63,41,49,37,53,43,28,51,25,28,25,43,20,15,17,40,39,22,27,41,28,27,17,36,38,48,51,67,36,42,36,91,124,112,118,100,47,71,15,87,56,60,18,70,48,38,14,42,53,14,81,70,88,79,33,26,33,30,34,11,24,26,56,71,28,47,39,47,24,47,8,24,87,,,,91,71,,48,27,71,31,66,43,72,67,77,75,65,54,54,64,83,59,78,65,69,104,83,68,41,54,62,32,50,49,46,50,66,62,36,86,54,35,22,41,50,21,33,79,126,40,46,52
20180102,21,O3_8h_24h,50,29,20,30,49,23,25,72,64,34,37,26,28,22,64,51,57,45,54,68,37,59,61,72,54,36,41,27,37,55,57,79,67,36,55,33,70,51,71,52,80,68,64,98,71,75,82,59,26,70,34,25,31,72,123,94,73,111,116,120,107,65,83,87,11,79,22,47,92,8,64,63,63,28,41,40,58,58,54,53,87,41,58,33,39,43,33,71,59,44,32,51,58,63,50,70,125,154,147,92,122,136,69,136,105,47,32,56,82,7,16,52,54,51,50,53,54,63,58,45,71,74,34,20,26,34,38,39,48,32,27,44,47,50,60,131,44,88,55,35,15,16,100,72,45,39,62,8,33,57,20,5,56,68,52,61,64,44,34,50,67,48,43,58,61,40,55,79,54,57,58,41,44,56,50,37,58,47,49,73,64,56,75,103,,55,24,30,108,47,33,39,33,10,15,67,59,54,61,71,65,52,86,64,45,52,53,59,62,52,68,79,51,73,53,51,65,56,73,60,74,46,53,59,53,65,46,31,40,59,80,51,75,67,96,92,101,95,48,30,42,47,75,50,52,42,54,52,31,51,25,28,25,48,20,27,19,40,39,27,27,42,33,28,17,38,40,52,52,68,47,44,40,109,134,126,130,118,47,81,36,94,64,60,19,70,50,40,17,48,54,20,83,77,88,82,41,29,45,38,34,23,38,28,74,89,34,48,46,51,24,55,8,27,95,,,,104,73,,48,34,71,42,76,46,74,67,78,77,67,61,55,69,83,72,82,66,75,104,83,70,41,63,64,33,52,52,46,57,67,66,43,108,56,38,22,43,52,21,50,83,142,53,60,55
20180102,21,CO,0.358,1.829,1.588,3.233,2.42,1.65,1.933,0.6,0.45,0.933,0.967,1.767,1.775,1.271,0.813,1.309,0.72,1.02,1.222,0.76,0.767,0.837,0.64,1.1,2.14,0.8,1.243,1.122,0.675,1.05,0.88,0.8,0.7,1.355,0.613,1.325,1.217,1.154,0.633,1.733,0.967,1.233,1.033,1.667,1.178,0.9,0.575,1.511,1.138,0.778,1.367,2.1,1.21,1.727,0.909,0.825,1.543,1.65,1.6,1.44,1.54,1.725,1.7,0.7,1.206,0.95,1.06,0.671,0.583,3.1,0.74,1.85,0.614,2.114,0.943,0.917,0.7,0.76,1.475,1.167,0.5,0.8,0.933,1.367,0.75,0.7,1.533,1.24,0.417,0.64,1.133,1.233,0.733,0.467,0.55,2.4,0.783,0.833,1.075,1.4,0.8,1.367,2.467,1.233,1.233,0.833,1.433,0.833,1.1,2.1,2.15,0.85,1.3,1.55,1.333,1.28,0.886,0.6,0.8,0.85,1.6,1.46,1.1,1.786,2.42,1.267,1.575,1.225,2,1.2,2.3,1.183,1.2,1.15,1.575,1.05,2.917,0.75,0.65,1.933,6.86,1.325,1.5,0.8,1.283,1.15,0.7,2.875,2.75,1.55,1.788,2.7,0.733,0.45,0.55,0.82,1.167,1.1,0.75,0.85,0.75,0.7,0.55,0.7,1,0.9,0.65,0.65,0.8,0.9,1.067,0.8,0.7,0.6,0.6,1,1.1,1.8,1.55,1,0.533,1.2,1.5,0.8,,0.65,2.025,1.35,0.867,1.8,1.38,2.125,1.78,1.233,2.533,0.5,0.467,0.7,0.433,0.35,0.467,0.4,0.833,0.72,1.1,2.267,1.6,1.2,0.9,1.35,0.8,0.767,0.325,0.55,0.8,0.55,0.48,0.85,0.667,1.2,0.8,0.7,0.95,1.667,1.35,1,1,0.667,2.333,1.133,1.025,1.55,1.133,1.2,0.56,1.1,1,1.2,1.467,1.1,2.06,1.3,0.58,3.42,0.925,1.56,1,1.167,2.167,1.3,1.45,1.5,1.175,2.08,1.1,1.4,1.125,2.125,1.733,2.1,2.45,1.5,1.275,2.233,1.05,1.083,1.58,1.66,1.72,1.04,0.94,1.32,0.267,2.875,1.433,1.767,1.275,1.767,1.55,3.05,1.55,2.6,1.5,0.875,1.133,1,1.06,0.975,1.54,0.94,1.575,1.525,0.76,1.267,0.6,0.8,0.94,0.75,1.35,1.3,1.25,1.05,1,0.65,1.1,1.267,1.2,0.8,0.6,0.9,0.8,0.85,1.05,1.2,0.45,,,,0.967,0.8,,0.925,1.375,1.067,1.55,0.75,0.867,1.25,0.25,0.2,0.75,0.867,0.75,0.7,1.6,0.7,1.8,1.1,1.2,2.1,0.7,0.6,2.2,0.25,0.5,0.467,2.2,1.3,0.933,0.8,1.1,0.9,2.3,3.133,0.9,0.6,1.4,2.2,2.4,0.5,2.05,2.5,1.6,1.1,1.45,1.7,1.225
20180102,21,CO_24h,1.025,1.412,1.813,3.35,0.9,1.85,2.017,0.64,1.15,1.533,0.767,1.633,1.975,1.55,1.025,0.755,0.81,0.83,1.378,0.83,0.889,0.713,0.68,0.96,1.32,0.933,1.1,1.189,0.825,1.1,0.82,0.76,0.9,1.227,1,1.025,1.203,1.211,0.733,1.333,0.967,1,1.133,1.1,1.44,0.9,0.7,1.044,2.137,1.011,2.133,1.567,1.08,1.336,1.027,0.85,1.313,1.075,1.175,1.28,1.34,1.425,1.588,0.7,1.3,1.413,1.09,0.9,0.667,3.108,0.9,1.25,0.8,2.157,1.043,0.917,0.86,0.78,1.075,1.1,0.675,1.7,1.933,1.5,1.85,1,2.85,1.24,1.4,1.9,2.267,2.867,1.767,0.733,0.85,1.64,0.983,1,1.05,1.2,0.9,1.167,1.5,1.233,1.233,0.933,2.633,0.933,2.68,3.24,2.417,1.225,1.529,1.033,1.383,1.3,0.929,0.66,0.775,0.95,1.35,1.18,1.025,2.729,2.58,2.133,2.55,2,2,1.825,1.967,1.183,1.12,1.7,1.2,1.175,1.633,0.7,1.05,1.75,6.06,1.125,1.35,0.975,1.267,1.025,0.75,2.975,2.45,2.475,1.988,2.7,0.6,0.65,0.85,0.68,1.333,2.25,1.8,1.45,1.1,1.8,1.85,1.55,1.6,2.4,1.7,0.9,1.4,1.8,1.4,0.8,0.8,0.6,0.65,0.85,0.8,1.2,1.45,0.7,0.633,1.2,1.3,0.9,,0.65,2,2.025,1.033,4.617,1.66,1.85,3.54,2.8,2.5,0.667,0.433,0.55,0.467,0.4,0.4,0.6,0.7,0.46,0.45,0.567,0.95,1.15,1.35,1.25,0.7,0.9,0.7,0.65,1.175,0.55,0.66,1.05,0.7,2.2,0.55,1.083,1.317,1.167,1.617,1.175,0.867,1.1,1.433,1.133,1.375,1.95,1.4,1.1,0.64,0.833,0.775,1,1.133,0.88,1.7,1.12,0.78,2.12,1.075,1.34,1.1,1.3,2.7,1.95,2.425,2.467,1.95,2.14,2.3,1.867,1.225,1.675,1.367,1.64,1.85,1,1.4,1.833,1.4,1.283,1.54,1.56,1.7,0.96,1.04,1.6,0.4,1.65,1.267,1.6,1.175,1.433,1.7,1.45,1.367,1.5,1.3,1.15,1.2,1.05,1,1.05,1.366,1.96,1.375,1.275,0.88,0.6,0.45,0.8,1.02,0.825,1.3,1.2,1.15,1,1,0.85,1.15,0.933,1.3,0.75,0.667,0.8,1.05,0.8,1.65,1.05,0.6,,,,1.167,0.6,,2,1.425,1.5,1.1,0.6,1.233,1.4,0.65,0.5,0.8,1.033,0.55,1.35,1.6,1.4,1.7,0.9,1.3,0.8,1.2,1.1,1.2,0.6,0.7,0.867,2.8,2.05,1.533,0.75,1.2,1.75,2.5,2,0.5,0.55,1.4,2.4,1.3,0.55,2.1,1.525,1.267,1.225,1.15,1.7,1.175
20180102,22,AQI,25,76,117,144,100,119,103,34,34,48,78,115,139,96,28,98,49,65,99,40,81,59,31,72,345,69,69,63,91,59,65,54,175,122,44,104,111,89,53,116,33,110,99,84,114,65,59,91,74,61,117,288,49,135,65,65,150,133,144,125,91,147,104,58,96,90,23,39,70,285,86,108,55,156,43,86,64,55,111,74,42,72,77,61,65,48,58,153,32,57,98,81,81,38,38,182,64,91,87,82,68,154,136,77,164,39,86,34,141,121,171,26,66,111,67,106,48,30,50,49,144,105,138,126,125,83,120,119,228,119,262,85,100,61,179,72,214,44,78,210,123,139,146,79,146,27,29,255,250,58,239,274,92,100,68,40,35,47,62,52,69,56,41,44,32,65,43,33,32,29,70,57,56,56,58,93,83,85,91,92,41,128,108,85,,58,238,115,77,210,78,124,185,66,144,135,42,33,34,33,32,34,74,59,94,179,75,57,48,70,53,39,39,36,82,59,56,65,37,63,55,71,114,228,141,199,99,78,300,97,136,161,164,144,52,52,48,71,79,75,167,126,80,160,141,154,99,91,96,85,88,111,135,195,88,146,89,250,174,250,238,175,80,228,92,121,114,57,111,119,39,31,48,92,89,96,137,116,99,192,115,227,99,74,122,106,172,156,144,109,199,76,81,61,65,38,56,46,22,29,36,36,,19,88,58,48,55,37,36,41,23,56,61,42,,,,36,51,,105,91,143,228,70,85,94,80,81,102,71,87,52,99,89,98,111,82,85,56,42,60,41,53,75,117,29,113,35,172,460,181,274,42,43,128,160,404,39,224,126,89,75,143,64,44
20180102,22,PM2.5,6,55,88,110,75,89,76,21,15,23,57,86,106,55,9,73,22,46,74,28,59,31,21,46,210,49,44,37,67,41,37,37,132,92,18,77,69,66,29,81,18,82,74,50,85,25,24,67,52,35,88,237,34,102,46,46,115,101,110,94,67,112,77,40,71,62,16,18,14,234,46,72,23,118,27,63,18,18,83,53,15,52,46,29,40,23,39,116,12,27,73,59,59,12,18,137,23,39,64,52,26,117,103,56,124,9,39,17,107,91,129,12,39,83,44,79,25,21,29,34,110,78,105,95,94,56,90,89,177,89,211,62,75,43,135,44,163,23,52,159,79,106,111,44,111,16,19,204,199,29,188,223,23,26,18,28,24,23,40,24,42,34,16,22,12,13,12,16,12,13,31,31,39,34,40,69,61,62,67,68,25,97,51,62,,28,187,58,39,159,57,93,139,23,110,26,20,23,19,12,7,13,43,24,70,135,54,34,30,45,23,24,27,25,60,41,39,46,20,30,38,46,85,177,107,149,74,57,250,72,103,122,124,110,21,35,32,37,44,54,126,95,58,121,107,117,74,67,71,62,65,62,89,146,51,111,66,199,131,199,187,132,58,177,68,91,85,35,83,89,20,16,24,68,66,71,104,87,74,144,86,176,74,30,92,79,130,118,110,81,149,55,48,43,46,12,34,24,8,19,17,25,,13,59,28,33,38,23,25,17,12,39,43,7,,,,16,32,,78,27,109,177,33,57,31,28,35,31,30,57,34,65,66,50,83,60,62,16,7,42,10,18,25,88,20,84,24,66,140,95,223,20,28,97,121,106,24,173,95,66,50,109,30,18
20180102,22,PM2.5_24h,29,38,85,66,33,104,62,16,31,36,49,70,100,70,14,28,21,32,125,28,66,35,33,38,142,49,38,44,63,46,37,33,64,88,45,73,69,76,42,75,23,74,70,45,122,36,33,53,138,43,136,125,87,92,64,70,97,84,91,90,75,115,84,35,70,98,18,17,13,234,38,68,30,112,86,79,27,23,54,35,32,203,139,57,114,42,136,117,59,145,185,197,108,34,40,105,46,65,70,52,45,97,87,62,100,11,177,18,138,169,117,32,35,56,39,46,26,24,32,41,108,79,87,150,114,134,139,173,177,178,151,73,72,89,120,69,128,24,83,144,68,86,99,79,103,22,16,241,132,44,155,221,28,29,30,27,40,132,156,45,77,91,85,64,31,105,58,30,37,50,36,31,39,29,33,63,46,49,58,53,33,92,49,74,,27,183,194,55,177,82,81,193,115,115,23,16,16,17,11,7,16,33,16,44,36,29,41,58,32,24,22,58,34,84,39,55,88,12,89,11,88,140,116,133,173,50,82,170,91,139,199,154,102,31,40,35,42,58,46,102,91,71,84,101,101,87,64,88,89,137,137,198,174,186,179,76,115,78,165,119,70,71,126,102,90,90,52,77,92,45,57,57,68,68,82,90,70,99,103,77,124,78,33,92,73,92,101,95,152,121,82,53,16,37,12,44,23,31,23,15,37,,27,43,20,31,16,17,13,17,11,48,26,16,,,,38,21,,130,38,93,96,46,68,44,50,47,38,53,47,53,48,67,58,50,52,39,41,26,27,32,24,54,91,32,91,25,88,132,75,124,21,22,120,143,71,11,207,55,60,74,45,41,20
20180102,22,PM10,22,89,137,184,136,142,132,29,33,47,94,125,162,139,25,114,48,76,94,37,91,65,30,92,455,69,85,73,79,60,78,55,100,169,43,148,169,110,54,180,29,145,129,116,64,78,65,112,96,70,133,235,,178,78,73,196,136,175,134,122,172,133,60,122,127,21,38,88,328,119,163,58,102,42,116,76,58,118,84,41,83,102,70,77,47,64,224,30,62,126,83,104,37,37,184,56,54,116,111,60,140,189,94,150,38,120,33,174,186,189,24,79,120,82,88,47,27,49,41,103,125,120,179,147,113,146,178,214,129,304,75,82,63,190,69,268,43,104,212,194,175,166,105,170,26,28,273,291,64,250,363,131,148,84,35,34,46,71,52,86,59,40,43,24,77,42,27,31,27,87,62,52,60,52,90,77,98,62,108,40,203,164,109,,64,301,177,102,230,100,169,237,80,183,218,41,29,33,22,15,33,96,65,116,197,68,61,47,88,53,36,33,34,71,48,52,67,16,73,54,90,120,287,140,173,138,76,335,129,140,212,151,144,52,52,47,90,106,95,200,175,86,264,159,189,110,122,121,100,89,170,218,269,123,190,93,257,171,221,268,207,101,285,75,113,101,62,142,140,38,30,47,126,105,126,170,152,91,226,152,276,128,95,153,121,241,260,171,101,271,86,110,65,76,26,60,45,21,28,35,32,,18,123,63,34,36,36,32,40,16,,58,37,,,,31,50,,136,130,156,202,87,117,136,108,109,151,90,122,52,145,,143,160,103,117,38,33,60,40,54,97,134,23,109,33,292,559,310,255,20,42,105,170,503,38,289,146,108,97,144,75,43
20180102,22,PM10_24h,51,57,143,126,62,169,102,29,71,69,76,103,162,168,43,52,41,63,146,41,118,64,56,73,235,106,83,75,106,76,83,60,87,143,77,125,123,124,69,132,38,105,117,82,147,79,66,90,251,103,218,170,115,124,105,91,156,109,132,112,110,150,127,63,111,194,27,35,58,384,129,168,74,140,140,141,71,69,82,61,64,298,232,99,154,70,215,228,99,241,310,285,189,64,83,136,82,73,112,93,86,110,141,103,120,27,304,45,235,279,189,57,61,89,78,65,56,32,60,52,121,118,124,247,174,205,235,283,226,232,237,103,94,137,154,81,177,41,150,217,162,141,144,164,157,35,31,381,250,122,284,419,122,104,77,40,93,190,265,105,149,146,148,125,54,144,129,64,77,95,80,69,65,67,66,99,85,68,75,82,59,191,164,117,,42,300,325,97,289,176,162,331,196,203,73,32,26,43,22,16,31,73,41,75,74,44,66,79,64,46,46,68,52,96,49,67,130,20,182,24,137,196,177,183,234,92,115,231,137,206,292,216,164,61,60,55,73,93,77,164,163,116,148,158,168,126,122,162,164,184,264,333,284,296,288,135,162,137,201,223,135,114,197,138,135,116,104,131,142,68,111,105,101,88,123,145,109,122,154,122,186,112,107,150,112,162,215,144,203,235,130,124,28,69,24,65,32,66,35,37,47,,52,104,39,54,31,26,24,30,26,66,64,51,,,,72,39,,200,112,148,151,106,151,133,120,134,127,146,139,119,99,142,148,123,101,86,73,51,60,84,79,140,137,44,124,35,350,465,199,148,38,37,143,197,369,22,285,86,93,119,76,71,40
20180102,22,SO2,2,29,29,69,64,33,35,24,7,5,48,32,34,51,17,44,25,65,68,12,12,12,11,15,28,8,9,15,6,8,7,11,14,20,11,18,12,16,9,11,6,25,13,6,5,7,10,17,44,12,22,7,8,19,8,10,35,7,17,16,12,25,15,5,11,9,19,20,4,36,21,26,34,18,8,13,12,23,45,43,7,18,15,23,12,22,29,16,11,15,26,16,10,8,16,21,10,6,12,8,10,18,15,18,16,10,10,25,23,86,36,18,29,33,34,86,15,18,11,12,14,33,9,24,37,18,24,19,42,10,15,5,5,4,28,8,40,1,6,21,136,19,18,6,9,14,14,51,55,37,22,29,9,3,25,3,4,23,19,16,15,17,13,10,8,10,11,10,8,10,9,7,18,7,12,9,9,17,9,12,5,11,13,8,,51,13,13,13,53,80,42,75,44,133,7,24,5,15,23,6,21,25,23,57,22,14,33,22,14,17,12,2,10,22,15,9,13,9,16,30,12,15,27,26,6,7,7,13,8,3,18,8,10,10,11,13,19,11,13,41,112,19,34,36,76,9,44,23,23,20,23,13,22,12,15,6,22,4,20,7,8,1,15,5,15,14,5,21,16,2,10,3,15,8,15,30,18,42,16,8,21,7,19,9,20,26,19,12,10,3,5,8,14,10,19,24,26,5,8,5,15,,9,16,11,9,26,9,5,12,4,8,12,11,,,,5,36,,14,23,12,13,15,35,17,10,33,9,14,25,3,35,6,44,52,18,9,23,1,30,30,18,13,20,4,15,9,16,9,72,77,4,11,10,20,3,6,29,87,5,18,35,53,19
20180102,22,SO2_24h,7,24,27,71,34,33,30,15,16,18,28,17,36,62,19,26,23,47,51,11,15,13,17,21,28,14,12,17,16,11,9,11,14,14,13,17,11,30,12,12,6,21,13,8,14,8,8,14,58,14,35,14,13,18,10,15,22,8,16,13,12,30,17,5,15,14,16,18,6,51,20,26,54,13,16,16,12,21,43,49,8,37,36,25,23,21,48,27,21,29,34,41,20,9,17,25,14,10,15,7,10,15,17,21,15,10,18,22,49,203,86,34,36,27,35,79,21,25,11,16,16,21,15,39,39,30,35,32,46,15,20,11,9,7,26,10,49,1,7,28,147,20,20,5,7,10,14,51,60,66,24,42,7,6,58,4,5,35,29,23,20,22,18,22,10,13,19,17,8,10,11,11,21,11,15,13,15,17,13,15,11,11,15,10,,29,14,18,16,111,86,59,114,102,138,12,12,5,11,22,7,26,19,17,25,32,17,33,41,15,15,14,8,12,31,12,19,22,11,39,22,21,23,20,23,15,16,17,16,10,8,23,25,17,7,14,8,16,10,9,42,64,52,33,41,65,27,48,37,33,31,46,21,23,14,20,12,22,11,25,12,19,4,17,6,32,28,9,31,19,6,11,3,13,14,23,27,40,34,16,11,30,9,30,9,20,14,16,14,16,15,6,10,12,12,16,23,33,5,8,6,15,,11,33,11,11,18,10,7,11,5,10,10,16,,,,6,5,,22,35,24,14,29,32,14,15,25,9,22,27,17,27,13,26,35,21,11,60,20,27,31,23,31,19,9,12,10,10,9,32,79,4,19,11,11,2,6,29,95,9,23,31,78,21
20180102,22,NO2,14,74,63,80,69,64,78,17,13,42,70,86,67,60,26,58,27,44,52,54,63,91,23,32,66,22,62,63,29,18,20,19,50,97,65,85,86,74,47,93,19,93,78,51,57,44,45,70,52,40,45,54,41,118,30,63,130,97,107,122,52,106,91,8,52,52,26,40,6,93,28,62,19,63,37,49,16,27,62,64,20,32,28,44,28,44,50,32,11,16,45,29,28,10,28,89,22,17,29,76,16,42,97,48,88,28,29,15,28,64,78,16,40,49,44,42,17,13,26,22,79,87,26,57,64,36,33,35,63,40,69,35,32,21,62,18,67,14,22,66,86,67,78,33,46,33,18,88,81,45,62,90,12,19,17,25,35,33,42,25,33,34,18,21,6,14,13,7,24,19,85,59,26,27,32,45,68,89,26,67,13,85,87,70,,34,54,35,71,69,48,76,43,28,58,20,18,18,20,13,4,18,25,27,40,62,45,41,17,32,21,12,8,11,28,12,16,30,3,38,32,27,28,92,77,42,36,23,71,34,48,46,72,76,24,51,44,73,43,23,55,66,49,70,34,71,22,44,63,44,41,36,39,47,36,42,54,61,45,84,56,35,29,59,20,29,26,33,46,38,14,23,20,85,47,65,56,68,37,76,40,62,48,26,51,34,78,82,50,50,47,31,24,22,11,22,27,26,19,28,12,27,,14,33,29,32,48,10,15,16,18,36,32,13,,,,10,38,,24,47,23,43,15,37,15,11,26,20,18,26,36,41,22,42,48,12,27,14,2,32,13,22,18,61,16,40,14,55,44,51,88,21,27,55,73,33,9,54,50,61,38,55,22,19
20180102,22,NO2_24h,37,55,58,65,38,64,65,13,31,51,48,58,62,63,28,32,27,31,52,50,67,63,40,40,62,48,64,62,60,31,27,22,36,77,64,69,56,65,45,68,23,58,43,30,61,36,29,54,66,49,73,71,52,85,34,58,92,63,69,66,44,81,70,8,54,66,30,29,12,99,39,43,28,58,53,52,20,26,41,38,20,71,64,47,51,39,68,49,37,48,80,66,61,25,25,60,27,19,25,49,20,32,69,35,59,21,67,14,56,75,82,23,32,39,35,35,20,15,20,33,59,57,45,82,62,64,71,67,60,55,58,44,29,29,44,21,45,15,45,61,75,67,50,43,42,30,16,94,67,51,65,91,10,23,26,16,23,57,59,40,53,62,46,35,22,31,41,17,38,26,51,63,60,46,64,49,58,53,35,49,21,53,54,53,,24,70,59,52,73,50,66,73,54,53,20,12,14,15,14,5,15,18,14,29,35,21,33,28,23,20,13,19,13,31,16,22,30,7,55,16,51,48,58,67,59,24,72,49,47,44,53,59,57,20,26,23,42,39,22,38,51,51,47,40,52,35,41,73,76,64,72,70,63,67,65,63,57,67,77,57,50,43,61,26,42,29,35,46,40,14,29,20,45,38,49,39,47,38,45,33,31,34,50,46,33,53,69,37,48,49,38,29,14,15,24,27,24,20,22,11,26,,28,35,17,35,16,10,12,19,20,39,27,18,,,,9,18,,51,57,33,51,13,41,22,19,25,22,28,20,46,25,34,44,33,18,22,31,24,26,25,21,31,52,26,40,12,36,32,30,57,13,29,46,62,14,11,69,35,45,40,34,26,17
20180102,22,O3,58,10,10,11,12,8,8,53,59,27,4,7,7,10,51,13,42,21,30,45,17,9,67,47,29,49,13,12,49,59,61,71,38,7,23,8,45,26,27,4,66,4,3,7,6,38,41,18,14,28,28,14,22,13,92,68,6,34,36,8,59,14,40,84,8,46,13,32,93,5,62,19,54,15,35,21,48,41,7,11,72,36,28,23,34,24,16,45,65,52,26,36,40,62,39,8,83,128,94,13,101,102,6,67,31,31,36,47,68,13,6,45,23,20,12,27,48,56,31,47,3,9,43,21,7,20,46,38,33,40,16,33,45,52,17,102,22,67,60,19,9,6,47,43,38,17,42,3,6,43,13,2,47,54,48,32,36,41,19,35,46,29,49,55,65,48,47,63,52,54,10,21,61,55,57,22,13,3,22,12,56,24,49,2,,31,21,24,32,23,12,8,59,27,11,53,45,45,45,57,65,20,47,39,16,21,10,18,46,23,51,73,53,63,37,48,53,28,76,28,48,51,33,16,20,55,18,57,15,70,19,26,31,29,65,32,30,9,12,11,7,19,19,14,32,15,43,25,16,47,19,26,27,50,26,18,13,53,27,20,10,23,41,16,39,42,32,35,29,43,33,40,25,30,70,46,61,25,29,10,4,20,11,63,7,46,33,23,10,43,52,32,54,32,88,57,22,11,26,34,35,10,,37,34,52,29,16,34,37,17,43,14,13,66,,,,55,41,,69,21,73,33,54,41,63,61,59,62,62,48,30,34,79,38,58,57,46,100,84,47,37,45,61,12,55,44,46,27,28,30,7,72,49,26,4,28,48,34,11,30,87,11,40,47
20180102,22,O3_24h,59,58,30,46,59,52,33,77,69,49,45,34,36,33,69,60,60,55,67,78,46,65,67,85,67,56,53,42,50,62,61,86,74,46,68,60,76,73,78,69,87,75,73,107,82,80,97,69,39,83,41,38,41,95,136,115,95,130,130,143,130,94,115,89,15,98,26,56,96,10,70,72,68,33,48,57,61,60,63,67,96,60,84,43,44,47,41,86,68,54,50,82,87,68,53,97,140,167,174,120,130,151,87,157,122,51,38,59,89,16,20,56,66,62,58,62,59,70,66,57,75,89,44,36,37,40,47,42,57,53,57,56,57,69,73,143,60,92,70,54,21,25,126,81,51,42,70,15,52,70,35,5,65,76,72,63,70,48,39,66,85,63,50,123,65,49,57,86,57,61,65,48,61,57,60,52,62,61,54,82,73,77,91,103,,58,31,53,131,66,43,47,64,27,22,78,63,57,65,77,70,61,88,83,52,60,58,66,69,61,78,83,56,74,62,55,71,59,77,68,76,57,67,80,65,81,59,57,46,72,86,56,98,74,98,105,106,109,75,41,48,60,96,66,69,54,69,62,38,58,33,34,31,54,28,32,32,55,57,39,34,62,55,36,39,48,57,56,69,82,52,52,50,133,155,148,151,140,53,119,38,127,80,66,35,86,87,63,24,57,64,35,100,105,94,92,58,37,66,39,39,27,,39,97,95,41,61,52,56,35,61,14,35,107,,,,128,78,,69,43,76,45,76,53,82,76,82,83,79,69,75,83,88,82,88,74,82,113,86,82,45,69,76,43,64,58,51,61,74,77,52,120,59,48,28,49,60,37,63,102,175,63,69,58
20180102,22,O3_8h,49,14,17,18,36,18,16,66,61,24,27,18,20,16,54,31,48,31,36,48,15,22,57,58,45,38,17,15,22,56,57,74,64,13,43,23,26,26,27,20,65,27,34,44,16,51,67,46,26,36,33,21,30,49,90,76,49,88,94,80,79,47,69,80,7,72,14,43,92,7,55,47,57,22,41,28,49,48,32,35,78,37,52,31,38,36,31,63,62,45,20,50,47,63,46,46,115,148,133,58,120,125,40,116,81,42,34,51,78,7,12,50,38,36,32,34,48,56,47,40,10,21,22,19,21,32,39,33,42,34,27,31,45,49,38,125,34,79,58,31,12,14,89,63,41,19,55,6,22,56,19,3,53,65,48,40,46,43,33,38,48,45,44,47,63,41,39,65,53,57,26,20,29,39,37,22,19,16,21,26,50,34,59,23,,42,17,23,79,40,28,30,37,11,14,54,55,49,55,65,63,43,51,48,30,40,35,42,56,36,55,77,51,64,40,48,51,41,73,46,63,43,30,35,18,58,29,33,20,60,36,29,36,39,75,76,65,66,29,22,23,34,54,36,45,33,52,40,26,51,23,29,26,45,20,16,16,43,37,21,24,38,30,25,20,36,36,46,49,63,36,41,34,78,114,102,107,86,45,61,12,78,49,61,17,67,45,37,13,42,53,16,75,65,88,75,31,23,32,31,34,11,,28,49,66,29,44,37,45,23,45,9,23,82,,,,71,67,,54,24,71,31,65,42,72,65,75,74,64,52,53,60,82,54,74,64,66,105,83,65,40,53,61,29,51,49,47,48,62,58,29,83,53,34,20,40,49,24,28,72,117,33,42,51
20180102,22,O3_8h_24h,51,29,20,30,49,23,25,72,63,34,37,26,28,22,64,51,57,45,52,68,37,59,61,72,55,38,41,27,38,56,57,79,67,36,55,36,70,51,71,45,80,68,64,98,71,78,82,59,26,70,34,25,31,72,123,94,73,111,116,120,107,65,83,82,11,79,24,47,92,8,65,63,63,28,41,40,58,55,54,53,87,41,58,33,39,43,33,71,62,45,32,51,58,63,50,70,125,154,147,92,122,136,69,136,105,47,34,56,82,8,16,52,54,51,50,53,54,63,58,46,71,74,28,21,26,34,39,39,48,34,27,44,47,51,60,131,45,88,58,35,15,16,100,72,45,39,62,8,33,57,20,4,56,68,52,61,64,44,34,50,67,48,44,58,63,41,55,79,54,57,58,41,44,56,50,37,58,47,49,73,64,56,75,103,,55,24,30,108,47,33,39,37,11,15,67,59,54,61,71,65,52,86,64,45,52,53,59,62,52,68,79,51,73,53,49,65,55,73,54,74,46,53,59,53,66,46,33,40,60,80,51,75,67,96,92,101,95,48,30,42,47,75,50,52,42,54,52,31,51,25,29,26,49,20,27,19,43,39,27,27,42,35,28,20,38,40,52,52,68,47,44,40,109,134,126,130,118,47,81,36,94,64,61,19,70,50,41,17,48,54,22,83,77,88,82,41,29,45,38,34,23,,30,74,89,34,48,46,51,24,55,9,27,95,,,,104,73,,54,34,71,42,76,46,74,67,78,77,67,61,59,69,83,72,82,66,75,105,83,70,41,63,64,33,52,52,47,57,67,66,43,108,56,38,22,43,52,24,50,83,142,53,60,55
20180102,22,CO,0.325,1.924,1.613,3.55,1.925,1.65,2.033,0.62,0.42,0.733,1.267,1.733,1.85,1.25,0.788,1.4,0.73,0.97,1.16,0.76,0.789,0.85,0.6,0.88,1.917,0.767,1.1,1.178,0.675,0.95,0.76,0.78,1.675,1.364,0.7,1.4,1.217,1.134,0.6,1.6,0.933,1.433,1.033,1.433,1.11,0.85,0.575,1.533,1.188,0.744,1.378,2.178,1.29,1.736,0.845,0.725,1.688,1.55,1.675,1.56,1.32,1.65,1.771,0.7,1.153,0.913,1,0.757,0.55,3.183,0.72,1.925,0.457,2.029,1.029,0.917,0.833,0.75,1.225,1.433,0.475,0.833,0.9,1.267,0.8,0.7,1.567,1.08,0.42,0.64,1.2,1.267,0.6,0.4,0.55,2.24,0.783,0.833,1.075,1.467,0.767,1.367,2.2,1.467,1.333,1.067,1.567,0.883,1.04,2.167,2.117,0.875,1.271,1.433,1.317,1.2,0.857,0.56,0.76,0.62,1.475,1.46,1.057,1.671,2.28,1.267,1.575,1.2,2.075,1.24,2.367,1.45,1.22,1.225,1.525,1.1,2.733,0.7,0.625,1.867,6.4,1.3,1.45,0.775,1.283,1.175,0.7,2.875,2.875,1.6,1.975,2.733,0.733,0.4,0.475,0.78,1.133,1.2,0.95,0.9,0.75,0.75,0.45,0.6,1,0.9,0.6,0.55,0.7,0.9,1.033,0.9,0.7,0.6,0.6,0.95,1.467,1.7,1.45,1.2,0.467,1.4,1.3,0.85,,0.7,1.9,1.25,0.9,2.067,1.4,2.3,1.92,1.1,2.333,0.5,0.533,0.7,0.533,0.5,0.433,0.4,0.867,0.6,0.925,1.533,1.95,1.15,1,1.35,0.8,0.8,0.325,0.55,0.775,0.5,0.44,0.8,0.667,1.2,0.9,0.65,0.817,1.933,1.367,1.025,1,0.667,2.167,0.9,1,1.5,1.167,1.233,0.58,1.2,0.925,1.15,1.467,0.94,1.98,1.38,0.62,3.18,1,1.54,0.94,1.133,2.067,1.325,1.4,1.633,1.025,1.92,1.075,1.267,1.3,2.1,1.8,2.04,2.55,1.5,1.35,2.133,1.1,0.967,1.56,1.7,1.64,1.02,0.9,1.36,0.333,2.425,1.333,1.4,1.225,1.667,1.7,2.65,1.55,2.1,1.4,0.925,1.133,1.025,1.1,0.975,1.66,0.94,1.575,0.775,0.78,0.967,0.6,0.82,0.96,0.875,1.35,1.25,1.25,1.05,,0.65,1,1.067,1.1,0.85,0.633,0.85,0.75,0.9,0.95,1.2,0.45,,,,0.767,1.2,,0.9,1.375,1.133,1.65,0.75,0.933,1.25,0.25,0.3,0.8,0.767,0.75,0.7,1.75,0.7,1.8,1.2,1.1,2.7,0.7,0.6,2.2,0.2,0.533,0.467,2.55,1.25,1.1,0.8,0.9,1.35,2.9,3.467,0.8,0.75,1.25,2.3,1.7,0.5,1.875,2.575,1.833,1.1,1.7,1.225,1.275
20180102,22,CO_24h,0.992,1.453,1.8,3.383,0.875,1.8,1.95,0.64,1.08,1.533,0.767,1.6,1.95,1.5,0.938,0.764,0.81,0.84,1.37,0.82,0.867,0.725,0.66,0.96,1.317,0.933,1.125,1.189,0.8,1.1,0.82,0.76,0.9,1.255,1,1.033,1.203,1.211,0.733,1.3,0.967,1,1.133,1.1,1.39,0.883,0.65,1.056,2.05,1.011,2.111,1.578,1.11,1.345,1.009,0.85,1.313,1.1,1.175,1.26,1.34,1.45,1.588,0.7,1.294,1.375,1.089,0.9,0.667,3.123,0.84,1.325,0.757,2.171,1.029,0.917,0.917,0.825,1.025,1.1,0.625,1.7,1.875,1.433,1.75,1,2.717,1.18,1.42,1.86,2.2,2.767,1.733,0.667,0.825,1.66,0.983,1,1.05,1.2,0.9,1.167,1.533,1.233,1.233,0.933,2.633,0.867,2.62,3.133,2.417,1.225,1.486,1.033,1.333,1.24,0.929,0.62,0.72,0.86,1.35,1.2,1.129,2.643,2.52,2.033,2.5,2,2.05,1.76,1.967,1.217,1.12,1.625,1.2,1.175,1.683,0.7,1.025,1.767,6.22,1.125,1.35,0.975,1.267,1.05,0.75,2.975,2.425,2.325,1.988,2.7,0.6,0.65,0.825,0.7,1.333,2.2,1.8,1.4,1.1,1.7,1.75,1.5,1.6,2.3,1.65,0.85,1.35,1.75,1.4,0.8,0.8,0.6,0.65,0.9,0.8,1.2,1.45,0.75,0.6,1.2,1.3,0.9,,0.65,1.975,2.025,1.033,4.583,1.62,1.85,3.44,2.7,2.467,0.633,0.467,0.55,0.467,0.4,0.4,0.5,0.733,0.46,0.45,0.633,0.95,1.15,1.35,1.25,0.7,0.867,0.675,0.65,1.15,0.533,0.66,1.1,0.7,2.2,0.55,1.05,1.3,1.167,1.617,1.175,0.9,1.067,1.467,1.067,1.375,1.95,1.4,1.1,0.64,0.867,0.8,1,1.167,0.86,1.72,1.16,0.78,2.16,1.05,1.36,1.1,1.3,2.7,1.9,2.325,2.467,1.95,2.12,2.3,1.867,1.25,1.725,1.367,1.64,1.9,1,1.4,1.867,1.35,1.267,1.54,1.56,1.68,0.98,1.04,1.6,0.367,1.625,1.267,1.6,1.175,1.4,1.7,1.5,1.4,1.6,1.3,1.15,1.2,1.05,1.02,1.025,1.383,1.9,1.425,1.25,0.88,0.633,0.45,0.8,1.02,0.825,1.3,1.25,1.15,1,,0.85,1.1,0.967,1.3,0.75,0.667,0.8,1,0.8,1.55,1.05,0.6,,,,1.167,0.6,,1.925,1.425,1.467,1.1,0.65,1.233,1.4,0.65,0.5,0.8,1,0.5,1,1.55,1.3,1.7,0.9,1.3,0.8,1.2,1,1.2,0.567,0.7,0.867,2.75,2,1.5,0.75,1.2,1.7,2.4,2.033,0.5,0.55,1.45,2.4,1.3,0.55,2.1,1.525,1.3,1.2,1.1,1.625,1.175
20180102,23,AQI,31,75,110,128,94,116,132,40,31,41,92,120,138,89,29,98,49,62,88,39,80,52,30,63,250,59,59,64,86,50,61,58,260,121,51,114,109,89,52,105,33,117,103,74,110,75,47,106,72,59,113,288,54,137,64,64,149,124,150,131,85,143,92,56,94,81,21,42,59,296,86,111,55,147,38,66,49,57,100,103,47,70,68,64,59,49,57,130,32,53,97,67,66,37,39,179,59,87,91,88,64,171,135,83,171,26,81,32,124,188,168,27,76,114,67,68,46,29,51,36,136,94,130,126,127,78,109,120,224,137,261,116,154,77,177,69,209,39,77,204,124,174,141,78,143,27,27,266,241,59,282,280,98,86,69,36,53,44,71,52,66,56,33,36,33,65,27,34,31,29,61,59,43,44,46,100,89,83,96,87,41,138,103,88,,61,234,107,70,215,80,126,179,65,138,99,38,32,41,33,32,31,64,53,85,207,85,61,51,61,46,39,38,51,78,64,48,67,38,59,49,63,97,247,141,178,117,82,284,77,130,144,164,142,51,48,42,68,66,71,153,117,81,167,143,144,89,86,93,82,87,106,130,178,86,132,111,250,222,236,242,218,114,222,71,98,76,59,117,117,32,26,41,98,91,97,128,116,108,205,113,229,93,73,125,106,181,163,141,110,195,57,80,54,67,36,50,18,19,24,33,23,,23,79,62,32,54,37,30,34,22,45,53,46,,,,48,50,,98,72,147,227,71,77,105,76,83,91,65,92,60,86,92,96,110,84,94,55,43,58,36,56,76,156,33,115,32,181,489,220,287,56,57,121,172,401,29,200,111,89,69,175,40,44
20180102,23,PM2.5,6,54,82,97,67,87,100,19,13,18,68,90,105,46,8,73,22,43,65,27,58,29,16,32,198,31,41,41,63,35,27,34,209,91,21,85,69,66,28,71,21,88,76,41,82,30,22,79,52,30,84,237,37,104,43,45,114,93,115,99,62,109,68,37,70,59,13,21,10,245,45,77,21,112,25,47,14,18,75,76,17,50,39,33,36,25,39,98,13,24,72,48,47,10,18,135,22,42,67,52,24,129,102,61,129,9,43,16,93,141,127,14,39,85,44,28,25,20,30,25,103,70,98,95,96,54,81,90,173,104,210,87,117,56,133,49,158,18,51,153,78,131,107,46,109,14,16,215,190,35,231,229,21,22,19,25,23,28,45,22,42,35,19,16,13,11,9,15,11,5,31,35,30,22,29,75,66,61,71,64,25,105,49,65,,31,183,53,36,164,58,95,135,22,105,25,20,22,19,9,8,11,45,14,62,156,62,42,34,39,20,22,26,27,57,45,33,48,9,30,34,40,72,196,107,134,88,60,233,51,98,110,124,108,21,33,29,40,41,51,116,88,59,126,109,110,66,63,69,60,64,58,79,134,47,100,83,199,171,185,191,167,68,171,51,73,55,41,88,88,15,15,19,73,67,72,97,87,80,154,84,178,69,31,94,79,136,123,107,82,146,39,50,37,48,14,35,12,12,15,10,16,,16,46,31,22,37,25,17,13,10,31,36,11,,,,33,33,,73,24,112,176,34,56,27,19,39,34,25,60,42,54,68,56,82,58,59,20,2,36,8,19,24,118,20,86,22,65,156,169,236,39,33,91,130,82,16,150,83,66,48,132,12,17
20180102,23,PM2.5_24h,27,39,84,68,34,101,62,16,30,36,49,68,100,68,12,30,21,32,115,28,62,35,32,38,139,48,38,44,63,45,37,33,69,89,43,73,68,76,41,74,23,74,71,44,117,36,32,54,133,44,130,130,84,92,63,68,97,84,92,91,74,116,83,36,70,96,17,18,13,235,37,68,29,112,83,78,18,22,52,34,31,194,133,53,85,39,129,112,56,139,179,189,106,32,38,107,45,64,70,51,43,98,87,62,102,11,167,16,137,166,117,32,32,56,38,43,26,24,31,39,105,76,89,146,112,122,135,169,178,174,154,73,73,85,121,68,129,23,81,145,70,87,99,76,104,21,16,239,133,41,157,222,27,28,29,27,39,125,148,44,94,88,81,61,28,98,54,28,35,48,36,31,38,29,33,64,47,49,58,53,32,93,49,72,,27,185,192,52,178,78,82,190,110,113,23,16,16,15,11,7,15,34,16,45,41,29,40,56,31,23,21,56,33,83,39,51,87,12,86,12,81,134,116,132,173,52,77,172,84,137,194,153,101,30,39,34,42,57,45,103,91,70,86,102,102,86,64,85,85,127,130,195,174,180,179,77,120,82,166,124,74,71,129,100,90,88,51,77,92,42,55,54,67,67,81,89,71,98,103,77,126,77,33,92,74,95,102,95,148,123,80,53,16,37,12,42,23,29,23,15,36,,27,44,20,30,17,17,13,16,11,45,25,16,,,,38,22,,127,37,95,100,44,66,43,48,46,37,49,46,56,46,66,57,53,53,39,40,25,27,29,24,54,89,31,91,25,86,134,76,128,21,22,119,144,73,11,207,56,60,73,44,38,20
20180102,23,PM10,30,83,137,149,135,141,158,39,26,40,99,139,166,125,28,115,48,72,87,30,84,51,24,74,384,66,64,76,73,45,69,63,287,163,50,162,166,102,51,158,28,156,137,96,,97,46,135,92,65,119,,,168,75,71,211,132,182,133,101,176,111,60,114,99,20,41,65,339,120,169,57,108,37,80,48,61,108,83,46,75,84,75,66,48,61,193,24,53,124,70,77,36,38,182,56,57,118,123,56,152,189,105,149,25,109,31,150,226,190,26,99,118,82,84,45,26,50,35,117,111,103,161,142,104,146,172,230,150,307,110,130,90,178,63,251,33,102,206,196,197,162,103,166,26,23,283,282,66,310,360,143,120,85,33,53,43,89,51,80,60,32,35,27,77,26,30,30,25,70,65,42,43,45,83,77,79,60,99,40,211,153,115,,70,312,161,88,243,94,153,227,77,166,146,37,29,40,18,15,30,69,53,97,205,80,69,50,69,45,28,31,50,67,49,43,71,14,66,44,74,107,299,141,171,135,75,322,102,135,181,152,136,50,46,40,84,80,86,202,162,96,274,157,182,93,120,117,101,82,160,208,242,119,190,124,269,203,199,263,235,176,226,56,101,70,65,145,136,31,25,40,123,92,114,165,152,112,238,132,251,108,93,151,120,249,239,158,107,270,62,108,51,65,30,48,14,18,23,32,20,,10,106,71,21,44,36,29,33,10,,51,45,,,,25,49,,131,92,152,214,89,102,158,100,114,129,78,131,56,120,90,140,166,115,136,40,26,64,35,59,99,161,32,155,31,309,588,302,264,41,62,100,177,500,28,256,125,103,86,145,39,43
20180102,23,PM10_24h,49,59,142,129,66,166,103,29,68,68,76,101,161,164,38,54,41,62,140,40,114,63,54,73,237,104,81,76,103,75,81,60,94,145,76,127,121,124,68,132,37,106,118,82,143,82,64,91,240,102,210,170,114,121,103,90,159,110,134,113,109,152,126,63,111,189,26,35,57,382,125,168,70,139,137,138,61,67,80,59,63,285,223,93,130,67,204,221,94,232,300,274,184,61,80,139,81,72,112,94,84,113,142,102,122,27,289,41,233,275,190,56,60,89,77,64,56,29,58,48,120,115,125,242,170,196,229,278,227,229,240,102,93,131,154,80,179,41,147,216,166,146,144,156,158,32,31,374,247,116,283,417,120,103,78,41,88,180,255,102,185,142,141,119,50,137,122,61,73,92,79,69,65,66,65,96,85,69,75,84,57,192,164,113,,43,303,320,94,287,166,160,323,189,198,76,33,26,40,21,15,31,74,42,76,76,45,64,77,62,45,45,66,52,95,49,65,129,20,176,24,127,188,177,180,233,93,109,233,131,202,287,213,161,60,59,54,73,92,75,166,163,114,153,158,169,124,121,158,159,173,256,330,284,288,285,135,168,140,202,224,138,117,198,133,134,115,102,132,142,64,107,100,101,87,122,143,109,121,155,124,189,111,106,147,112,166,216,144,197,237,127,122,28,68,24,63,32,59,35,36,46,,52,104,40,53,31,26,25,30,25,62,63,51,,,,71,40,,196,110,148,156,104,148,133,117,131,126,138,134,127,96,139,148,128,103,89,71,50,59,77,77,139,134,43,124,34,346,474,199,153,38,37,140,198,378,22,285,87,92,116,76,69,40
20180102,23,SO2,2,23,32,62,68,32,54,33,7,3,50,32,40,50,17,52,21,52,54,10,10,11,11,13,50,8,9,14,4,8,9,12,19,20,11,20,12,16,9,10,6,26,13,5,5,8,5,17,39,13,22,5,7,18,8,19,35,8,20,17,12,22,15,6,12,9,15,25,4,34,23,31,39,17,8,13,9,25,36,49,7,19,15,28,12,49,32,14,12,14,25,16,9,8,15,19,10,6,13,8,9,19,19,29,15,8,11,18,22,92,34,28,36,31,36,72,16,18,11,12,13,31,8,23,37,21,26,22,41,10,15,5,4,4,34,8,42,1,7,22,135,16,24,7,6,11,12,43,57,32,21,29,5,5,30,3,4,23,20,16,14,16,9,11,9,16,10,8,7,9,8,5,13,6,11,8,8,15,8,13,5,9,14,7,,44,13,13,17,50,69,44,52,49,86,7,16,6,21,19,6,29,24,14,35,19,15,25,29,18,11,11,3,11,24,15,12,15,8,13,27,11,15,28,12,6,7,6,13,11,3,19,12,11,7,10,22,17,10,8,38,67,21,29,40,50,7,44,27,22,22,20,12,20,12,14,7,21,4,21,6,8,2,13,5,12,10,6,24,14,2,8,2,18,8,13,38,90,38,26,7,22,6,19,8,19,26,19,12,11,4,5,8,14,12,15,24,27,5,7,6,14,,9,20,11,8,12,8,6,12,3,7,11,12,,,,4,18,,14,26,11,13,48,21,11,14,20,8,10,20,6,41,5,36,61,12,10,21,1,27,6,17,11,26,4,15,9,22,11,62,71,4,9,10,17,2,5,25,76,5,21,33,37,18
20180102,23,SO2_24h,7,24,27,71,38,31,31,16,16,18,29,18,35,61,18,27,22,48,50,10,15,12,17,21,38,14,12,17,15,11,9,12,15,14,13,18,12,30,12,12,6,21,13,8,14,8,8,14,55,14,35,13,12,18,10,15,23,8,17,13,12,30,16,5,15,14,16,19,6,50,20,26,52,13,15,17,12,21,41,46,8,35,35,24,20,22,46,27,20,29,34,38,19,9,17,25,14,10,15,7,10,15,17,22,15,10,18,20,47,199,84,34,35,27,35,77,21,29,10,16,16,21,15,38,38,29,35,32,46,14,20,10,9,7,26,10,49,1,7,27,150,20,19,5,7,10,13,51,60,63,24,41,7,6,59,4,5,34,28,22,19,22,17,22,10,13,17,16,8,10,11,11,21,11,15,12,15,17,13,15,11,11,15,10,,30,15,17,16,109,83,58,110,98,134,10,12,5,12,22,7,27,20,16,25,32,17,33,41,14,15,14,8,12,31,12,18,22,11,37,22,21,23,20,22,15,16,16,16,10,8,22,25,17,7,13,9,16,10,9,42,65,50,34,41,65,27,48,36,32,29,44,21,23,14,20,12,22,11,24,12,18,4,16,6,31,27,9,31,19,6,11,3,13,13,23,28,41,35,17,11,30,8,30,9,20,15,17,14,15,14,6,10,12,11,16,23,34,5,8,6,15,,11,32,11,11,18,10,7,11,4,9,11,16,,,,6,6,,21,34,23,14,30,31,14,15,25,9,21,26,17,28,12,26,37,21,11,59,17,26,29,24,31,19,8,12,10,11,8,32,77,4,19,11,12,2,6,29,93,9,23,31,74,22
20180102,23,NO2,13,68,64,80,70,61,77,21,12,31,70,100,67,54,24,60,25,41,49,50,47,77,19,27,65,17,47,62,24,11,24,17,73,91,69,85,82,73,47,84,19,87,76,48,53,59,36,63,49,33,47,56,48,115,28,90,126,91,110,125,46,105,87,7,54,48,25,46,4,91,28,45,19,66,38,51,13,41,61,70,22,37,31,46,26,41,51,30,12,16,40,27,28,8,31,86,24,17,31,70,16,46,101,63,93,25,30,10,26,67,76,17,43,47,42,37,16,11,29,21,75,79,22,51,63,37,32,37,63,42,69,38,41,24,52,17,62,12,19,69,83,61,55,28,42,29,12,85,76,51,71,82,7,25,19,22,45,37,40,26,41,27,19,22,6,14,12,5,12,19,86,29,21,22,22,44,52,85,25,62,11,76,77,69,,39,52,31,62,73,46,73,46,28,56,20,12,18,23,6,3,18,25,19,38,60,46,40,31,37,16,10,8,11,28,11,18,29,2,33,41,26,25,71,74,49,33,20,66,34,48,46,69,73,22,50,40,66,37,22,49,55,53,66,35,61,18,37,65,45,44,38,38,42,36,40,53,59,44,77,57,38,44,50,18,24,25,30,45,35,14,21,14,81,43,63,57,58,38,65,40,49,41,25,47,34,69,72,47,45,49,23,22,19,15,23,25,29,18,19,10,25,,12,38,19,26,40,7,15,16,20,45,27,11,,,,8,21,,19,45,23,43,14,34,11,9,32,20,14,31,18,45,21,31,44,9,36,14,2,23,8,26,17,74,16,42,13,45,50,40,84,18,20,56,73,20,7,46,47,65,44,55,10,17
20180102,23,NO2_24h,36,56,58,66,40,62,65,14,29,51,49,60,61,62,26,33,26,31,50,48,66,63,39,39,62,46,64,62,58,31,26,22,37,78,63,70,56,66,45,68,22,58,45,31,61,41,29,53,64,49,71,70,51,85,34,60,93,63,71,68,44,82,70,8,54,64,30,29,12,98,36,43,26,59,52,51,17,26,41,39,20,68,62,45,40,38,66,48,35,46,79,63,59,23,25,60,27,19,25,50,20,32,70,36,60,21,65,13,54,75,81,23,32,39,35,35,20,16,19,32,61,59,44,81,61,62,68,66,60,56,58,44,30,28,44,21,46,15,43,60,76,67,49,41,42,30,16,93,66,50,65,89,10,22,26,17,24,55,57,39,63,59,44,34,20,30,39,16,37,25,52,61,59,45,62,49,58,56,33,50,21,55,56,54,,24,68,58,55,73,49,66,71,53,53,19,11,15,15,13,5,15,18,14,29,36,23,33,27,23,20,12,19,13,31,15,24,29,7,53,17,49,47,59,69,58,25,68,50,46,44,53,61,58,20,28,25,43,40,21,39,51,50,47,40,53,34,40,71,72,61,70,69,62,66,64,62,57,65,77,56,48,43,59,25,41,29,34,47,40,14,28,19,45,38,48,39,47,38,45,33,32,34,49,45,33,54,69,38,48,49,37,28,14,15,24,27,24,20,22,11,26,,27,34,17,34,17,10,12,18,20,39,27,18,,,,9,18,,49,56,32,50,13,40,20,18,24,22,26,19,47,25,33,44,34,18,23,30,22,26,23,21,31,52,26,40,12,36,31,29,58,13,28,45,63,14,11,67,35,45,40,34,25,17
20180102,23,O3,58,12,9,10,8,9,10,45,59,43,3,6,7,12,53,11,43,23,31,49,31,12,73,53,24,56,28,16,51,65,51,74,23,6,18,6,45,24,24,3,64,4,5,5,6,18,46,19,14,35,24,10,12,11,93,43,3,27,21,5,61,10,43,80,7,47,13,24,94,5,55,31,52,13,30,15,56,23,6,10,63,30,23,20,35,27,17,40,64,49,30,39,35,64,32,6,75,125,86,9,89,86,5,35,18,38,34,51,60,7,6,45,21,19,11,28,48,59,27,45,3,14,53,26,6,19,49,34,27,29,14,28,35,40,24,97,20,71,64,16,9,5,56,47,39,21,51,3,7,33,9,2,50,46,47,37,24,37,20,33,31,40,47,54,64,49,48,67,59,53,7,43,64,62,66,23,27,3,25,11,59,29,50,3,,25,20,25,36,15,12,8,49,28,10,53,51,45,42,64,67,28,44,46,16,22,7,15,29,19,58,75,53,64,36,48,50,33,76,31,39,53,33,29,22,47,15,57,14,74,18,24,31,32,65,32,30,10,11,13,5,23,14,16,30,19,43,32,14,43,17,21,26,54,24,16,12,54,20,23,8,17,20,19,45,48,25,39,28,39,34,47,47,35,62,45,54,37,24,11,4,24,9,64,5,40,36,27,13,46,46,49,50,31,83,51,19,2,23,45,36,12,,44,29,55,39,23,35,35,17,40,5,14,70,,,,54,48,,75,24,73,31,54,44,64,63,51,60,65,38,57,24,79,54,61,55,33,101,84,55,37,40,57,4,58,43,46,34,22,37,6,68,51,16,4,31,50,33,10,22,69,9,57,47
20180102,23,O3_24h,60,58,31,46,59,52,33,77,69,49,45,34,36,33,69,60,60,55,67,78,46,65,73,85,65,57,53,43,52,65,61,86,74,46,68,54,76,73,78,69,87,75,73,106,77,77,97,69,39,83,41,38,41,94,136,115,95,130,130,143,130,94,115,89,15,98,26,56,96,10,70,72,68,33,48,57,68,60,63,67,96,60,84,43,45,47,41,86,68,55,42,82,87,68,53,97,140,167,174,120,130,151,87,157,122,51,38,59,89,16,20,56,66,62,58,62,59,71,66,57,74,80,53,38,37,40,49,41,57,54,57,56,57,67,73,143,60,92,71,54,18,24,126,81,51,42,70,15,52,70,35,5,65,76,68,63,70,48,39,62,81,63,50,124,65,49,57,86,59,61,65,48,64,62,66,52,62,51,54,76,74,66,89,103,,58,29,52,133,66,43,47,64,29,22,78,63,57,65,77,70,61,87,83,52,60,58,66,69,61,78,83,56,74,61,55,72,59,77,68,76,57,61,70,62,81,59,58,46,74,86,55,86,71,98,105,106,109,75,41,48,60,96,66,69,54,69,62,38,58,33,34,31,55,28,32,32,57,57,39,34,62,55,36,45,51,57,56,69,82,51,52,52,133,155,148,151,140,53,119,38,127,80,67,35,86,87,63,23,58,64,50,100,105,94,92,56,37,53,45,39,27,,44,97,95,41,61,52,56,35,59,14,35,107,,,,128,78,,76,43,76,45,76,55,82,76,82,83,71,69,66,83,88,82,88,74,82,113,86,82,45,69,76,43,65,58,51,61,74,77,52,120,59,48,28,49,60,37,63,102,175,63,69,58
20180102,23,O3_8h,50,11,16,14,28,13,14,63,61,23,22,14,16,14,53,25,46,27,33,47,14,18,59,57,40,42,15,13,26,56,56,73,59,11,37,18,22,25,25,13,64,20,25,33,13,39,60,41,23,34,31,19,28,39,88,70,37,76,81,63,71,36,59,80,7,67,13,40,92,6,54,42,56,20,40,24,57,44,26,28,74,36,44,30,40,34,28,58,63,46,21,45,41,63,43,35,109,143,123,49,115,118,31,100,69,40,35,50,75,7,10,49,33,30,26,30,47,55,42,38,7,16,28,20,17,29,40,34,40,35,27,29,42,50,34,120,30,77,60,27,11,12,81,59,40,19,53,5,17,52,17,3,52,61,47,38,42,42,30,36,36,42,44,48,64,43,40,66,54,56,20,20,32,43,39,18,16,12,18,20,52,30,54,18,,38,17,23,70,34,27,26,40,14,12,53,53,47,52,64,63,40,49,45,25,35,29,35,52,31,52,76,51,64,38,47,48,39,74,41,58,44,30,33,19,58,25,36,18,62,29,26,36,37,72,67,55,54,21,19,17,29,44,31,40,28,49,36,24,50,21,29,27,48,20,16,14,45,33,21,21,32,29,23,24,36,32,45,44,58,35,41,35,66,103,90,95,74,41,48,9,66,41,61,15,61,40,34,13,43,53,21,69,57,87,70,30,19,30,33,34,12,,32,41,61,31,41,36,42,21,43,8,21,78,,,,61,64,,59,22,71,31,62,42,70,64,71,71,63,50,51,53,81,52,71,62,60,104,84,62,39,50,60,26,52,48,46,45,56,54,22,78,52,29,16,38,49,26,22,63,104,27,41,50
20180102,23,O3_8h_24h,52,29,21,30,49,23,25,72,63,34,37,26,28,22,64,51,57,45,52,68,37,59,61,72,56,42,41,27,39,56,57,79,67,36,55,36,70,51,71,45,80,68,64,98,71,75,82,59,26,70,34,26,31,71,123,94,73,111,116,120,107,65,83,82,11,79,22,47,93,8,65,63,63,28,41,40,64,55,54,53,87,41,58,33,40,43,33,71,63,46,32,51,58,63,50,70,125,154,147,92,122,136,69,136,105,47,35,56,82,8,16,52,54,51,50,53,54,64,58,46,71,74,31,21,26,34,40,39,48,37,27,44,47,51,60,131,45,88,60,35,15,16,100,72,45,39,62,8,33,57,20,4,56,68,53,61,64,44,34,50,52,48,44,58,64,43,55,79,54,57,58,41,44,56,50,37,58,47,49,73,64,56,75,103,,55,24,30,109,47,33,39,40,14,15,67,59,54,61,71,65,52,86,64,45,52,53,59,62,52,68,79,51,73,53,49,65,55,74,54,74,47,53,59,53,66,46,36,40,62,80,51,75,67,96,92,101,95,48,30,42,47,75,50,52,42,54,52,31,51,25,29,27,50,20,27,19,45,39,27,27,42,35,28,24,38,40,52,52,68,47,44,40,109,134,126,130,118,47,81,36,94,64,61,19,70,50,41,17,49,55,26,83,77,88,82,41,29,45,38,34,23,,32,74,89,35,48,46,51,24,55,9,27,95,,,,104,73,,59,34,72,42,76,46,74,67,78,77,67,61,55,69,83,72,82,66,75,105,84,70,41,63,64,33,52,52,47,57,67,66,43,108,56,38,22,43,52,26,50,83,142,53,60,55
20180102,23,CO,0.3,1.606,1.625,2.983,2.16,1.625,2.383,0.7,0.42,0.633,1.533,2.033,1.875,1.1,0.8,1.491,0.71,0.88,1.089,0.74,0.733,0.725,0.58,0.78,1.757,0.7,1.057,1.178,0.6,0.9,0.76,0.74,2.525,1.264,0.775,1.5,1.142,1.134,0.5,1.6,0.933,1.533,1.033,1.133,1.09,1.02,0.5,1.367,1.138,0.678,1.4,2.289,1.33,1.75,0.827,0.75,1.738,1.35,1.55,1.66,1.24,1.575,1.671,0.675,1.141,0.888,0.97,0.8,0.55,3.092,0.72,1.6,0.514,2.129,1.086,1,0.7,0.875,0.975,2.167,0.525,0.833,0.85,1.233,0.75,0.667,1.5,0.96,0.46,0.62,1.133,1.233,0.567,0.4,0.575,2.24,0.833,0.867,1.025,1.333,0.733,1.367,2.033,1.433,1.567,1,1.567,0.833,1.04,2.5,2.067,0.925,1.6,1.4,1.317,1.12,0.857,0.5,0.8,0.64,1.35,1.24,0.857,1.9,2.5,1.333,1.55,1.275,2.175,1.325,2.4,1.817,1.5,1.35,1.35,1,2.183,0.7,0.65,1.85,6.5,1.225,1.325,0.75,1.167,1.1,0.6,2.9,2.675,2.05,2.338,2.775,0.7,0.65,0.525,0.82,1.2,1.25,0.95,0.95,0.6,0.6,0.5,0.6,1.05,0.85,0.55,0.55,0.7,0.8,1.033,0.8,0.6,0.5,0.5,0.95,1.1,1.6,1.55,1.1,0.467,1.7,1.2,0.85,,0.75,1.775,1.15,0.8,2.167,1.46,2.25,2.06,1.033,2.1,0.5,0.867,0.8,0.533,0.35,0.367,0.4,0.933,0.42,0.85,1.333,1.95,1.15,1.1,1.35,0.6,0.767,0.325,0.55,0.725,0.533,0.65,0.7,0.6,1.15,1,0.683,0.817,2.2,1.383,1.05,0.967,0.667,1.9,1.3,1,1.4,1.2,1.333,0.58,1.167,0.75,1.1,1.333,0.92,2,1.2,0.62,3.24,0.975,1.36,0.84,1.1,2.133,1.275,1.525,1.633,1.025,1.8,1.025,1.2,1.7,2.075,1.633,1.9,2.5,1.35,1.9,2,0.95,0.9,1.48,1.6,1.6,0.92,0.88,1.26,0.4,2.625,1.267,1.367,1.225,1.633,1.85,2,1.567,2.15,1.4,0.925,1.133,1.025,1.08,0.85,1.62,0.92,1.575,0.675,0.78,0.867,0.6,0.76,0.94,1,1.3,1.2,1.25,1.1,,0.6,0.95,0.967,1,0.7,0.633,0.85,0.75,0.85,0.85,1.1,0.35,,,,0.667,0.7,,0.775,1.275,1.133,1.7,0.9,0.767,1.15,0.3,0.5,0.85,0.667,0.8,0.6,2.05,0.8,1.4,1.2,1,1,0.7,0.6,1.4,0.167,0.533,0.5,4.15,1.15,1.233,0.85,1.2,1.8,2.8,3.5,0.8,0.65,1.4,2.8,1.3,0.5,1.675,2.375,1.667,1.175,1.95,0.925,1.225
20180102,23,CO_24h,0.933,1.471,1.788,3.417,1,1.75,1.933,0.62,1.06,1.533,0.867,1.6,1.925,1.475,0.888,0.8,0.82,0.84,1.3,0.81,0.844,0.725,0.66,0.94,1.314,0.9,1.086,1.189,0.775,1.1,0.82,0.76,0.95,1.264,0.988,1.033,1.203,1.231,0.733,1.3,0.967,1,1.167,1.1,1.38,0.92,0.625,1.067,1.975,1.011,2.056,1.611,1.11,1.4,1.009,0.85,1.313,1.1,1.2,1.26,1.34,1.475,1.575,0.7,1.282,1.35,1.07,0.886,0.667,3.115,0.78,1.35,0.743,2.157,1.014,0.9,0.8,0.825,0.95,1.1,0.625,1.633,1.825,1.433,1.433,0.9,2.633,1.16,1.32,1.8,2.133,2.667,1.667,0.667,0.775,1.68,0.983,1,1.05,1.233,0.9,1.2,1.533,1.233,1.267,0.933,2.567,0.85,2.54,3.067,2.4,1.225,1.471,1.05,1.317,1.2,0.943,0.6,0.72,0.84,1.325,1.2,1.129,2.586,2.52,2.033,2.45,2,2.05,1.8,2,1.25,1.14,1.575,1.2,1.175,1.733,0.7,0.975,1.767,6.4,1.125,1.35,0.95,1.267,1.05,0.75,3,2.425,2.275,2,2.75,0.6,0.65,0.825,0.7,1.333,2.15,1.75,1.35,1.1,1.7,1.6,1.45,1.45,2.15,1.55,0.85,1.3,1.7,1.367,0.8,0.8,0.6,0.65,0.9,0.833,1.2,1.45,0.75,0.6,1.2,1.3,0.9,,0.65,2,2.025,0.95,4.517,1.58,1.85,3.36,2.6,2.467,0.6,0.467,0.55,0.467,0.35,0.367,0.5,0.767,0.46,0.475,0.7,1,1.15,1.35,1.25,0.7,0.833,0.65,0.65,1.175,0.533,0.625,1.067,0.7,2.2,0.55,0.983,1.25,1.233,1.617,1.175,0.9,1,1.467,1.033,1.325,1.9,1.4,1.1,0.64,0.9,0.8,1.025,1.167,0.84,1.72,1.18,0.74,2.22,1.075,1.38,1.1,1.267,2.633,1.85,2.275,2.4,1.9,2.12,2.225,1.9,1.275,1.75,1.367,1.62,1.9,1,1.425,1.867,1.3,1.267,1.54,1.56,1.68,1,1.04,1.58,0.333,1.6,1.267,1.6,1.15,1.4,1.7,1.55,1.4,1.6,1.3,1.15,1.167,1.05,1.02,1.025,1.383,1.82,1.425,1.25,0.88,0.633,0.45,0.8,1.02,0.825,1.3,1.25,1.15,1,,0.85,1.1,0.967,1.3,0.75,0.667,0.8,1,0.85,1.55,1.05,0.6,,,,1.167,0.6,,1.825,1.4,1.467,1.1,0.7,1.2,1.4,0.6,0.5,0.8,0.933,0.5,1.25,1.55,1.2,1.7,1,1.3,0.8,1.2,1,1.2,0.5,0.7,0.867,2.75,1.95,1.5,0.75,1.2,1.7,2.3,2.1,0.5,0.55,1.4,2.5,1.3,0.55,2.075,1.575,1.3,1.2,1.1,1.575,1.175
